# ZND solution.
# Columns are: spatial coordinate; u; lamda.
 -2.5074999999999999e+01   2.0020000000000286e+00   9.9999899999999997e-01
 -2.5050000000000001e+01   2.0020000000000286e+00   9.9999899999999997e-01
 -2.5024999999999999e+01   2.0020000000000286e+00   9.9999899999999997e-01
 -2.5000000000000000e+01   2.0020000000000286e+00   9.9999899999999997e-01
 -2.4974999999999998e+01   2.0020024028979417e+00   9.9999899759565858e-01
 -2.4949999999999999e+01   2.0020133638320203e+00   9.9999898659151998e-01
 -2.4925000000000001e+01   2.0020243850076458e+00   9.9999897546633520e-01
 -2.4899999999999999e+01   2.0020354667583806e+00   9.9999896421876888e-01
 -2.4875000000000000e+01   2.0020466094199580e+00   9.9999895284747053e-01
 -2.4849999999999998e+01   2.0020578133294791e+00   9.9999894135107525e-01
 -2.4824999999999999e+01   2.0020690788268842e+00   9.9999892972820204e-01
 -2.4800000000000001e+01   2.0020804062533890e+00   9.9999891797745522e-01
 -2.4774999999999999e+01   2.0020917959520936e+00   9.9999890609742370e-01
 -2.4750000000000000e+01   2.0021032482684635e+00   9.9999889408668030e-01
 -2.4724999999999998e+01   2.0021147635493231e+00   9.9999888194378261e-01
 -2.4699999999999999e+01   2.0021263421440740e+00   9.9999886966727158e-01
 -2.4675000000000001e+01   2.0021379844031739e+00   9.9999885725567295e-01
 -2.4649999999999999e+01   2.0021496906802767e+00   9.9999884470749478e-01
 -2.4625000000000000e+01   2.0021614613300880e+00   9.9999883202122963e-01
 -2.4599999999999998e+01   2.0021732967097678e+00   9.9999881919535283e-01
 -2.4574999999999999e+01   2.0021851971785520e+00   9.9999880622832271e-01
 -2.4550000000000001e+01   2.0021971630970894e+00   9.9999879311858120e-01
 -2.4524999999999999e+01   2.0022091948287999e+00   9.9999877986455210e-01
 -2.4500000000000000e+01   2.0022212927386973e+00   9.9999876646464225e-01
 -2.4474999999999998e+01   2.0022334571939320e+00   9.9999875291724072e-01
 -2.4449999999999999e+01   2.0022456885641184e+00   9.9999873922071825e-01
 -2.4425000000000001e+01   2.0022579872199828e+00   9.9999872537342860e-01
 -2.4399999999999999e+01   2.0022703535354696e+00   9.9999871137370600e-01
 -2.4375000000000000e+01   2.0022827878861844e+00   9.9999869721986667e-01
 -2.4349999999999998e+01   2.0022952906497213e+00   9.9999868291020833e-01
 -2.4324999999999999e+01   2.0023078622058832e+00   9.9999866844300966e-01
 -2.4300000000000001e+01   2.0023205029366040e+00   9.9999865381653030e-01
 -2.4274999999999999e+01   2.0023332132260658e+00   9.9999863902901043e-01
 -2.4250000000000000e+01   2.0023459934604291e+00   9.9999862407867091e-01
 -2.4224999999999998e+01   2.0023588440285125e+00   9.9999860896371229e-01
 -2.4199999999999999e+01   2.0023717653205759e+00   9.9999859368231603e-01
 -2.4175000000000001e+01   2.0023847577299367e+00   9.9999857823264238e-01
 -2.4149999999999999e+01   2.0023978216514733e+00   9.9999856261283193e-01
 -2.4125000000000000e+01   2.0024109574828475e+00   9.9999854682100398e-01
 -2.4099999999999998e+01   2.0024241656232151e+00   9.9999853085525781e-01
 -2.4074999999999999e+01   2.0024374464747949e+00   9.9999851471367063e-01
 -2.4050000000000001e+01   2.0024508004415824e+00   9.9999849839429888e-01
 -2.4024999999999999e+01   2.0024642279301736e+00   9.9999848189517704e-01
 -2.4000000000000000e+01   2.0024777293492142e+00   9.9999846521431801e-01
 -2.3974999999999998e+01   2.0024913051097601e+00   9.9999844834971252e-01
 -2.3949999999999999e+01   2.0025049556250902e+00   9.9999843129932908e-01
 -2.3925000000000001e+01   2.0025186813110523e+00   9.9999841406111334e-01
 -2.3899999999999999e+01   2.0025324825855222e+00   9.9999839663298851e-01
 -2.3875000000000000e+01   2.0025463598691817e+00   9.9999837901285415e-01
 -2.3849999999999998e+01   2.0025603135848873e+00   9.9999836119858676e-01
 -2.3824999999999999e+01   2.0025743441578294e+00   9.9999834318803926e-01
 -2.3800000000000001e+01   2.0025884520155164e+00   9.9999832497904084e-01
 -2.3774999999999999e+01   2.0026026375881827e+00   9.9999830656939614e-01
 -2.3750000000000000e+01   2.0026169013085022e+00   9.9999828795688539e-01
 -2.3724999999999998e+01   2.0026312436111420e+00   9.9999826913926471e-01
 -2.3699999999999999e+01   2.0026456649336706e+00   9.9999825011426469e-01
 -2.3675000000000001e+01   2.0026601657160166e+00   9.9999823087959083e-01
 -2.3649999999999999e+01   2.0026747464006887e+00   9.9999821143292300e-01
 -2.3625000000000000e+01   2.0026894074326584e+00   9.9999819177191529e-01
 -2.3599999999999998e+01   2.0027041492591633e+00   9.9999817189419604e-01
 -2.3574999999999999e+01   2.0027189723300811e+00   9.9999815179736706e-01
 -2.3550000000000001e+01   2.0027338770984611e+00   9.9999813147900263e-01
 -2.3524999999999999e+01   2.0027488640194915e+00   9.9999811093665059e-01
 -2.3500000000000000e+01   2.0027639335503920e+00   9.9999809016783225e-01
 -2.3474999999999998e+01   2.0027790861518979e+00   9.9999806917004008e-01
 -2.3449999999999999e+01   2.0027943222869169e+00   9.9999804794073921e-01
 -2.3425000000000001e+01   2.0028096424209676e+00   9.9999802647736658e-01
 -2.3399999999999999e+01   2.0028250470223607e+00   9.9999800477733036e-01
 -2.3375000000000000e+01   2.0028405365621444e+00   9.9999798283800978e-01
 -2.3349999999999998e+01   2.0028561115134220e+00   9.9999796065675572e-01
 -2.3324999999999999e+01   2.0028717723530907e+00   9.9999793823088801e-01
 -2.3300000000000001e+01   2.0028875195599047e+00   9.9999791555769779e-01
 -2.3274999999999999e+01   2.0029033536155083e+00   9.9999789263444583e-01
 -2.3250000000000000e+01   2.0029192750045182e+00   9.9999786945836200e-01
 -2.3224999999999998e+01   2.0029352842143755e+00   9.9999784602664521e-01
 -2.3199999999999999e+01   2.0029513817346731e+00   9.9999782233646406e-01
 -2.3175000000000001e+01   2.0029675680588239e+00   9.9999779838495406e-01
 -2.3149999999999999e+01   2.0029838436820246e+00   9.9999777416922031e-01
 -2.3125000000000000e+01   2.0030002091029848e+00   9.9999774968633459e-01
 -2.3099999999999998e+01   2.0030166648227281e+00   9.9999772493333683e-01
 -2.3074999999999999e+01   2.0030332113457701e+00   9.9999769990723297e-01
 -2.3050000000000001e+01   2.0030498491792943e+00   9.9999767460499589e-01
 -2.3024999999999999e+01   2.0030665788328550e+00   9.9999764902356547e-01
 -2.3000000000000000e+01   2.0030834008196043e+00   9.9999762315984642e-01
 -2.2975000000000001e+01   2.0031003156553240e+00   9.9999759701070934e-01
 -2.2949999999999999e+01   2.0031173238587026e+00   9.9999757057298999e-01
 -2.2925000000000001e+01   2.0031344259514547e+00   9.9999754384348871e-01
 -2.2899999999999999e+01   2.0031516224581565e+00   9.9999751681897031e-01
 -2.2875000000000000e+01   2.0031689139069226e+00   9.9999748949616263e-01
 -2.2850000000000001e+01   2.0031863008281792e+00   9.9999746187175809e-01
 -2.2824999999999999e+01   2.0032037837558971e+00   9.9999743394241136e-01
 -2.2800000000000001e+01   2.0032213632269964e+00   9.9999740570473994e-01
 -2.2774999999999999e+01   2.0032390397810347e+00   9.9999737715532422e-01
 -2.2750000000000000e+01   2.0032568139612059e+00   9.9999734829070552e-01
 -2.2725000000000001e+01   2.0032746863138078e+00   9.9999731910738654e-01
 -2.2699999999999999e+01   2.0032926573876590e+00   9.9999728960183187e-01
 -2.2675000000000001e+01   2.0033107277356113e+00   9.9999725977046516e-01
 -2.2649999999999999e+01   2.0033288979129429e+00   9.9999722960967130e-01
 -2.2625000000000000e+01   2.0033471684785868e+00   9.9999719911579399e-01
 -2.2600000000000001e+01   2.0033655399946015e+00   9.9999716828513618e-01
 -2.2574999999999999e+01   2.0033840130258551e+00   9.9999713711396021e-01
 -2.2550000000000001e+01   2.0034025881412814e+00   9.9999710559848520e-01
 -2.2524999999999999e+01   2.0034212659121722e+00   9.9999707373488955e-01
 -2.2500000000000000e+01   2.0034400469136240e+00   9.9999704151930802e-01
 -2.2475000000000001e+01   2.0034589317239417e+00   9.9999700894783228e-01
 -2.2449999999999999e+01   2.0034779209247624e+00   9.9999697601651028e-01
 -2.2425000000000001e+01   2.0034970151012383e+00   9.9999694272134543e-01
 -2.2399999999999999e+01   2.0035162148413881e+00   9.9999690905829730e-01
 -2.2375000000000000e+01   2.0035355207372247e+00   9.9999687502327916e-01
 -2.2350000000000001e+01   2.0035549333836613e+00   9.9999684061215943e-01
 -2.2324999999999999e+01   2.0035744533792492e+00   9.9999680582075989e-01
 -2.2300000000000001e+01   2.0035940813260238e+00   9.9999677064485548e-01
 -2.2274999999999999e+01   2.0036138178295388e+00   9.9999673508017373e-01
 -2.2250000000000000e+01   2.0036336634987753e+00   9.9999669912239442e-01
 -2.2225000000000001e+01   2.0036536189461089e+00   9.9999666276714916e-01
 -2.2199999999999999e+01   2.0036736847877026e+00   9.9999662601002015e-01
 -2.2175000000000001e+01   2.0036938616427973e+00   9.9999658884654097e-01
 -2.2149999999999999e+01   2.0037141501349414e+00   9.9999655127219378e-01
 -2.2125000000000000e+01   2.0037345508907358e+00   9.9999651328241113e-01
 -2.2100000000000001e+01   2.0037550645403934e+00   9.9999647487257437e-01
 -2.2074999999999999e+01   2.0037756917179221e+00   9.9999643603801280e-01
 -2.2050000000000001e+01   2.0037964330610110e+00   9.9999639677400332e-01
 -2.2024999999999999e+01   2.0038172892107982e+00   9.9999635707577028e-01
 -2.2000000000000000e+01   2.0038382608126839e+00   9.9999631693848345e-01
 -2.1975000000000001e+01   2.0038593485152201e+00   9.9999627635725952e-01
 -2.1949999999999999e+01   2.0038805529709172e+00   9.9999623532715998e-01
 -2.1925000000000001e+01   2.0039018748361692e+00   9.9999619384319072e-01
 -2.1899999999999999e+01   2.0039233147710691e+00   9.9999615190030178e-01
 -2.1875000000000000e+01   2.0039448734394467e+00   9.9999610949338669e-01
 -2.1850000000000001e+01   2.0039665515092424e+00   9.9999606661728113e-01
 -2.1824999999999999e+01   2.0039883496519733e+00   9.9999602326676340e-01
 -2.1800000000000001e+01   2.0040102685429919e+00   9.9999597943655327e-01
 -2.1774999999999999e+01   2.0040323088620582e+00   9.9999593512131024e-01
 -2.1750000000000000e+01   2.0040544712924184e+00   9.9999589031563474e-01
 -2.1725000000000001e+01   2.0040767565214854e+00   9.9999584501406613e-01
 -2.1699999999999999e+01   2.0040991652404672e+00   9.9999579921108284e-01
 -2.1675000000000001e+01   2.0041216981447034e+00   9.9999575290110099e-01
 -2.1649999999999999e+01   2.0041443559337218e+00   9.9999570607847366e-01
 -2.1625000000000000e+01   2.0041671393109155e+00   9.9999565873749086e-01
 -2.1600000000000001e+01   2.0041900489837583e+00   9.9999561087237843e-01
 -2.1574999999999999e+01   2.0042130856640625e+00   9.9999556247729682e-01
 -2.1550000000000001e+01   2.0042362500672821e+00   9.9999551354634186e-01
 -2.1524999999999999e+01   2.0042595429136596e+00   9.9999546407354167e-01
 -2.1500000000000000e+01   2.0042829649273108e+00   9.9999541405285786e-01
 -2.1475000000000001e+01   2.0043065168366265e+00   9.9999536347818396e-01
 -2.1449999999999999e+01   2.0043301993739884e+00   9.9999531234334538e-01
 -2.1425000000000001e+01   2.0043540132764637e+00   9.9999526064209709e-01
 -2.1399999999999999e+01   2.0043779592849487e+00   9.9999520836812483e-01
 -2.1375000000000000e+01   2.0044020381451575e+00   9.9999515551504214e-01
 -2.1350000000000001e+01   2.0044262506067145e+00   9.9999510207639164e-01
 -2.1324999999999999e+01   2.0044505974240727e+00   9.9999504804564221e-01
 -2.1300000000000001e+01   2.0044750793557093e+00   9.9999499341619003e-01
 -2.1274999999999999e+01   2.0044996971644835e+00   9.9999493818135698e-01
 -2.1250000000000000e+01   2.0045244516180705e+00   9.9999488233438893e-01
 -2.1225000000000001e+01   2.0045493434883608e+00   9.9999482586845623e-01
 -2.1199999999999999e+01   2.0045743735519381e+00   9.9999476877665183e-01
 -2.1175000000000001e+01   2.0045995425894310e+00   9.9999471105199200e-01
 -2.1149999999999999e+01   2.0046248513868017e+00   9.9999465268741250e-01
 -2.1125000000000000e+01   2.0046503007341059e+00   9.9999459367577059e-01
 -2.1100000000000001e+01   2.0046758914260967e+00   9.9999453400984284e-01
 -2.1074999999999999e+01   2.0047016242623288e+00   9.9999447368232397e-01
 -2.1050000000000001e+01   2.0047275000468394e+00   9.9999441268582678e-01
 -2.1024999999999999e+01   2.0047535195883892e+00   9.9999435101288070e-01
 -2.1000000000000000e+01   2.0047796837005594e+00   9.9999428865593065e-01
 -2.0975000000000001e+01   2.0048059932017450e+00   9.9999422560733620e-01
 -2.0949999999999999e+01   2.0048324489153311e+00   9.9999416185937018e-01
 -2.0925000000000001e+01   2.0048590516689457e+00   9.9999409740421963e-01
 -2.0899999999999999e+01   2.0048858022955498e+00   9.9999403223398220e-01
 -2.0875000000000000e+01   2.0049127016329980e+00   9.9999396634066628e-01
 -2.0850000000000001e+01   2.0049397505236990e+00   9.9999389971619090e-01
 -2.0824999999999999e+01   2.0049669498153584e+00   9.9999383235238293e-01
 -2.0800000000000001e+01   2.0049943003605351e+00   9.9999376424097719e-01
 -2.0774999999999999e+01   2.0050218030168283e+00   9.9999369537361504e-01
 -2.0750000000000000e+01   2.0050494586469241e+00   9.9999362574184325e-01
 -2.0725000000000001e+01   2.0050772681185043e+00   9.9999355533711320e-01
 -2.0699999999999999e+01   2.0051052323043721e+00   9.9999348415077960e-01
 -2.0675000000000001e+01   2.0051333520825265e+00   9.9999341217409921e-01
 -2.0649999999999999e+01   2.0051616283361455e+00   9.9999333939822987e-01
 -2.0625000000000000e+01   2.0051900619534373e+00   9.9999326581422987e-01
 -2.0600000000000001e+01   2.0052186538280869e+00   9.9999319141305565e-01
 -2.0574999999999999e+01   2.0052474048588809e+00   9.9999311618556175e-01
 -2.0550000000000001e+01   2.0052763159500588e+00   9.9999304012249879e-01
 -2.0524999999999999e+01   2.0053053880111413e+00   9.9999296321451281e-01
 -2.0500000000000000e+01   2.0053346219568491e+00   9.9999288545214438e-01
 -2.0475000000000001e+01   2.0053640187075539e+00   9.9999280682582625e-01
 -2.0449999999999999e+01   2.0053935791890143e+00   9.9999272732588296e-01
 -2.0425000000000001e+01   2.0054233043322784e+00   9.9999264694252987e-01
 -2.0399999999999999e+01   2.0054531950741956e+00   9.9999256566587069e-01
 -2.0375000000000000e+01   2.0054832523569384e+00   9.9999248348589753e-01
 -2.0350000000000001e+01   2.0055134771284187e+00   9.9999240039248860e-01
 -2.0324999999999999e+01   2.0055438703419273e+00   9.9999231637540797e-01
 -2.0300000000000001e+01   2.0055744329567760e+00   9.9999223142430260e-01
 -2.0274999999999999e+01   2.0056051659374892e+00   9.9999214552870330e-01
 -2.0250000000000000e+01   2.0056360702547114e+00   9.9999205867802099e-01
 -2.0225000000000001e+01   2.0056671468847078e+00   9.9999197086154679e-01
 -2.0199999999999999e+01   2.0056983968095832e+00   9.9999188206845013e-01
 -2.0175000000000001e+01   2.0057298210170948e+00   9.9999179228777801e-01
 -2.0149999999999999e+01   2.0057614205010910e+00   9.9999170150845240e-01
 -2.0125000000000000e+01   2.0057931962612736e+00   9.9999160971926959e-01
 -2.0100000000000001e+01   2.0058251493032340e+00   9.9999151690889876e-01
 -2.0074999999999999e+01   2.0058572806385584e+00   9.9999142306588029e-01
 -2.0050000000000001e+01   2.0058895912848138e+00   9.9999132817862446e-01
 -2.0024999999999999e+01   2.0059220822658625e+00   9.9999123223540909e-01
 -2.0000000000000000e+01   2.0059547546113481e+00   9.9999113522437966e-01
 -1.9975000000000001e+01   2.0059876093571529e+00   9.9999103713354653e-01
 -1.9949999999999999e+01   2.0060206475454692e+00   9.9999093795078331e-01
 -1.9925000000000001e+01   2.0060538702246804e+00   9.9999083766382568e-01
 -1.9899999999999999e+01   2.0060872784492410e+00   9.9999073626027035e-01
 -1.9875000000000000e+01   2.0061208732801714e+00   9.9999063372757202e-01
 -1.9850000000000001e+01   2.0061546557846697e+00   9.9999053005304306e-01
 -1.9824999999999999e+01   2.0061886270362628e+00   9.9999042522385151e-01
 -1.9800000000000001e+01   2.0062227881150645e+00   9.9999031922701875e-01
 -1.9774999999999999e+01   2.0062571401073717e+00   9.9999021204941918e-01
 -1.9750000000000000e+01   2.0062916841064418e+00   9.9999010367777619e-01
 -1.9725000000000001e+01   2.0063264212116545e+00   9.9998999409866318e-01
 -1.9699999999999999e+01   2.0063613525291668e+00   9.9998988329849992e-01
 -1.9675000000000001e+01   2.0063964791717050e+00   9.9998977126355149e-01
 -1.9649999999999999e+01   2.0064318022587400e+00   9.9998965797992612e-01
 -1.9625000000000000e+01   2.0064673229163774e+00   9.9998954343357382e-01
 -1.9600000000000001e+01   2.0065030422777586e+00   9.9998942761028342e-01
 -1.9574999999999999e+01   2.0065389614824904e+00   9.9998931049568263e-01
 -1.9550000000000001e+01   2.0065750816769712e+00   9.9998919207523529e-01
 -1.9524999999999999e+01   2.0066114040147967e+00   9.9998907233423828e-01
 -1.9500000000000000e+01   2.0066479296564164e+00   9.9998895125782084e-01
 -1.9475000000000001e+01   2.0066846597692596e+00   9.9998882883094231e-01
 -1.9449999999999999e+01   2.0067215955277526e+00   9.9998870503839032e-01
 -1.9425000000000001e+01   2.0067587381132665e+00   9.9998857986477907e-01
 -1.9399999999999999e+01   2.0067960887145153e+00   9.9998845329454611e-01
 -1.9375000000000000e+01   2.0068336485273557e+00   9.9998832531195114e-01
 -1.9350000000000001e+01   2.0068714187546788e+00   9.9998819590107446e-01
 -1.9324999999999999e+01   2.0069094006069181e+00   9.9998806504581328e-01
 -1.9300000000000001e+01   2.0069475953015377e+00   9.9998793272988151e-01
 -1.9274999999999999e+01   2.0069860040636485e+00   9.9998779893680567e-01
 -1.9250000000000000e+01   2.0070246281255542e+00   9.9998766364992442e-01
 -1.9225000000000001e+01   2.0070634687269675e+00   9.9998752685238579e-01
 -1.9199999999999999e+01   2.0071025271154630e+00   9.9998738852714353e-01
 -1.9175000000000001e+01   2.0071418045456983e+00   9.9998724865695776e-01
 -1.9149999999999999e+01   2.0071813022802294e+00   9.9998710722438999e-01
 -1.9125000000000000e+01   2.0072210215892832e+00   9.9998696421180178e-01
 -1.9100000000000001e+01   2.0072609637506802e+00   9.9998681960135283e-01
 -1.9074999999999999e+01   2.0073011300499695e+00   9.9998667337499836e-01
 -1.9050000000000001e+01   2.0073415217806749e+00   9.9998652551448597e-01
 -1.9024999999999999e+01   2.0073821402440744e+00   9.9998637600135420e-01
 -1.9000000000000000e+01   2.0074229867493698e+00   9.9998622481692967e-01
 -1.8975000000000001e+01   2.0074640626136993e+00   9.9998607194232469e-01
 -1.8949999999999999e+01   2.0075053691622862e+00   9.9998591735843445e-01
 -1.8925000000000001e+01   2.0075469077283774e+00   9.9998576104593484e-01
 -1.8899999999999999e+01   2.0075886796533466e+00   9.9998560298527972e-01
 -1.8875000000000000e+01   2.0076306862868534e+00   9.9998544315669791e-01
 -1.8850000000000001e+01   2.0076729289866080e+00   9.9998528154019162e-01
 -1.8824999999999999e+01   2.0077154091188332e+00   9.9998511811553226e-01
 -1.8800000000000001e+01   2.0077581280579295e+00   9.9998495286225919e-01
 -1.8774999999999999e+01   2.0078010871867171e+00   9.9998478575967631e-01
 -1.8750000000000000e+01   2.0078442878964333e+00   9.9998461678684947e-01
 -1.8725000000000001e+01   2.0078877315870649e+00   9.9998444592260260e-01
 -1.8699999999999999e+01   2.0079314196669058e+00   9.9998427314551686e-01
 -1.8675000000000001e+01   2.0079753535529865e+00   9.9998409843392622e-01
 -1.8649999999999999e+01   2.0080195346709848e+00   9.9998392176591522e-01
 -1.8625000000000000e+01   2.0080639644554621e+00   9.9998374311931526e-01
 -1.8600000000000001e+01   2.0081086443497043e+00   9.9998356247170250e-01
 -1.8574999999999999e+01   2.0081535758057756e+00   9.9998337980039487e-01
 -1.8550000000000001e+01   2.0081987602846785e+00   9.9998319508244859e-01
 -1.8524999999999999e+01   2.0082441992565205e+00   9.9998300829465470e-01
 -1.8500000000000000e+01   2.0082898942003555e+00   9.9998281941353673e-01
 -1.8475000000000001e+01   2.0083358466044436e+00   9.9998262841534680e-01
 -1.8449999999999999e+01   2.0083820579661276e+00   9.9998243527606312e-01
 -1.8425000000000001e+01   2.0084285297920497e+00   9.9998223997138613e-01
 -1.8399999999999999e+01   2.0084752635979854e+00   9.9998204247673617e-01
 -1.8375000000000000e+01   2.0085222609093032e+00   9.9998184276724844e-01
 -1.8350000000000001e+01   2.0085695232607006e+00   9.9998164081777108e-01
 -1.8324999999999999e+01   2.0086170521962017e+00   9.9998143660286198e-01
 -1.8300000000000001e+01   2.0086648492695560e+00   9.9998123009678397e-01
 -1.8274999999999999e+01   2.0087129160441339e+00   9.9998102127350197e-01
 -1.8250000000000000e+01   2.0087612540929185e+00   9.9998081010667983e-01
 -1.8225000000000001e+01   2.0088098649986441e+00   9.9998059656967642e-01
 -1.8199999999999999e+01   2.0088587503539195e+00   9.9998038063554173e-01
 -1.8175000000000001e+01   2.0089079117611690e+00   9.9998016227701381e-01
 -1.8149999999999999e+01   2.0089573508328376e+00   9.9997994146651437e-01
 -1.8125000000000000e+01   2.0090070691913375e+00   9.9997971817614562e-01
 -1.8100000000000001e+01   2.0090570684691591e+00   9.9997949237768624e-01
 -1.8074999999999999e+01   2.0091073503089487e+00   9.9997926404258752e-01
 -1.8050000000000001e+01   2.0091579163635722e+00   9.9997903314196945e-01
 -1.8024999999999999e+01   2.0092087682962947e+00   9.9997879964661629e-01
 -1.8000000000000000e+01   2.0092599077805327e+00   9.9997856352697401e-01
 -1.7975000000000001e+01   2.0093113365004482e+00   9.9997832475314385e-01
 -1.7949999999999999e+01   2.0093630561504425e+00   9.9997808329488092e-01
 -1.7925000000000001e+01   2.0094150684356284e+00   9.9997783912158811e-01
 -1.7899999999999999e+01   2.0094673750719041e+00   9.9997759220231197e-01
 -1.7875000000000000e+01   2.0095199777855259e+00   9.9997734250574077e-01
 -1.7850000000000001e+01   2.0095728783138687e+00   9.9997709000019697e-01
 -1.7824999999999999e+01   2.0096260784051188e+00   9.9997683465363463e-01
 -1.7800000000000001e+01   2.0096795798184699e+00   9.9997657643363447e-01
 -1.7774999999999999e+01   2.0097333843239422e+00   9.9997631530740061e-01
 -1.7750000000000000e+01   2.0097874937029445e+00   9.9997605124175371e-01
 -1.7725000000000001e+01   2.0098419097479789e+00   9.9997578420312816e-01
 -1.7699999999999999e+01   2.0098966342626792e+00   9.9997551415756769e-01
 -1.7675000000000001e+01   2.0099516690622004e+00   9.9997524107071911e-01
 -1.7649999999999999e+01   2.0100070159729837e+00   9.9997496490782911e-01
 -1.7625000000000000e+01   2.0100626768331442e+00   9.9997468563373793e-01
 -1.7600000000000001e+01   2.0101186534922380e+00   9.9997440321287601e-01
 -1.7574999999999999e+01   2.0101749478115778e+00   9.9997411760925792e-01
 -1.7550000000000001e+01   2.0102315616641619e+00   9.9997382878647811e-01
 -1.7524999999999999e+01   2.0102884969348511e+00   9.9997353670770539e-01
 -1.7500000000000000e+01   2.0103457555205133e+00   9.9997324133567744e-01
 -1.7475000000000001e+01   2.0104033393298746e+00   9.9997294263269687e-01
 -1.7449999999999999e+01   2.0104612502838357e+00   9.9997264056062474e-01
 -1.7425000000000001e+01   2.0105194903154273e+00   9.9997233508087591e-01
 -1.7399999999999999e+01   2.0105780613699937e+00   9.9997202615441316e-01
 -1.7375000000000000e+01   2.0106369654052090e+00   9.9997171374174210e-01
 -1.7350000000000001e+01   2.0106962043911736e+00   9.9997139780290556e-01
 -1.7324999999999999e+01   2.0107557803104710e+00   9.9997107829747822e-01
 -1.7300000000000001e+01   2.0108156951583807e+00   9.9997075518456024e-01
 -1.7274999999999999e+01   2.0108759509427085e+00   9.9997042842277295e-01
 -1.7250000000000000e+01   2.0109365496843394e+00   9.9997009797025049e-01
 -1.7225000000000001e+01   2.0109974934168191e+00   9.9996976378463676e-01
 -1.7199999999999999e+01   2.0110587841868170e+00   9.9996942582307735e-01
 -1.7175000000000001e+01   2.0111204240539520e+00   9.9996908404221507e-01
 -1.7149999999999999e+01   2.0111824150911231e+00   9.9996873839818246e-01
 -1.7125000000000000e+01   2.0112447593843332e+00   9.9996838884659711e-01
 -1.7100000000000001e+01   2.0113074590330715e+00   9.9996803534255385e-01
 -1.7074999999999999e+01   2.0113705161503059e+00   9.9996767784061891e-01
 -1.7050000000000001e+01   2.0114339328624067e+00   9.9996731629482449e-01
 -1.7024999999999999e+01   2.0114977113095063e+00   9.9996695065866081e-01
 -1.7000000000000000e+01   2.0115618536454711e+00   9.9996658088507018e-01
 -1.6975000000000001e+01   2.0116263620379047e+00   9.9996620692644089e-01
 -1.6949999999999999e+01   2.0116912386685937e+00   9.9996582873459849e-01
 -1.6925000000000001e+01   2.0117564857331747e+00   9.9996544626080142e-01
 -1.6899999999999999e+01   2.0118221054414747e+00   9.9996505945573266e-01
 -1.6875000000000000e+01   2.0118881000174618e+00   9.9996466826949371e-01
 -1.6850000000000001e+01   2.0119544716997564e+00   9.9996427265159493e-01
 -1.6824999999999999e+01   2.0120212227411942e+00   9.9996387255095165e-01
 -1.6800000000000001e+01   2.0120883554092388e+00   9.9996346791587498e-01
 -1.6774999999999999e+01   2.0121558719861290e+00   9.9996305869406421e-01
 -1.6750000000000000e+01   2.0122237747687581e+00   9.9996264483260067e-01
 -1.6725000000000001e+01   2.0122920660688712e+00   9.9996222627793963e-01
 -1.6699999999999999e+01   2.0123607482134225e+00   9.9996180297590109e-01
 -1.6675000000000001e+01   2.0124298235442146e+00   9.9996137487166492e-01
 -1.6649999999999999e+01   2.0124992944184981e+00   9.9996094190975993e-01
 -1.6625000000000000e+01   2.0125691632087057e+00   9.9996050403405823e-01
 -1.6600000000000001e+01   2.0126394323028047e+00   9.9996006118776570e-01
 -1.6574999999999999e+01   2.0127101041043227e+00   9.9995961331341432e-01
 -1.6550000000000001e+01   2.0127811810323646e+00   9.9995916035285448e-01
 -1.6524999999999999e+01   2.0128526655219097e+00   9.9995870224724548e-01
 -1.6500000000000000e+01   2.0129245600238983e+00   9.9995823893704716e-01
 -1.6475000000000001e+01   2.0129968670051670e+00   9.9995777036201250e-01
 -1.6449999999999999e+01   2.0130695889488144e+00   9.9995729646117726e-01
 -1.6425000000000001e+01   2.0131427283541368e+00   9.9995681717285234e-01
 -1.6399999999999999e+01   2.0132162877368942e+00   9.9995633243461390e-01
 -1.6375000000000000e+01   2.0132902696293145e+00   9.9995584218329503e-01
 -1.6350000000000001e+01   2.0133646765802387e+00   9.9995534635497640e-01
 -1.6324999999999999e+01   2.0134395111552483e+00   9.9995484488497699e-01
 -1.6300000000000001e+01   2.0135147759369549e+00   9.9995433770784348e-01
 -1.6274999999999999e+01   2.0135904735247792e+00   9.9995382475734307e-01
 -1.6250000000000000e+01   2.0136666065355033e+00   9.9995330596645093e-01
 -1.6225000000000001e+01   2.0137431776029833e+00   9.9995278126734322e-01
 -1.6199999999999999e+01   2.0138201893785328e+00   9.9995225059138537e-01
 -1.6175000000000001e+01   2.0138976445310766e+00   9.9995171386912196e-01
 -1.6149999999999999e+01   2.0139755457471678e+00   9.9995117103026721e-01
 -1.6125000000000000e+01   2.0140538957311249e+00   9.9995062200369467e-01
 -1.6100000000000001e+01   2.0141326972052234e+00   9.9995006671742637e-01
 -1.6074999999999999e+01   2.0142119529098239e+00   9.9994950509862224e-01
 -1.6050000000000001e+01   2.0142916656035110e+00   9.9994893707356935e-01
 -1.6024999999999999e+01   2.0143718380631395e+00   9.9994836256767172e-01
 -1.6000000000000000e+01   2.0144524730841544e+00   9.9994778150543795e-01
 -1.5975000000000000e+01   2.0145335734805037e+00   9.9994719381047170e-01
 -1.5949999999999999e+01   2.0146151420850140e+00   9.9994659940545871e-01
 -1.5925000000000001e+01   2.0146971817494501e+00   9.9994599821215591e-01
 -1.5900000000000000e+01   2.0147796953445134e+00   9.9994539015138084e-01
 -1.5875000000000000e+01   2.0148626857601983e+00   9.9994477514299840e-01
 -1.5850000000000000e+01   2.0149461559059318e+00   9.9994415310590890e-01
 -1.5824999999999999e+01   2.0150301087104099e+00   9.9994352395803832e-01
 -1.5800000000000001e+01   2.0151145471222489e+00   9.9994288761632233e-01
 -1.5775000000000000e+01   2.0151994741097097e+00   9.9994224399669707e-01
 -1.5750000000000000e+01   2.0152848926610667e+00   9.9994159301408492e-01
 -1.5725000000000000e+01   2.0153708057846784e+00   9.9994093458238242e-01
 -1.5699999999999999e+01   2.0154572165092679e+00   9.9994026861444640e-01
 -1.5675000000000001e+01   2.0155441278838788e+00   9.9993959502208241e-01
 -1.5650000000000000e+01   2.0156315429781868e+00   9.9993891371603028e-01
 -1.5625000000000000e+01   2.0157194648826295e+00   9.9993822460595094e-01
 -1.5600000000000000e+01   2.0158078967085316e+00   9.9993752760041310e-01
 -1.5574999999999999e+01   2.0158968415883303e+00   9.9993682260687888e-01
 -1.5550000000000001e+01   2.0159863026757159e+00   9.9993610953169010e-01
 -1.5525000000000000e+01   2.0160762831457308e+00   9.9993538828005457e-01
 -1.5500000000000000e+01   2.0161667861950163e+00   9.9993465875603116e-01
 -1.5475000000000000e+01   2.0162578150419650e+00   9.9993392086251531e-01
 -1.5449999999999999e+01   2.0163493729268822e+00   9.9993317450122443e-01
 -1.5425000000000001e+01   2.0164414631121339e+00   9.9993241957268308e-01
 -1.5400000000000000e+01   2.0165340888824499e+00   9.9993165597620681e-01
 -1.5375000000000000e+01   2.0166272535448790e+00   9.9993088360988858e-01
 -1.5350000000000000e+01   2.0167209604291942e+00   9.9993010237058133e-01
 -1.5324999999999999e+01   2.0168152128879471e+00   9.9992931215388325e-01
 -1.5300000000000001e+01   2.0169100142965983e+00   9.9992851285412221e-01
 -1.5275000000000000e+01   2.0170053680538458e+00   9.9992770436433831e-01
 -1.5250000000000000e+01   2.0171012775817037e+00   9.9992688657626838e-01
 -1.5225000000000000e+01   2.0171977463257806e+00   9.9992605938032852e-01
 -1.5199999999999999e+01   2.0172947777553265e+00   9.9992522266559847e-01
 -1.5175000000000001e+01   2.0173923753635616e+00   9.9992437631980324e-01
 -1.5150000000000000e+01   2.0174905426678049e+00   9.9992352022929643e-01
 -1.5125000000000000e+01   2.0175892832096731e+00   9.9992265427904248e-01
 -1.5100000000000000e+01   2.0176886005552865e+00   9.9992177835259888e-01
 -1.5074999999999999e+01   2.0177884982954568e+00   9.9992089233209813e-01
 -1.5050000000000001e+01   2.0178889800459001e+00   9.9991999609822935e-01
 -1.5025000000000000e+01   2.0179900494474134e+00   9.9991908953021991e-01
 -1.5000000000000000e+01   2.0180917101661082e+00   9.9991817250581638e-01
 -1.4975000000000000e+01   2.0181939658935972e+00   9.9991724490126566e-01
 -1.4949999999999999e+01   2.0182968203471847e+00   9.9991630659129571e-01
 -1.4925000000000001e+01   2.0184002772701346e+00   9.9991535744909554e-01
 -1.4900000000000000e+01   2.0185043404318672e+00   9.9991439734629539e-01
 -1.4875000000000000e+01   2.0186090136280623e+00   9.9991342615294765e-01
 -1.4850000000000000e+01   2.0187143006810553e+00   9.9991244373750476e-01
 -1.4824999999999999e+01   2.0188202054399302e+00   9.9991144996679970e-01
 -1.4800000000000001e+01   2.0189267317807880e+00   9.9991044470602453e-01
 -1.4775000000000000e+01   2.0190338836069253e+00   9.9990942781870951e-01
 -1.4750000000000000e+01   2.0191416648491143e+00   9.9990839916670105e-01
 -1.4725000000000000e+01   2.0192500794658081e+00   9.9990735861014002e-01
 -1.4699999999999999e+01   2.0193591314433479e+00   9.9990630600743979e-01
 -1.4675000000000001e+01   2.0194688247961792e+00   9.9990524121526392e-01
 -1.4650000000000000e+01   2.0195791635672302e+00   9.9990416408850191e-01
 -1.4625000000000000e+01   2.0196901518279389e+00   9.9990307448024818e-01
 -1.4600000000000000e+01   2.0198017936786079e+00   9.9990197224177746e-01
 -1.4574999999999999e+01   2.0199140932486541e+00   9.9990085722252098e-01
 -1.4550000000000001e+01   2.0200270546967731e+00   9.9989972927004311e-01
 -1.4525000000000000e+01   2.0201406822112982e+00   9.9989858823001587e-01
 -1.4500000000000000e+01   2.0202549800103347e+00   9.9989743394619524e-01
 -1.4475000000000000e+01   2.0203699523421288e+00   9.9989626626039485e-01
 -1.4449999999999999e+01   2.0204856034851533e+00   9.9989508501246227e-01
 -1.4425000000000001e+01   2.0206019377485305e+00   9.9989389004025142e-01
 -1.4400000000000000e+01   2.0207189594722044e+00   9.9989268117959729e-01
 -1.4375000000000000e+01   2.0208366730272012e+00   9.9989145826428938e-01
 -1.4350000000000000e+01   2.0209550828159788e+00   9.9989022112604387e-01
 -1.4325000000000001e+01   2.0210741932725593e+00   9.9988896959447771e-01
 -1.4300000000000001e+01   2.0211940088629254e+00   9.9988770349707956e-01
 -1.4275000000000000e+01   2.0213145340851799e+00   9.9988642265918293e-01
 -1.4250000000000000e+01   2.0214357734698751e+00   9.9988512690393705e-01
 -1.4225000000000000e+01   2.0215577315803199e+00   9.9988381605227772e-01
 -1.4200000000000001e+01   2.0216804130128176e+00   9.9988248992289841e-01
 -1.4175000000000001e+01   2.0218038223969432e+00   9.9988114833222064e-01
 -1.4150000000000000e+01   2.0219279643958341e+00   9.9987979109436376e-01
 -1.4125000000000000e+01   2.0220528437065264e+00   9.9987841802111388e-01
 -1.4100000000000000e+01   2.0221784650602328e+00   9.9987702892189301e-01
 -1.4075000000000001e+01   2.0223048332225351e+00   9.9987562360372872e-01
 -1.4050000000000001e+01   2.0224319529938382e+00   9.9987420187122056e-01
 -1.4025000000000000e+01   2.0225598292095288e+00   9.9987276352650922e-01
 -1.4000000000000000e+01   2.0226884667404499e+00   9.9987130836924187e-01
 -1.3975000000000000e+01   2.0228178704929842e+00   9.9986983619654135e-01
 -1.3950000000000001e+01   2.0229480454095490e+00   9.9986834680297032e-01
 -1.3925000000000001e+01   2.0230789964689038e+00   9.9986683998049708e-01
 -1.3900000000000000e+01   2.0232107286862946e+00   9.9986531551846280e-01
 -1.3875000000000000e+01   2.0233432471139992e+00   9.9986377320354369e-01
 -1.3850000000000000e+01   2.0234765568414783e+00   9.9986221281971721e-01
 -1.3825000000000001e+01   2.0236106629958006e+00   9.9986063414822468e-01
 -1.3800000000000001e+01   2.0237455707419412e+00   9.9985903696753486e-01
 -1.3775000000000000e+01   2.0238812852831392e+00   9.9985742105330633e-01
 -1.3750000000000000e+01   2.0240178118611425e+00   9.9985578617835069e-01
 -1.3725000000000000e+01   2.0241551557567234e+00   9.9985413211259211e-01
 -1.3700000000000001e+01   2.0242933222898287e+00   9.9985245862303063e-01
 -1.3675000000000001e+01   2.0244323168201372e+00   9.9985076547370011e-01
 -1.3650000000000000e+01   2.0245721447471778e+00   9.9984905242563094e-01
 -1.3625000000000000e+01   2.0247128115108897e+00   9.9984731923680681e-01
 -1.3600000000000000e+01   2.0248543225918807e+00   9.9984556566212468e-01
 -1.3575000000000001e+01   2.0249966835118132e+00   9.9984379145335256e-01
 -1.3550000000000001e+01   2.0251398998337709e+00   9.9984199635908699e-01
 -1.3525000000000000e+01   2.0252839771626494e+00   9.9984018012470965e-01
 -1.3500000000000000e+01   2.0254289211455214e+00   9.9983834249234371e-01
 -1.3475000000000000e+01   2.0255747374719855e+00   9.9983648320080976e-01
 -1.3450000000000001e+01   2.0257214318746195e+00   9.9983460198557983e-01
 -1.3425000000000001e+01   2.0258690101292971e+00   9.9983269857873258e-01
 -1.3400000000000000e+01   2.0260174780556395e+00   9.9983077270890608e-01
 -1.3375000000000000e+01   2.0261668415173637e+00   9.9982882410125129e-01
 -1.3350000000000000e+01   2.0263171064227552e+00   9.9982685247738334e-01
 -1.3325000000000001e+01   2.0264682787249853e+00   9.9982485755533412e-01
 -1.3300000000000001e+01   2.0266203644225929e+00   9.9982283904950209e-01
 -1.3275000000000000e+01   2.0267733695598631e+00   9.9982079667060275e-01
 -1.3250000000000000e+01   2.0269273002272947e+00   9.9981873012561728e-01
 -1.3225000000000000e+01   2.0270821625619693e+00   9.9981663911774177e-01
 -1.3200000000000001e+01   2.0272379627479800e+00   9.9981452334633492e-01
 -1.3175000000000001e+01   2.0273947070169083e+00   9.9981238250686444e-01
 -1.3150000000000000e+01   2.0275524016482787e+00   9.9981021629085298e-01
 -1.3125000000000000e+01   2.0277110529699010e+00   9.9980802438582483e-01
 -1.3100000000000000e+01   2.0278706673584672e+00   9.9980580647524842e-01
 -1.3075000000000001e+01   2.0280312512398737e+00   9.9980356223848177e-01
 -1.3050000000000001e+01   2.0281928110897445e+00   9.9980129135071449e-01
 -1.3025000000000000e+01   2.0283553534339136e+00   9.9979899348290946e-01
 -1.3000000000000000e+01   2.0285188848488729e+00   9.9979666830174418e-01
 -1.2975000000000000e+01   2.0286834119622168e+00   9.9979431546955144e-01
 -1.2950000000000001e+01   2.0288489414531492e+00   9.9979193464425820e-01
 -1.2925000000000001e+01   2.0290154800530118e+00   9.9978952547932332e-01
 -1.2900000000000000e+01   2.0291830345457185e+00   9.9978708762367585e-01
 -1.2875000000000000e+01   2.0293516117682695e+00   9.9978462072165120e-01
 -1.2850000000000000e+01   2.0295212186112659e+00   9.9978212441292647e-01
 -1.2825000000000001e+01   2.0296918620194679e+00   9.9977959833245422e-01
 -1.2800000000000001e+01   2.0298635489921537e+00   9.9977704211039831e-01
 -1.2775000000000000e+01   2.0300362865837975e+00   9.9977445537206400e-01
 -1.2750000000000000e+01   2.0302100819045590e+00   9.9977183773782996e-01
 -1.2725000000000000e+01   2.0303849421207887e+00   9.9976918882307908e-01
 -1.2700000000000001e+01   2.0305608744555546e+00   9.9976650823812796e-01
 -1.2675000000000001e+01   2.0307378861892773e+00   9.9976379558815376e-01
 -1.2650000000000000e+01   2.0309159846601634e+00   9.9976105047312314e-01
 -1.2625000000000000e+01   2.0310951772648584e+00   9.9975827248771676e-01
 -1.2600000000000000e+01   2.0312754714589691e+00   9.9975546122125480e-01
 -1.2575000000000001e+01   2.0314568747576165e+00   9.9975261625762091e-01
 -1.2550000000000001e+01   2.0316393947360631e+00   9.9974973717518389e-01
 -1.2525000000000000e+01   2.0318230390303378e+00   9.9974682354671840e-01
 -1.2500000000000000e+01   2.0320078153376722e+00   9.9974387493932737e-01
 -1.2475000000000000e+01   2.0321937314172582e+00   9.9974089091435836e-01
 -1.2450000000000001e+01   2.0323807950907717e+00   9.9973787102732237e-01
 -1.2425000000000001e+01   2.0325690142430766e+00   9.9973481482780857e-01
 -1.2400000000000000e+01   2.0327583968226799e+00   9.9973172185940196e-01
 -1.2375000000000000e+01   2.0329489508425489e+00   9.9972859165959382e-01
 -1.2350000000000000e+01   2.0331406843806237e+00   9.9972542375969597e-01
 -1.2325000000000001e+01   2.0333336055805282e+00   9.9972221768475045e-01
 -1.2300000000000001e+01   2.0335277226521624e+00   9.9971897295343992e-01
 -1.2275000000000000e+01   2.0337230438724543e+00   9.9971568907799413e-01
 -1.2250000000000000e+01   2.0339195775859418e+00   9.9971236556409782e-01
 -1.2225000000000000e+01   2.0341173322054651e+00   9.9970900191079548e-01
 -1.2200000000000001e+01   2.0343163162129092e+00   9.9970559761039390e-01
 -1.2175000000000001e+01   2.0345165381598123e+00   9.9970215214836555e-01
 -1.2150000000000000e+01   2.0347180066681574e+00   9.9969866500324744e-01
 -1.2125000000000000e+01   2.0349207304309824e+00   9.9969513564654167e-01
 -1.2100000000000000e+01   2.0351247182131829e+00   9.9969156354261113e-01
 -1.2075000000000001e+01   2.0353299788522450e+00   9.9968794814857498e-01
 -1.2050000000000001e+01   2.0355365212589138e+00   9.9968428891420369e-01
 -1.2025000000000000e+01   2.0357443544179916e+00   9.9968058528181025e-01
 -1.2000000000000000e+01   2.0359534873890426e+00   9.9967683668614149e-01
 -1.1975000000000000e+01   2.0361639293072513e+00   9.9967304255426503e-01
 -1.1950000000000001e+01   2.0363756893841005e+00   9.9966920230545786e-01
 -1.1925000000000001e+01   2.0365887769082245e+00   9.9966531535109004e-01
 -1.1900000000000000e+01   2.0368032012461370e+00   9.9966138109450908e-01
 -1.1875000000000000e+01   2.0370189718430920e+00   9.9965739893092009e-01
 -1.1850000000000000e+01   2.0372360982239113e+00   9.9965336824726481e-01
 -1.1825000000000001e+01   2.0374545899937337e+00   9.9964928842210032e-01
 -1.1800000000000001e+01   2.0376744568389129e+00   9.9964515882547322e-01
 -1.1775000000000000e+01   2.0378957085278127e+00   9.9964097881879377e-01
 -1.1750000000000000e+01   2.0381183549117736e+00   9.9963674775470501e-01
 -1.1725000000000000e+01   2.0383424059258086e+00   9.9963246497695513e-01
 -1.1700000000000001e+01   2.0385678715896218e+00   9.9962812982026161e-01
 -1.1675000000000001e+01   2.0387947620084650e+00   9.9962374161017664e-01
 -1.1650000000000000e+01   2.0390230873740069e+00   9.9961929966295016e-01
 -1.1625000000000000e+01   2.0392528579652498e+00   9.9961480328538999e-01
 -1.1600000000000000e+01   2.0394840841495201e+00   9.9961025177471841e-01
 -1.1575000000000001e+01   2.0397167763833077e+00   9.9960564441842958e-01
 -1.1550000000000001e+01   2.0399509452132691e+00   9.9960098049414159e-01
 -1.1525000000000000e+01   2.0401866012772052e+00   9.9959625926944673e-01
 -1.1500000000000000e+01   2.0404237553049849e+00   9.9959148000176068e-01
 -1.1475000000000000e+01   2.0406624181195618e+00   9.9958664193816749e-01
 -1.1450000000000001e+01   2.0409026006379856e+00   9.9958174431526237e-01
 -1.1425000000000001e+01   2.0411443138723824e+00   9.9957678635899272e-01
 -1.1400000000000000e+01   2.0413875689309977e+00   9.9957176728449548e-01
 -1.1375000000000000e+01   2.0416323770192153e+00   9.9956668629593248e-01
 -1.1350000000000000e+01   2.0418787494406985e+00   9.9956154258632079e-01
 -1.1325000000000001e+01   2.0421266975983010e+00   9.9955633533736532e-01
 -1.1300000000000001e+01   2.0423762329952830e+00   9.9955106371928237e-01
 -1.1275000000000000e+01   2.0426273672363533e+00   9.9954572689062426e-01
 -1.1250000000000000e+01   2.0428801120287821e+00   9.9954032399809978e-01
 -1.1225000000000000e+01   2.0431344791834927e+00   9.9953485417639221e-01
 -1.1200000000000001e+01   2.0433904806163055e+00   9.9952931654797150e-01
 -1.1175000000000001e+01   2.0436481283489947e+00   9.9952371022290742e-01
 -1.1150000000000000e+01   2.0439074345104422e+00   9.9951803429867780e-01
 -1.1125000000000000e+01   2.0441684113379419e+00   9.9951228785997059e-01
 -1.1100000000000000e+01   2.0444310711782836e+00   9.9950646997848758e-01
 -1.1075000000000001e+01   2.0446954264890378e+00   9.9950057971274076e-01
 -1.1050000000000001e+01   2.0449614898397996e+00   9.9949461610784640e-01
 -1.1025000000000000e+01   2.0452292739133506e+00   9.9948857819531778e-01
 -1.1000000000000000e+01   2.0454987915070628e+00   9.9948246499284921e-01
 -1.0975000000000000e+01   2.0457700555340712e+00   9.9947627550410201e-01
 -1.0950000000000001e+01   2.0460430790246402e+00   9.9947000871848268e-01
 -1.0925000000000001e+01   2.0463178751274622e+00   9.9946366361091921e-01
 -1.0900000000000000e+01   2.0465944571110062e+00   9.9945723914163265e-01
 -1.0875000000000000e+01   2.0468728383648913e+00   9.9945073425590469e-01
 -1.0850000000000000e+01   2.0471530324012428e+00   9.9944414788384184e-01
 -1.0825000000000001e+01   2.0474350528560796e+00   9.9943747894013524e-01
 -1.0800000000000001e+01   2.0477189134907641e+00   9.9943072632381524e-01
 -1.0775000000000000e+01   2.0480046281934130e+00   9.9942388891800304e-01
 -1.0750000000000000e+01   2.0482922109803927e+00   9.9941696558965631e-01
 -1.0725000000000000e+01   2.0485816759977453e+00   9.9940995518931253e-01
 -1.0700000000000001e+01   2.0488730375227053e+00   9.9940285655082606e-01
 -1.0675000000000001e+01   2.0491663099652437e+00   9.9939566849110040e-01
 -1.0650000000000000e+01   2.0494615078695642e+00   9.9938838980981726e-01
 -1.0625000000000000e+01   2.0497586459157127e+00   9.9938101928915868e-01
 -1.0600000000000000e+01   2.0500577389211458e+00   9.9937355569352559e-01
 -1.0575000000000001e+01   2.0503588018422976e+00   9.9936599776925206e-01
 -1.0550000000000001e+01   2.0506618497762776e+00   9.9935834424431147e-01
 -1.0525000000000000e+01   2.0509668979624904e+00   9.9935059382802027e-01
 -1.0500000000000000e+01   2.0512739617842706e+00   9.9934274521073629e-01
 -1.0475000000000000e+01   2.0515830567707050e+00   9.9933479706354755e-01
 -1.0450000000000001e+01   2.0518941985982182e+00   9.9932674803796218e-01
 -1.0425000000000001e+01   2.0522074030924058e+00   9.9931859676558676e-01
 -1.0400000000000000e+01   2.0525226862298109e+00   9.9931034185780121e-01
 -1.0375000000000000e+01   2.0528400641397138e+00   9.9930198190542774e-01
 -1.0350000000000000e+01   2.0531595531059237e+00   9.9929351547839462e-01
 -1.0325000000000001e+01   2.0534811695686992e+00   9.9928494112539101e-01
 -1.0300000000000001e+01   2.0538049301265726e+00   9.9927625737351866e-01
 -1.0275000000000000e+01   2.0541308515382912e+00   9.9926746272793487e-01
 -1.0250000000000000e+01   2.0544589507247788e+00   9.9925855567148902e-01
 -1.0225000000000000e+01   2.0547892447710532e+00   9.9924953466435440e-01
 -1.0200000000000001e+01   2.0551217509282553e+00   9.9924039814365084e-01
 -1.0175000000000001e+01   2.0554564866156704e+00   9.9923114452306150e-01
 -1.0150000000000000e+01   2.0557934694227513e+00   9.9922177219244313e-01
 -1.0125000000000000e+01   2.0561327171112822e+00   9.9921227951742619e-01
 -1.0100000000000001e+01   2.0564742476174094e+00   9.9920266483901188e-01
 -1.0075000000000001e+01   2.0568180790538464e+00   9.9919292647315772e-01
 -1.0050000000000001e+01   2.0571642297120478e+00   9.9918306271035706e-01
 -1.0025000000000000e+01   2.0575127180644004e+00   9.9917307181521120e-01
 -1.0000000000000000e+01   2.0578635627665158e+00   9.9916295202599137e-01
 -9.9750000000000014e+00   2.0582167826594739e+00   9.9915270155419489e-01
 -9.9500000000000011e+00   2.0585723967721479e+00   9.9914231858409153e-01
 -9.9250000000000007e+00   2.0589304243235893e+00   9.9913180127226042e-01
 -9.9000000000000004e+00   2.0592908847253639e+00   9.9912114774712091e-01
 -9.8750000000000000e+00   2.0596537975840263e+00   9.9911035610845100e-01
 -9.8500000000000014e+00   2.0600191827035537e+00   9.9909942442689936e-01
 -9.8250000000000011e+00   2.0603870600878658e+00   9.9908835074348612e-01
 -9.8000000000000007e+00   2.0607574499433476e+00   9.9907713306909540e-01
 -9.7750000000000004e+00   2.0611303726814465e+00   9.9906576938395686e-01
 -9.7500000000000000e+00   2.0615058489212865e+00   9.9905425763711797e-01
 -9.7250000000000014e+00   2.0618838994923081e+00   9.9904259574590648e-01
 -9.7000000000000011e+00   2.0622645454369928e+00   9.9903078159538117e-01
 -9.6750000000000007e+00   2.0626478080136192e+00   9.9901881303777218e-01
 -9.6500000000000004e+00   2.0630337086990007e+00   9.9900668789191238e-01
 -9.6250000000000000e+00   2.0634222691913902e+00   9.9899440394265371e-01
 -9.6000000000000014e+00   2.0638135114132852e+00   9.9898195894027664e-01
 -9.5750000000000011e+00   2.0642074575143865e+00   9.9896935059988456e-01
 -9.5500000000000007e+00   2.0646041298745534e+00   9.9895657660078796e-01
 -9.5250000000000004e+00   2.0650035511068436e+00   9.9894363458587498e-01
 -9.5000000000000000e+00   2.0654057440605369e+00   9.9893052216097189e-01
 -9.4750000000000014e+00   2.0658107318242926e+00   9.9891723689418777e-01
 -9.4500000000000011e+00   2.0662185377292572e+00   9.9890377631524974e-01
 -9.4250000000000007e+00   2.0666291853523511e+00   9.9889013791482051e-01
 -9.4000000000000004e+00   2.0670426985194648e+00   9.9887631914380703e-01
 -9.3750000000000000e+00   2.0674591013088155e+00   9.9886231741265175e-01
 -9.3500000000000014e+00   2.0678784180543150e+00   9.9884813009061091e-01
 -9.3250000000000011e+00   2.0683006733489764e+00   9.9883375450501910e-01
 -9.3000000000000007e+00   2.0687258920484290e+00   9.9881918794053692e-01
 -9.2750000000000004e+00   2.0691540992744479e+00   9.9880442763838495e-01
 -9.2500000000000000e+00   2.0695853204185410e+00   9.9878947079556224e-01
 -9.2250000000000014e+00   2.0700195811456203e+00   9.9877431456404797e-01
 -9.2000000000000011e+00   2.0704569073977059e+00   9.9875895604998777e-01
 -9.1750000000000007e+00   2.0708973253977354e+00   9.9874339231286191e-01
 -9.1500000000000004e+00   2.0713408616533759e+00   9.9872762036463847e-01
 -9.1250000000000000e+00   2.0717875429609318e+00   9.9871163716890810e-01
 -9.1000000000000014e+00   2.0722373964093523e+00   9.9869543963999952e-01
 -9.0750000000000011e+00   2.0726904493842477e+00   9.9867902464207903e-01
 -9.0500000000000007e+00   2.0731467295719925e+00   9.9866238898823045e-01
 -9.0250000000000021e+00   2.0736062649639035e+00   9.9864552943951590e-01
 -9.0000000000000000e+00   2.0740690838604952e+00   9.9862844270401674e-01
 -8.9750000000000014e+00   2.0745352148757843e+00   9.9861112543585517e-01
 -8.9499999999999993e+00   2.0750046869417007e+00   9.9859357423419437e-01
 -8.9250000000000007e+00   2.0754775293125474e+00   9.9857578564221838e-01
 -8.9000000000000021e+00   2.0759537715695573e+00   9.9855775614608988e-01
 -8.8750000000000000e+00   2.0764334436254797e+00   9.9853948217388766e-01
 -8.8500000000000014e+00   2.0769165757293169e+00   9.9852096009451907e-01
 -8.8249999999999993e+00   2.0774031984711105e+00   9.9850218621661047e-01
 -8.8000000000000007e+00   2.0778933427867710e+00   9.9848315678737565e-01
 -8.7750000000000021e+00   2.0783870399630695e+00   9.9846386799145703e-01
 -8.7500000000000000e+00   2.0788843216426427e+00   9.9844431594974503e-01
 -8.7250000000000014e+00   2.0793852198291396e+00   9.9842449671816980e-01
 -8.6999999999999993e+00   2.0798897668924212e+00   9.9840440628646865e-01
 -8.6750000000000007e+00   2.0803979955738705e+00   9.9838404057692598e-01
 -8.6500000000000021e+00   2.0809099389918186e+00   9.9836339544308506e-01
 -8.6250000000000000e+00   2.0814256306469883e+00   9.9834246666843507e-01
 -8.6000000000000014e+00   2.0819451044281285e+00   9.9832124996506577e-01
 -8.5749999999999993e+00   2.0824683946177061e+00   9.9829974097229457e-01
 -8.5500000000000007e+00   2.0829955358976751e+00   9.9827793525526443e-01
 -8.5250000000000021e+00   2.0835265633553806e+00   9.9825582830350990e-01
 -8.5000000000000000e+00   2.0840615124895820e+00   9.9823341552949096e-01
 -8.4750000000000014e+00   2.0846004192165575e+00   9.9821069226709569e-01
 -8.4499999999999993e+00   2.0851433198763019e+00   9.9818765377011043e-01
 -8.4250000000000007e+00   2.0856902512389084e+00   9.9816429521065320e-01
 -8.4000000000000021e+00   2.0862412505109718e+00   9.9814061167757595e-01
 -8.3750000000000000e+00   2.0867963553421811e+00   9.9811659817482845e-01
 -8.3500000000000014e+00   2.0873556038320169e+00   9.9809224961978593e-01
 -8.3249999999999993e+00   2.0879190345365446e+00   9.9806756084154047e-01
 -8.3000000000000007e+00   2.0884866864753326e+00   9.9804252657915404e-01
 -8.2750000000000021e+00   2.0890585991385779e+00   9.9801714147986853e-01
 -8.2500000000000000e+00   2.0896348124942277e+00   9.9799140009728116e-01
 -8.2250000000000014e+00   2.0902153669953654e+00   9.9796529688947289e-01
 -8.1999999999999993e+00   2.0908003035876530e+00   9.9793882621709751e-01
 -8.1750000000000007e+00   2.0913896637169245e+00   9.9791198234142686e-01
 -8.1500000000000021e+00   2.0919834893369531e+00   9.9788475942234967e-01
 -8.1250000000000000e+00   2.0925818229173418e+00   9.9785715151632548e-01
 -8.1000000000000014e+00   2.0931847074515639e+00   9.9782915257429161e-01
 -8.0749999999999993e+00   2.0937921864651412e+00   9.9780075643952204e-01
 -8.0500000000000007e+00   2.0944043040240277e+00   9.9777195684543474e-01
 -8.0250000000000021e+00   2.0950211047430902e+00   9.9774274741335067e-01
 -8.0000000000000000e+00   2.0956426337947911e+00   9.9771312165019888e-01
 -7.9750000000000014e+00   2.0962689369180367e+00   9.9768307294616776e-01
 -7.9499999999999993e+00   2.0969000604271559e+00   9.9765259457230338e-01
 -7.9250000000000007e+00   2.0975360512211303e+00   9.9762167967804727e-01
 -7.9000000000000021e+00   2.0981769567928974e+00   9.9759032128872138e-01
 -7.8750000000000000e+00   2.0988228252389471e+00   9.9755851230294812e-01
 -7.8500000000000014e+00   2.0994737052690029e+00   9.9752624549001390e-01
 -7.8249999999999993e+00   2.1001296462159873e+00   9.9749351348716531e-01
 -7.8000000000000007e+00   2.1007906980460862e+00   9.9746030879684566e-01
 -7.7750000000000021e+00   2.1014569113690964e+00   9.9742662378386082e-01
 -7.7500000000000000e+00   2.1021283374489297e+00   9.9739245067247939e-01
 -7.7250000000000014e+00   2.1028050282143180e+00   9.9735778154346333e-01
 -7.6999999999999993e+00   2.1034870362697959e+00   9.9732260833102349e-01
 -7.6750000000000007e+00   2.1041744149068116e+00   9.9728692281970588e-01
 -7.6500000000000021e+00   2.1048672181151211e+00   9.9725071664119891e-01
 -7.6250000000000000e+00   2.1055655005943983e+00   9.9721398127106353e-01
 -7.6000000000000014e+00   2.1062693177660683e+00   9.9717670802538361e-01
 -7.5749999999999993e+00   2.1069787257853991e+00   9.9713888805733308e-01
 -7.5500000000000007e+00   2.1076937815538082e+00   9.9710051235366015e-01
 -7.5250000000000021e+00   2.1084145427314556e+00   9.9706157173108234e-01
 -7.5000000000000000e+00   2.1091410677500670e+00   9.9702205683259382e-01
 -7.4750000000000014e+00   2.1098734158260180e+00   9.9698195812368073e-01
 -7.4499999999999993e+00   2.1106116469737151e+00   9.9694126588844056e-01
 -7.4250000000000007e+00   2.1113558220192479e+00   9.9689997022560439e-01
 -7.4000000000000021e+00   2.1121060026142606e+00   9.9685806104446284e-01
 -7.3750000000000000e+00   2.1128622512502098e+00   9.9681552806068363e-01
 -7.3500000000000014e+00   2.1136246312728533e+00   9.9677236079202702e-01
 -7.3249999999999993e+00   2.1143932068970552e+00   9.9672854855395188e-01
 -7.3000000000000007e+00   2.1151680432219164e+00   9.9668408045510870e-01
 -7.2750000000000021e+00   2.1159492062462082e+00   9.9663894539271858e-01
 -7.2500000000000000e+00   2.1167367628841354e+00   9.9659313204783329e-01
 -7.2250000000000014e+00   2.1175307809814345e+00   9.9654662888047352e-01
 -7.1999999999999993e+00   2.1183313293318085e+00   9.9649942412464176e-01
 -7.1750000000000007e+00   2.1191384776937330e+00   9.9645150578320496e-01
 -7.1500000000000021e+00   2.1199522968075852e+00   9.9640286162264624e-01
 -7.1250000000000000e+00   2.1207728584131931e+00   9.9635347916767669e-01
 -7.1000000000000014e+00   2.1216002352677128e+00   9.9630334569570922e-01
 -7.0749999999999993e+00   2.1224345011638928e+00   9.9625244823118719e-01
 -7.0500000000000007e+00   2.1232757309487944e+00   9.9620077353976011e-01
 -7.0250000000000021e+00   2.1241240005428526e+00   9.9614830812230948e-01
 -7.0000000000000000e+00   2.1249793869593923e+00   9.9609503820881362e-01
 -6.9750000000000014e+00   2.1258419683245524e+00   9.9604094975205060e-01
 -6.9499999999999993e+00   2.1267118238976628e+00   9.9598602842113193e-01
 -6.9250000000000007e+00   2.1275890340920580e+00   9.9593025959486392e-01
 -6.9000000000000021e+00   2.1284736804963864e+00   9.9587362835492810e-01
 -6.8750000000000000e+00   2.1293658458963098e+00   9.9581611947888304e-01
 -6.8500000000000014e+00   2.1302656142968082e+00   9.9575771743296881e-01
 -6.8249999999999993e+00   2.1311730709448913e+00   9.9569840636472162e-01
 -6.8000000000000007e+00   2.1320883023528339e+00   9.9563817009538658e-01
 -6.7750000000000021e+00   2.1330113963219857e+00   9.9557699211211892e-01
 -6.7500000000000000e+00   2.1339424419670614e+00   9.9551485555997510e-01
 -6.7250000000000014e+00   2.1348815297410102e+00   9.9545174323368124e-01
 -6.6999999999999993e+00   2.1358287514604584e+00   9.9538763756917326e-01
 -6.6750000000000007e+00   2.1367842003317210e+00   9.9532252063490290e-01
 -6.6500000000000021e+00   2.1377479709774208e+00   9.9525637412290091e-01
 -6.6250000000000000e+00   2.1387201594637002e+00   9.9518917933959139e-01
 -6.6000000000000014e+00   2.1397008633280938e+00   9.9512091719634632e-01
 -6.5749999999999993e+00   2.1406901816080248e+00   9.9505156819977525e-01
 -6.5500000000000007e+00   2.1416882148699798e+00   9.9498111244173959e-01
 -6.5250000000000021e+00   2.1426950652393533e+00   9.9490952958908419e-01
 -6.5000000000000000e+00   2.1437108364309934e+00   9.9483679887307608e-01
 -6.4750000000000014e+00   2.1447356337804928e+00   9.9476289907853976e-01
 -6.4499999999999993e+00   2.1457695642761712e+00   9.9468780853268379e-01
 -6.4250000000000007e+00   2.1468127365918641e+00   9.9461150509360197e-01
 -6.4000000000000021e+00   2.1478652611204745e+00   9.9453396613844347e-01
 -6.3750000000000000e+00   2.1489272500083096e+00   9.9445516855124061e-01
 -6.3500000000000014e+00   2.1499988171902782e+00   9.9437508871037938e-01
 -6.3249999999999993e+00   2.1510800784258888e+00   9.9429370247570681e-01
 -6.3000000000000007e+00   2.1521711513361703e+00   9.9421098517525608e-01
 -6.2750000000000021e+00   2.1532721554414431e+00   9.9412691159158351e-01
 -6.2500000000000000e+00   2.1543832122000377e+00   9.9404145594769955e-01
 -6.2250000000000014e+00   2.1555044450479328e+00   9.9395459189258362e-01
 -6.1999999999999993e+00   2.1566359794394137e+00   9.9386629248626390e-01
 -6.1750000000000007e+00   2.1577779428886785e+00   9.9377653018445422e-01
 -6.1500000000000021e+00   2.1589304650124910e+00   9.9368527682272834e-01
 -6.1250000000000000e+00   2.1600936775739061e+00   9.9359250360021556e-01
 -6.1000000000000014e+00   2.1612677145270647e+00   9.9349818106280430e-01
 -6.0749999999999993e+00   2.1624527120631272e+00   9.9340227908583367e-01
 -6.0500000000000007e+00   2.1636488086573342e+00   9.9330476685625879e-01
 -6.0250000000000021e+00   2.1648561451172625e+00   9.9320561285426900e-01
 -6.0000000000000000e+00   2.1660748646323129e+00   9.9310478483433973e-01
 -5.9750000000000014e+00   2.1673051128244407e+00   9.9300224980570029e-01
 -5.9499999999999993e+00   2.1685470378001632e+00   9.9289797401219759e-01
 -5.9250000000000007e+00   2.1698007902039267e+00   9.9279192291153051e-01
 -5.9000000000000021e+00   2.1710665232728248e+00   9.9268406115383701e-01
 -5.8750000000000000e+00   2.1723443928927151e+00   9.9257435255961035e-01
 -5.8500000000000014e+00   2.1736345576557983e+00   9.9246276009691881e-01
 -5.8249999999999993e+00   2.1749371789197056e+00   9.9234924585790374e-01
 -5.8000000000000007e+00   2.1762524208680780e+00   9.9223377103453547e-01
 -5.7750000000000021e+00   2.1775804505727803e+00   9.9211629589359207e-01
 -5.7500000000000000e+00   2.1789214380577007e+00   9.9199677975084111e-01
 -5.7250000000000014e+00   2.1802755563642653e+00   9.9187518094438865e-01
 -5.6999999999999993e+00   2.1816429816186660e+00   9.9175145680717025e-01
 -5.6750000000000007e+00   2.1830238931008576e+00   9.9162556363855148e-01
 -5.6500000000000021e+00   2.1844184733154162e+00   9.9149745667500278e-01
 -5.6250000000000000e+00   2.1858269080642789e+00   9.9136709005981749e-01
 -5.6000000000000014e+00   2.1872493865214198e+00   9.9123441681183799e-01
 -5.5749999999999993e+00   2.1886861013095644e+00   9.9109938879314918e-01
 -5.5500000000000007e+00   2.1901372485789339e+00   9.9096195667570819e-01
 -5.5250000000000021e+00   2.1916030280881693e+00   9.9082206990686106e-01
 -5.5000000000000000e+00   2.1930836432874252e+00   9.9067967667371359e-01
 -5.4750000000000014e+00   2.1945793014037362e+00   9.9053472386630848e-01
 -5.4499999999999993e+00   2.1960902135287279e+00   9.9038715703956448e-01
 -5.4250000000000007e+00   2.1976165947087329e+00   9.9023692037393107e-01
 -5.4000000000000021e+00   2.1991586640374101e+00   9.9008395663470850e-01
 -5.3750000000000000e+00   2.2007166447508975e+00   9.8992820712998553e-01
 -5.3500000000000014e+00   2.2022907643256424e+00   9.8976961166713684e-01
 -5.3249999999999993e+00   2.2038812545789295e+00   9.8960810850783043e-01
 -5.3000000000000007e+00   2.2054883517722623e+00   9.8944363432147975e-01
 -5.2750000000000021e+00   2.2071122967175922e+00   9.8927612413709098e-01
 -5.2500000000000000e+00   2.2087533348866044e+00   9.8910551129343027e-01
 -5.2250000000000014e+00   2.2104117165230401e+00   9.8893172738745694e-01
 -5.1999999999999993e+00   2.2120876967582483e+00   9.8875470222094530e-01
 -5.1750000000000007e+00   2.2137815357300021e+00   9.8857436374523044e-01
 -5.1500000000000021e+00   2.2154934987047188e+00   9.8839063800399984e-01
 -5.1250000000000000e+00   2.2172238562031947e+00   9.8820344907405344e-01
 -5.1000000000000014e+00   2.2189728841299412e+00   9.8801271900395382e-01
 -5.0749999999999993e+00   2.2207408639062622e+00   9.8781836775047926e-01
 -5.0500000000000007e+00   2.2225280826071976e+00   9.8762031311279108e-01
 -5.0250000000000021e+00   2.2243348331024295e+00   9.8741847066422628e-01
 -5.0000000000000000e+00   2.2261614142013060e+00   9.8721275368161632e-01
 -4.9750000000000014e+00   2.2280081308020976e+00   9.8700307307203339e-01
 -4.9499999999999993e+00   2.2298752940456561e+00   9.8678933729685581e-01
 -4.9250000000000007e+00   2.2317632214735768e+00   9.8657145229304744e-01
 -4.9000000000000021e+00   2.2336722371910338e+00   9.8634932139153431e-01
 -4.8750000000000000e+00   2.2356026720344535e+00   9.8612284523255644e-01
 -4.8500000000000014e+00   2.2375548637441391e+00   9.8589192167787587e-01
 -4.8249999999999993e+00   2.2395291571420861e+00   9.8565644571970046e-01
 -4.8000000000000007e+00   2.2415259043150759e+00   9.8541630938619618e-01
 -4.7750000000000021e+00   2.2435454648032556e+00   9.8517140164344152e-01
 -4.7500000000000000e+00   2.2455882057944239e+00   9.8492160829366893e-01
 -4.7250000000000014e+00   2.2476545023241297e+00   9.8466681186964689e-01
 -4.6999999999999993e+00   2.2497447374818500e+00   9.8440689152503047e-01
 -4.6750000000000007e+00   2.2518593026233971e+00   9.8414172292051405e-01
 -4.6500000000000021e+00   2.2539985975897889e+00   9.8387117810560509e-01
 -4.6250000000000000e+00   2.2561630309327936e+00   9.8359512539583116e-01
 -4.6000000000000014e+00   2.2583530201473287e+00   9.8331342924518850e-01
 -4.5749999999999993e+00   2.2605689919110215e+00   9.8302595011361849e-01
 -4.5500000000000007e+00   2.2628113823310736e+00   9.8273254432930757e-01
 -4.5250000000000021e+00   2.2650806371987331e+00   9.8243306394557839e-01
 -4.5000000000000000e+00   2.2673772122516076e+00   9.8212735659213968e-01
 -4.4750000000000014e+00   2.2697015734440638e+00   9.8181526532044905e-01
 -4.4499999999999993e+00   2.2720541972259958e+00   9.8149662844292973e-01
 -4.4250000000000007e+00   2.2744355708302146e+00   9.8117127936577353e-01
 -4.4000000000000021e+00   2.2768461925687742e+00   9.8083904641504327e-01
 -4.3750000000000000e+00   2.2792865721384832e+00   9.8049975265578393e-01
 -4.3500000000000014e+00   2.2817572309359280e+00   9.8015321570382952e-01
 -4.3249999999999993e+00   2.2842587023823091e+00   9.7979924752998149e-01
 -4.3000000000000007e+00   2.2867915322583978e+00   9.7943765425622009e-01
 -4.2750000000000021e+00   2.2893562790499602e+00   9.7906823594359038e-01
 -4.2500000000000000e+00   2.2919535143039433e+00   9.7869078637139428e-01
 -4.2250000000000014e+00   2.2945838229958064e+00   9.7830509280729383e-01
 -4.1999999999999993e+00   2.2972478039083239e+00   9.7791093576791965e-01
 -4.1750000000000007e+00   2.2999460700222247e+00   9.7750808876955564e-01
 -4.1500000000000021e+00   2.3026792489190373e+00   9.7709631806845187e-01
 -4.1250000000000000e+00   2.3054479831965207e+00   9.7667538239029450e-01
 -4.1000000000000014e+00   2.3082529308970514e+00   9.7624503264834439e-01
 -4.0749999999999993e+00   2.3110947659493872e+00   9.7580501164972400e-01
 -4.0500000000000007e+00   2.3139741786241546e+00   9.7535505378932186e-01
 -4.0250000000000021e+00   2.3168918760035351e+00   9.7489488473074004e-01
 -4.0000000000000000e+00   2.3198485824655046e+00   9.7442422107370186e-01
 -3.9750000000000014e+00   2.3228450401830711e+00   9.7394277000729779e-01
 -3.9499999999999993e+00   2.3258820096389359e+00   9.7345022894842215e-01
 -3.9250000000000007e+00   2.3289602701559855e+00   9.7294628516472526e-01
 -3.9000000000000021e+00   2.3320806204440645e+00   9.7243061538137132e-01
 -3.8750000000000000e+00   2.3352438791634400e+00   9.7190288537086222e-01
 -3.8500000000000014e+00   2.3384508855054156e+00   9.7136274952515000e-01
 -3.8249999999999993e+00   2.3417024997904923e+00   9.7080985040923218e-01
 -3.8000000000000007e+00   2.3449996040845251e+00   9.7024381829538020e-01
 -3.7750000000000021e+00   2.3483431028332884e+00   9.6966427067711924e-01
 -3.7500000000000000e+00   2.3517339235158516e+00   9.6907081176203624e-01
 -3.7250000000000014e+00   2.3551730173171856e+00   9.6846303194245154e-01
 -3.7000000000000028e+00   2.3586613598203723e+00   9.6784050724295034e-01
 -3.6750000000000007e+00   2.3621999517187828e+00   9.6720279874372783e-01
 -3.6500000000000021e+00   2.3657898195485907e+00   9.6654945197865239e-01
 -3.6250000000000000e+00   2.3694320164419249e+00   9.6587999630691335e-01
 -3.6000000000000014e+00   2.3731276229009577e+00   9.6519394425707017e-01
 -3.5750000000000028e+00   2.3768777475931833e+00   9.6449079084227218e-01
 -3.5500000000000007e+00   2.3806835281681074e+00   9.6377001284537045e-01
 -3.5250000000000021e+00   2.3845461320954868e+00   9.6303106807260008e-01
 -3.5000000000000000e+00   2.3884667575252583e+00   9.6227339457445304e-01
 -3.4750000000000014e+00   2.3924466341691581e+00   9.6149640983232476e-01
 -3.4500000000000028e+00   2.3964870242040375e+00   9.6069950990945674e-01
 -3.4250000000000007e+00   2.4005892231967154e+00   9.5988206856466307e-01
 -3.4000000000000021e+00   2.4047545610501730e+00   9.5904343632727040e-01
 -3.3750000000000000e+00   2.4089844029707588e+00   9.5818293953166300e-01
 -3.3500000000000014e+00   2.4132801504559391e+00   9.5729987930977911e-01
 -3.3250000000000028e+00   2.4176432423020175e+00   9.5639353053986453e-01
 -3.3000000000000007e+00   2.4220751556310609e+00   9.5546314074975391e-01
 -3.2750000000000021e+00   2.4265774069360990e+00   9.5450792897291847e-01
 -3.2500000000000000e+00   2.4311515531434873e+00   9.5352708455548962e-01
 -3.2250000000000014e+00   2.4357991926910714e+00   9.5251976591245258e-01
 -3.2000000000000028e+00   2.4405219666205644e+00   9.5148509923118763e-01
 -3.1750000000000007e+00   2.4453215596822622e+00   9.5042217712053934e-01
 -3.1500000000000021e+00   2.4501997014499173e+00   9.4933005720360131e-01
 -3.1250000000000000e+00   2.4551581674432699e+00   9.4820776065242107e-01
 -3.1000000000000014e+00   2.4601987802553200e+00   9.4705427066287895e-01
 -3.0750000000000028e+00   2.4653234106810458e+00   9.4586853086803968e-01
 -3.0500000000000007e+00   2.4705339788437795e+00   9.4464944368836046e-01
 -3.0250000000000021e+00   2.4758324553149733e+00   9.4339586861723101e-01
 -3.0000000000000000e+00   2.4812208622224947e+00   9.4210662044045967e-01
 -2.9750000000000014e+00   2.4867012743419954e+00   9.4078046738846943e-01
 -2.9500000000000028e+00   2.4922758201651956e+00   9.3941612922017104e-01
 -2.9250000000000007e+00   2.4979466829382031e+00   9.3801227523771014e-01
 -2.9000000000000021e+00   2.5037161016621408e+00   9.3656752223157391e-01
 -2.8750000000000000e+00   2.5095863720474831e+00   9.3508043235587102e-01
 -2.8500000000000014e+00   2.5155598474124927e+00   9.3354951093400174e-01
 -2.8250000000000028e+00   2.5216389395151126e+00   9.3197320419538721e-01
 -2.8000000000000007e+00   2.5278261193064795e+00   9.3034989694446557e-01
 -2.7750000000000021e+00   2.5341239175929613e+00   9.2867791016378687e-01
 -2.7500000000000000e+00   2.5405349255922731e+00   9.2695549855373893e-01
 -2.7250000000000014e+00   2.5470617953676893e+00   9.2518084801227007e-01
 -2.7000000000000028e+00   2.5537072401228329e+00   9.2335207305888889e-01
 -2.6750000000000007e+00   2.5604740343377301e+00   9.2146721420829725e-01
 -2.6500000000000021e+00   2.5673650137250181e+00   9.1952423530020255e-01
 -2.6250000000000000e+00   2.5743830749831744e+00   9.1752102079321829e-01
 -2.6000000000000014e+00   2.5815311753215262e+00   9.1545537303229108e-01
 -2.5750000000000028e+00   2.5888123317295717e+00   9.1332500950079620e-01
 -2.5500000000000007e+00   2.5962296199607282e+00   9.1112756007037143e-01
 -2.5250000000000021e+00   2.6037861731981398e+00   9.0886056426368655e-01
 -2.5000000000000000e+00   2.6114851803675605e+00   9.0652146854771298e-01
 -2.4750000000000014e+00   2.6193298840595540e+00   9.0410762367769482e-01
 -2.4500000000000028e+00   2.6273235780204858e+00   9.0161628211489386e-01
 -2.4250000000000007e+00   2.6354696041688470e+00   8.9904459554437222e-01
 -2.4000000000000021e+00   2.6437713490905157e+00   8.9638961252254434e-01
 -2.3750000000000000e+00   2.6522322399636682e+00   8.9364827628799404e-01
 -2.3500000000000014e+00   2.6608557398610557e+00   8.9081742277317411e-01
 -2.3250000000000028e+00   2.6696453423746505e+00   8.8789377885898435e-01
 -2.3000000000000007e+00   2.6786045655049104e+00   8.8487396091897297e-01
 -2.2750000000000021e+00   2.6877369447545365e+00   8.8175447370492388e-01
 -2.2500000000000000e+00   2.6970460253644841e+00   8.7853170963089366e-01
 -2.2250000000000014e+00   2.7065353536282366e+00   8.7520194851835575e-01
 -2.2000000000000028e+00   2.7162084672193183e+00   8.7176135787083864e-01
 -2.1750000000000007e+00   2.7260688844664669e+00   8.6820599375240515e-01
 -2.1500000000000021e+00   2.7361200925113076e+00   8.6453180235028593e-01
 -2.1250000000000000e+00   2.7463655342848110e+00   8.6073462230793707e-01
 -2.1000000000000014e+00   2.7568085942413165e+00   8.5681018792062058e-01
 -2.0750000000000028e+00   2.7674525827930418e+00   8.5275413329107230e-01
 -2.0500000000000007e+00   2.7783007193935538e+00   8.4856199754786921e-01
 -2.0250000000000021e+00   2.7893561142262642e+00   8.4422923123340321e-01
 -2.0000000000000000e+00   2.8006217484636640e+00   8.3975120397174630e-01
 -1.9750000000000014e+00   2.8121004530749563e+00   8.3512321352886265e-01
 -1.9500000000000028e+00   2.8237948861744884e+00   8.3034049637819041e-01
 -1.9250000000000007e+00   2.8357075089207071e+00   8.2539823988338656e-01
 -1.9000000000000021e+00   2.8478405599959253e+00   8.2029159620644898e-01
 -1.8750000000000000e+00   2.8601960287208481e+00   8.1501569804322038e-01
 -1.8500000000000014e+00   2.8727756268847053e+00   8.0956567627900233e-01
 -1.8250000000000028e+00   2.8855807594021878e+00   8.0393667964416105e-01
 -1.8000000000000007e+00   2.8986124939418048e+00   7.9812389643292236e-01
 -1.7750000000000021e+00   2.9118715297068754e+00   7.9212257832751087e-01
 -1.7500000000000000e+00   2.9253581655896257e+00   7.8592806634415069e-01
 -1.7250000000000014e+00   2.9390722679603010e+00   7.7953581888697421e-01
 -1.7000000000000028e+00   2.9530132383962853e+00   7.7294144186035618e-01
 -1.6750000000000007e+00   2.9671799816998798e+00   7.6614072074975503e-01
 -1.6500000000000021e+00   2.9815708745967036e+00   7.5912965453586567e-01
 -1.6250000000000000e+00   2.9961837355483505e+00   7.5190449125723346e-01
 -1.6000000000000014e+00   3.0110157961513240e+00   7.4446176498312611e-01
 -1.5750000000000028e+00   3.0260636746280349e+00   7.3679833390220362e-01
 -1.5500000000000007e+00   3.0413233519426397e+00   7.2891141917473623e-01
 -1.5250000000000021e+00   3.0567901510931490e+00   7.2079864413812988e-01
 -1.5000000000000000e+00   3.0724587201395108e+00   7.1245807339918066e-01
 -1.4750000000000014e+00   3.0883230195234077e+00   7.0388825129386301e-01
 -1.4500000000000028e+00   3.1043763142179088e+00   6.9508823914861662e-01
 -1.4250000000000007e+00   3.1206111712121505e+00   6.8605765073863323e-01
 -1.4000000000000021e+00   3.1370194627873094e+00   6.7679668531071469e-01
 -1.3750000000000000e+00   3.1535923759745881e+00   6.6730615752332600e-01
 -1.3500000000000014e+00   3.1703204285038398e+00   6.5758752365664741e-01
 -1.3250000000000028e+00   3.1871934914540878e+00   6.4764290346226328e-01
 -1.3000000000000007e+00   3.2042008187055018e+00   6.3747509705724992e-01
 -1.2750000000000021e+00   3.2213310831692943e+00   6.2708759632112954e-01
 -1.2500000000000000e+00   3.2385724196403212e+00   6.1648459032657998e-01
 -1.2250000000000014e+00   3.2559124739804561e+00   6.0567096442507262e-01
 -1.2000000000000028e+00   3.2733384582038378e+00   5.9465229271476827e-01
 -1.1750000000000007e+00   3.2908372109017456e+00   5.8343482373785038e-01
 -1.1500000000000021e+00   3.3083952623205004e+00   5.7202545938431726e-01
 -1.1250000000000000e+00   3.3259989032946549e+00   5.6043172711534317e-01
 -1.1000000000000014e+00   3.3436342571441360e+00   5.4866174575718163e-01
 -1.0750000000000028e+00   3.3612873535718770e+00   5.3672418525131882e-01
 -1.0500000000000007e+00   3.3789442035502888e+00   5.2462822087376493e-01
 -1.0250000000000021e+00   3.3965908741629862e+00   5.1238348255116650e-01
 -1.0000000000000000e+00   3.4142135623731287e+00   4.9999999999997624e-01
 -9.7500000000000142e-01   3.4317986667211819e+00   4.8748814449386135e-01
 -9.5000000000000284e-01   3.4493328560117504e+00   4.7485856812120569e-01
 -9.2500000000000071e-01   3.4668031341285710e+00   4.6212214142765023e-01
 -9.0000000000000213e-01   3.4841969002158182e+00   4.4928989034743944e-01
 -8.7500000000000000e-01   3.5015020035784188e+00   4.3637293331249855e-01
 -8.5000000000000142e-01   3.5187067927796516e+00   4.2338241939123583e-01
 -8.2500000000000284e-01   3.5358001585465653e+00   4.1032946825208644e-01
 -8.0000000000000071e-01   3.5527715702276810e+00   3.9722511267316551e-01
 -7.7500000000000213e-01   3.5696111056792068e+00   3.8408024423212472e-01
 -7.5000000000000000e-01   3.5863094745812978e+00   3.7090556271340175e-01
 -7.2500000000000142e-01   3.6028580353016064e+00   3.5771152966726860e-01
 -7.0000000000000284e-01   3.6192488055269507e+00   3.4450832644988572e-01
 -6.7500000000000071e-01   3.6354744669731724e+00   3.3130581696970424e-01
 -6.5000000000000213e-01   3.6515283645573189e+00   3.1811351526565690e-01
 -6.2500000000000000e-01   3.6674045004744613e+00   3.0494055794937830e-01
 -6.0000000000000142e-01   3.6830975236638381e+00   2.9179568145916401e-01
 -5.7500000000000284e-01   3.6986027151765639e+00   2.7868720399870128e-01
 -5.5000000000000071e-01   3.7139159699704782e+00   2.6562301197003868e-01
 -5.2500000000000213e-01   3.7290337756587357e+00   2.5261055065782401e-01
 -5.0000000000000000e-01   3.7439531887287529e+00   2.3965681888070348e-01
 -4.7500000000000142e-01   3.7586718087289102e+00   2.2676836729554617e-01
 -4.5000000000000284e-01   3.7731877508939951e+00   2.1395130001987397e-01
 -4.2500000000000071e-01   3.7874996176480562e+00   2.0121127922701323e-01
 -4.0000000000000213e-01   3.8016064693871443e+00   1.8855353236559727e-01
 -3.7500000000000000e-01   3.8155077949056331e+00   1.7598286165922117e-01
 -3.5000000000000142e-01   3.8292034817896634e+00   1.6350365555214316e-01
 -3.2500000000000284e-01   3.8426937870611573e+00   1.5111990178155230e-01
 -3.0000000000000071e-01   3.8559793083163707e+00   1.3883520177537148e-01
 -2.7500000000000213e-01   3.8690609555651241e+00   1.2665278609549618e-01
 -2.5000000000000000e-01   3.8819399239411467e+00   1.1457553066909802e-01
 -2.2500000000000142e-01   3.8946176674206523e+00   1.0260597357438193e-01
 -2.0000000000000284e-01   3.9070958736559653e+00   9.0746332171097399e-02
 -1.7500000000000071e-01   3.9193764400034063e+00   7.8998520389962426e-02
 -1.5000000000000213e-01   3.9314614508002261e+00   6.7364166018171218e-02
 -1.2500000000000000e-01   3.9433531559238366e+00   5.5844627840216002e-02
 -1.0000000000000142e-01   3.9550539506478244e+00   4.4441012514083590e-02
 -7.5000000000002842e-02   3.9665663567933596e+00   3.3154191082123030e-02
 -5.0000000000000711e-02   3.9778930051610626e+00   2.1984815033735082e-02
 -2.5000000000002132e-02   3.9890366192173197e+00   1.0933331853133952e-02
  0.0000000000000000e+00   4.0000000000000000e+00   0.0000000000000000e+00
