# ZND solution.
# Columns are: spatial coordinate; u; lamda.
 -2.5149999999999999e+01   2.0020000000000286e+00   9.9999899999999997e-01
 -2.5099999999999998e+01   2.0020000000000286e+00   9.9999899999999997e-01
 -2.5049999999999997e+01   2.0020000000000286e+00   9.9999899999999997e-01
 -2.5000000000000000e+01   2.0020000000000286e+00   9.9999899999999997e-01
 -2.4949999999999999e+01   2.0020000000000286e+00   9.9999899999999997e-01
 -2.4899999999999999e+01   2.0020000000000286e+00   9.9999899999999997e-01
 -2.4849999999999998e+01   2.0020000000000286e+00   9.9999899999999997e-01
 -2.4799999999999997e+01   2.0020000000000286e+00   9.9999899999999997e-01
 -2.4750000000000000e+01   2.0020000000000286e+00   9.9999899999999997e-01
 -2.4699999999999999e+01   2.0020000000000286e+00   9.9999899999999997e-01
 -2.4649999999999999e+01   2.0020153609699332e+00   9.9999898458004022e-01
 -2.4599999999999998e+01   2.0020379736938252e+00   9.9999896166580582e-01
 -2.4549999999999997e+01   2.0020608411283001e+00   9.9999893823346098e-01
 -2.4500000000000000e+01   2.0020839661648129e+00   9.9999891427125598e-01
 -2.4449999999999999e+01   2.0021073517277550e+00   9.9999888976717388e-01
 -2.4399999999999999e+01   2.0021310007758832e+00   9.9999886470892330e-01
 -2.4349999999999998e+01   2.0021549163018033e+00   9.9999883908393306e-01
 -2.4299999999999997e+01   2.0021791013328127e+00   9.9999881287934533e-01
 -2.4250000000000000e+01   2.0022035589312797e+00   9.9999878608200909e-01
 -2.4199999999999999e+01   2.0022282921941974e+00   9.9999875867847432e-01
 -2.4149999999999999e+01   2.0022533042549280e+00   9.9999873065498368e-01
 -2.4099999999999998e+01   2.0022785982830684e+00   9.9999870199746610e-01
 -2.4049999999999997e+01   2.0023041774845032e+00   9.9999867269152998e-01
 -2.4000000000000000e+01   2.0023300451027772e+00   9.9999864272245476e-01
 -2.3949999999999999e+01   2.0023562044184748e+00   9.9999861207518459e-01
 -2.3899999999999999e+01   2.0023826587500171e+00   9.9999858073432024e-01
 -2.3849999999999998e+01   2.0024094114546642e+00   9.9999854868411053e-01
 -2.3799999999999997e+01   2.0024364659281506e+00   9.9999851590844524e-01
 -2.3750000000000000e+01   2.0024638256061209e+00   9.9999848239084566e-01
 -2.3699999999999999e+01   2.0024914939636602e+00   9.9999844811445726e-01
 -2.3649999999999999e+01   2.0025194745157915e+00   9.9999841306204107e-01
 -2.3599999999999998e+01   2.0025477708192176e+00   9.9999837721596319e-01
 -2.3549999999999997e+01   2.0025763864710671e+00   9.9999834055818793e-01
 -2.3500000000000000e+01   2.0026053251106637e+00   9.9999830307026694e-01
 -2.3449999999999999e+01   2.0026345904195444e+00   9.9999826473333031e-01
 -2.3399999999999999e+01   2.0026641861217596e+00   9.9999822552807716e-01
 -2.3349999999999998e+01   2.0026941159850167e+00   9.9999818543476482e-01
 -2.3299999999999997e+01   2.0027243838208064e+00   9.9999814443319923e-01
 -2.3250000000000000e+01   2.0027549934846260e+00   9.9999810250272492e-01
 -2.3199999999999999e+01   2.0027859488772544e+00   9.9999805962221333e-01
 -2.3149999999999999e+01   2.0028172539445470e+00   9.9999801577005298e-01
 -2.3099999999999998e+01   2.0028489126784308e+00   9.9999797092413767e-01
 -2.3049999999999997e+01   2.0028809291175453e+00   9.9999792506185492e-01
 -2.3000000000000000e+01   2.0029133073474705e+00   9.9999787816007479e-01
 -2.2949999999999999e+01   2.0029460515015529e+00   9.9999783019513755e-01
 -2.2899999999999999e+01   2.0029791657609386e+00   9.9999778114284221e-01
 -2.2849999999999998e+01   2.0030126543562279e+00   9.9999773097843248e-01
 -2.2799999999999997e+01   2.0030465215669064e+00   9.9999767967658559e-01
 -2.2750000000000000e+01   2.0030807717230448e+00   9.9999762721139762e-01
 -2.2699999999999999e+01   2.0031154092046690e+00   9.9999757355637187e-01
 -2.2649999999999999e+01   2.0031504384436967e+00   9.9999751868440312e-01
 -2.2599999999999998e+01   2.0031858639236444e+00   9.9999746256776501e-01
 -2.2549999999999997e+01   2.0032216901804349e+00   9.9999740517809532e-01
 -2.2500000000000000e+01   2.0032579218028608e+00   9.9999734648638161e-01
 -2.2449999999999999e+01   2.0032945634342041e+00   9.9999728646294450e-01
 -2.2399999999999999e+01   2.0033316197719220e+00   9.9999722507742383e-01
 -2.2349999999999998e+01   2.0033690955681784e+00   9.9999716229876312e-01
 -2.2299999999999997e+01   2.0034069956318041e+00   9.9999709809519122e-01
 -2.2250000000000000e+01   2.0034453248271893e+00   9.9999703243420879e-01
 -2.2199999999999999e+01   2.0034840880765206e+00   9.9999696528256876e-01
 -2.2149999999999999e+01   2.0035232903596185e+00   9.9999689660626045e-01
 -2.2099999999999998e+01   2.0035629367149843e+00   9.9999682637049125e-01
 -2.2049999999999997e+01   2.0036030322402310e+00   9.9999675453966896e-01
 -2.2000000000000000e+01   2.0036435820932224e+00   9.9999668107738249e-01
 -2.1949999999999999e+01   2.0036845914928949e+00   9.9999660594638262e-01
 -2.1899999999999999e+01   2.0037260657191305e+00   9.9999652910856418e-01
 -2.1849999999999998e+01   2.0037680101145696e+00   9.9999645052494412e-01
 -2.1799999999999997e+01   2.0038104300846085e+00   9.9999637015564258e-01
 -2.1750000000000000e+01   2.0038533310987554e+00   9.9999628795986084e-01
 -2.1699999999999999e+01   2.0038967186912569e+00   9.9999620389586030e-01
 -2.1649999999999999e+01   2.0039405984614822e+00   9.9999611792094134e-01
 -2.1599999999999998e+01   2.0039849760752610e+00   9.9999602999141990e-01
 -2.1549999999999997e+01   2.0040298572653774e+00   9.9999594006260517e-01
 -2.1500000000000000e+01   2.0040752478329780e+00   9.9999584808877495e-01
 -2.1449999999999999e+01   2.0041211536476009e+00   9.9999575402315322e-01
 -2.1399999999999999e+01   2.0041675806483870e+00   9.9999565781788480e-01
 -2.1349999999999998e+01   2.0042145348454152e+00   9.9999555942400919e-01
 -2.1299999999999997e+01   2.0042620223196517e+00   9.9999545879143670e-01
 -2.1250000000000000e+01   2.0043100492248440e+00   9.9999535586891986e-01
 -2.1199999999999999e+01   2.0043586217874987e+00   9.9999525060402839e-01
 -2.1149999999999999e+01   2.0044077463087024e+00   9.9999514294311953e-01
 -2.1099999999999998e+01   2.0044574291640549e+00   9.9999503283131186e-01
 -2.1049999999999997e+01   2.0045076768058463e+00   9.9999492021245351e-01
 -2.1000000000000000e+01   2.0045584957626676e+00   9.9999480502909543e-01
 -2.0949999999999999e+01   2.0046098926415117e+00   9.9999468722245843e-01
 -2.0899999999999999e+01   2.0046618741281685e+00   9.9999456673240328e-01
 -2.0849999999999998e+01   2.0047144469882032e+00   9.9999444349739885e-01
 -2.0799999999999997e+01   2.0047676180685157e+00   9.9999431745448819e-01
 -2.0750000000000000e+01   2.0048213942974895e+00   9.9999418853925703e-01
 -2.0699999999999999e+01   2.0048757826867103e+00   9.9999405668579799e-01
 -2.0649999999999999e+01   2.0049307903320472e+00   9.9999392182667535e-01
 -2.0599999999999998e+01   2.0049864244143216e+00   9.9999378389289006e-01
 -2.0549999999999997e+01   2.0050426922004210e+00   9.9999364281384295e-01
 -2.0500000000000000e+01   2.0050996010449977e+00   9.9999349851729546e-01
 -2.0449999999999999e+01   2.0051571583906678e+00   9.9999335092933339e-01
 -2.0399999999999999e+01   2.0052153717700198e+00   9.9999319997432512e-01
 -2.0349999999999998e+01   2.0052742488063755e+00   9.9999304557488211e-01
 -2.0299999999999997e+01   2.0053337972145613e+00   9.9999288765181849e-01
 -2.0250000000000000e+01   2.0053940248029130e+00   9.9999272612410639e-01
 -2.0199999999999999e+01   2.0054549394738124e+00   9.9999256090883426e-01
 -2.0149999999999999e+01   2.0055165492253502e+00   9.9999239192116107e-01
 -2.0099999999999998e+01   2.0055788621521899e+00   9.9999221907427172e-01
 -2.0049999999999997e+01   2.0056418864469152e+00   9.9999204227933003e-01
 -2.0000000000000000e+01   2.0057056304017631e+00   9.9999186144542962e-01
 -1.9949999999999999e+01   2.0057701024091017e+00   9.9999167647954712e-01
 -1.9899999999999999e+01   2.0058353109633567e+00   9.9999148728649023e-01
 -1.9849999999999998e+01   2.0059012646619778e+00   9.9999129376884732e-01
 -1.9799999999999997e+01   2.0059679722074057e+00   9.9999109582693291e-01
 -1.9750000000000000e+01   2.0060354424073767e+00   9.9999089335873681e-01
 -1.9699999999999999e+01   2.0061036841773250e+00   9.9999068625986587e-01
 -1.9649999999999999e+01   2.0061727065412596e+00   9.9999047442348887e-01
 -1.9599999999999998e+01   2.0062425186333903e+00   9.9999025774027794e-01
 -1.9549999999999997e+01   2.0063131296993140e+00   9.9999003609834991e-01
 -1.9500000000000000e+01   2.0063845490977905e+00   9.9998980938320448e-01
 -1.9449999999999999e+01   2.0064567863021665e+00   9.9998957747766204e-01
 -1.9399999999999999e+01   2.0065298509017939e+00   9.9998934026180009e-01
 -1.9349999999999998e+01   2.0066037526034788e+00   9.9998909761288801e-01
 -1.9299999999999997e+01   2.0066785012334063e+00   9.9998884940531885e-01
 -1.9250000000000000e+01   2.0067541067383465e+00   9.9998859551054176e-01
 -1.9199999999999999e+01   2.0068305791873891e+00   9.9998833579699120e-01
 -1.9149999999999999e+01   2.0069079287735807e+00   9.9998807013001478e-01
 -1.9099999999999998e+01   2.0069861658156460e+00   9.9998779837179907e-01
 -1.9049999999999997e+01   2.0070653007594981e+00   9.9998752038129446e-01
 -1.9000000000000000e+01   2.0071453441801639e+00   9.9998723601413675e-01
 -1.8949999999999999e+01   2.0072263067834055e+00   9.9998694512256803e-01
 -1.8899999999999999e+01   2.0073081994073809e+00   9.9998664755535549e-01
 -1.8849999999999998e+01   2.0073910330246072e+00   9.9998634315770729e-01
 -1.8799999999999997e+01   2.0074748187435922e+00   9.9998603177118761e-01
 -1.8750000000000000e+01   2.0075595678109401e+00   9.9998571323362795e-01
 -1.8699999999999999e+01   2.0076452916129042e+00   9.9998538737903842e-01
 -1.8649999999999999e+01   2.0077320016773501e+00   9.9998505403751536e-01
 -1.8599999999999998e+01   2.0078197096759065e+00   9.9998471303514613e-01
 -1.8549999999999997e+01   2.0079084274257526e+00   9.9998436419391290e-01
 -1.8500000000000000e+01   2.0079981668915976e+00   9.9998400733159354e-01
 -1.8449999999999999e+01   2.0080889401877076e+00   9.9998364226165992e-01
 -1.8399999999999999e+01   2.0081807595799721e+00   9.9998326879317367e-01
 -1.8349999999999998e+01   2.0082736374880357e+00   9.9998288673067914e-01
 -1.8299999999999997e+01   2.0083675864873021e+00   9.9998249587409438e-01
 -1.8250000000000000e+01   2.0084626193111172e+00   9.9998209601859878e-01
 -1.8199999999999999e+01   2.0085587488529701e+00   9.9998168695451795e-01
 -1.8149999999999999e+01   2.0086559881688335e+00   9.9998126846720525e-01
 -1.8099999999999998e+01   2.0087543504791046e+00   9.9998084033692225e-01
 -1.8049999999999997e+01   2.0088538491712944e+00   9.9998040233871299e-01
 -1.8000000000000000e+01   2.0089544978017804e+00   9.9997995424227948e-01
 -1.7949999999999999e+01   2.0090563100988388e+00   9.9997949581184842e-01
 -1.7899999999999999e+01   2.0091592999646126e+00   9.9997902680603956e-01
 -1.7849999999999998e+01   2.0092634814775416e+00   9.9997854697772881e-01
 -1.7799999999999997e+01   2.0093688688951827e+00   9.9997805607390622e-01
 -1.7750000000000000e+01   2.0094754766561795e+00   9.9997755383553455e-01
 -1.7699999999999999e+01   2.0095833193833506e+00   9.9997703999739918e-01
 -1.7649999999999999e+01   2.0096924118860118e+00   9.9997651428795797e-01
 -1.7600000000000001e+01   2.0098027691627287e+00   9.9997597642918556e-01
 -1.7549999999999997e+01   2.0099144064038166e+00   9.9997542613641499e-01
 -1.7500000000000000e+01   2.0100273389943326e+00   9.9997486311817319e-01
 -1.7449999999999999e+01   2.0101415825165088e+00   9.9997428707601521e-01
 -1.7399999999999999e+01   2.0102571527529784e+00   9.9997369770435052e-01
 -1.7350000000000001e+01   2.0103740656893869e+00   9.9997309469026807e-01
 -1.7299999999999997e+01   2.0104923375173058e+00   9.9997247771335573e-01
 -1.7250000000000000e+01   2.0106119846372215e+00   9.9997184644551484e-01
 -1.7199999999999999e+01   2.0107330236615697e+00   9.9997120055077005e-01
 -1.7149999999999999e+01   2.0108554714177815e+00   9.9997053968507443e-01
 -1.7100000000000001e+01   2.0109793449515894e+00   9.9996986349610850e-01
 -1.7049999999999997e+01   2.0111046615297319e+00   9.9996917162307752e-01
 -1.7000000000000000e+01   2.0112314386435677e+00   9.9996846369649894e-01
 -1.6949999999999999e+01   2.0113596940123513e+00   9.9996773933798644e-01
 -1.6899999999999999e+01   2.0114894455863559e+00   9.9996699816002954e-01
 -1.6850000000000001e+01   2.0116207115502669e+00   9.9996623976576637e-01
 -1.6799999999999997e+01   2.0117535103267530e+00   9.9996546374874973e-01
 -1.6750000000000000e+01   2.0118878605800243e+00   9.9996466969270748e-01
 -1.6699999999999999e+01   2.0120237812191437e+00   9.9996385717129854e-01
 -1.6649999999999999e+01   2.0121612914019851e+00   9.9996302574785900e-01
 -1.6600000000000001e+01   2.0123004105385776e+00   9.9996217497514561e-01
 -1.6549999999999997e+01   2.0124411582950881e+00   9.9996130439506914e-01
 -1.6500000000000000e+01   2.0125835545976449e+00   9.9996041353842202e-01
 -1.6449999999999999e+01   2.0127276196361503e+00   9.9995950192459937e-01
 -1.6399999999999999e+01   2.0128733738680742e+00   9.9995856906131320e-01
 -1.6350000000000001e+01   2.0130208380228196e+00   9.9995761444429587e-01
 -1.6299999999999997e+01   2.0131700331056135e+00   9.9995663755699926e-01
 -1.6250000000000000e+01   2.0133209804017458e+00   9.9995563787028408e-01
 -1.6199999999999999e+01   2.0134737014806348e+00   9.9995461484210268e-01
 -1.6149999999999999e+01   2.0136282182004441e+00   9.9995356791717027e-01
 -1.6100000000000001e+01   2.0137845527122393e+00   9.9995249652663087e-01
 -1.6049999999999997e+01   2.0139427274645172e+00   9.9995140008771255e-01
 -1.6000000000000000e+01   2.0141027652078756e+00   9.9995027800337288e-01
 -1.5949999999999999e+01   2.0142646889995235e+00   9.9994912966193672e-01
 -1.5899999999999999e+01   2.0144285222080098e+00   9.9994795443672324e-01
 -1.5850000000000000e+01   2.0145942885181163e+00   9.9994675168566249e-01
 -1.5799999999999999e+01   2.0147620119357259e+00   9.9994552075090237e-01
 -1.5750000000000000e+01   2.0149317167927800e+00   9.9994426095840505e-01
 -1.5699999999999999e+01   2.0151034277523152e+00   9.9994297161753265e-01
 -1.5649999999999999e+01   2.0152771698137935e+00   9.9994165202062013e-01
 -1.5600000000000000e+01   2.0154529683182107e+00   9.9994030144253909e-01
 -1.5549999999999999e+01   2.0156308489535255e+00   9.9993891914024802e-01
 -1.5500000000000000e+01   2.0158108377601529e+00   9.9993750435233053e-01
 -1.5449999999999999e+01   2.0159929611365608e+00   9.9993605629852111e-01
 -1.5399999999999999e+01   2.0161772458447671e+00   9.9993457417921949e-01
 -1.5350000000000000e+01   2.0163637190163639e+00   9.9993305717498837e-01
 -1.5299999999999999e+01   2.0165524081582968e+00   9.9993150444604029e-01
 -1.5250000000000000e+01   2.0167433411588100e+00   9.9992991513170992e-01
 -1.5199999999999999e+01   2.0169365462936888e+00   9.9992828834991043e-01
 -1.5149999999999999e+01   2.0171320522324687e+00   9.9992662319657599e-01
 -1.5100000000000000e+01   2.0173298880447064e+00   9.9992491874508949e-01
 -1.5049999999999999e+01   2.0175300832064860e+00   9.9992317404569342e-01
 -1.5000000000000000e+01   2.0177326676071701e+00   9.9992138812488340e-01
 -1.4949999999999999e+01   2.0179376715559569e+00   9.9991955998478765e-01
 -1.4899999999999999e+01   2.0181451257887866e+00   9.9991768860252728e-01
 -1.4850000000000000e+01   2.0183550614755084e+00   9.9991577292955758e-01
 -1.4799999999999999e+01   2.0185675102266853e+00   9.9991381189099549e-01
 -1.4750000000000000e+01   2.0187825041011873e+00   9.9991180438492222e-01
 -1.4699999999999999e+01   2.0190000756135476e+00   9.9990974928166987e-01
 -1.4649999999999999e+01   2.0192202577413325e+00   9.9990764542308919e-01
 -1.4600000000000000e+01   2.0194430839331639e+00   9.9990549162179199e-01
 -1.4549999999999999e+01   2.0196685881163647e+00   9.9990328666037720e-01
 -1.4500000000000000e+01   2.0198968047051151e+00   9.9990102929063163e-01
 -1.4449999999999999e+01   2.0201277686086732e+00   9.9989871823270893e-01
 -1.4400000000000000e+01   2.0203615152395922e+00   9.9989635217428696e-01
 -1.4350000000000000e+01   2.0205980805224137e+00   9.9989392976969804e-01
 -1.4299999999999999e+01   2.0208375009022803e+00   9.9989144963903687e-01
 -1.4250000000000000e+01   2.0210798133538930e+00   9.9988891036724126e-01
 -1.4199999999999999e+01   2.0213250553905731e+00   9.9988631050314725e-01
 -1.4150000000000000e+01   2.0215732650734530e+00   9.9988364855851763e-01
 -1.4100000000000000e+01   2.0218244810209889e+00   9.9988092300704112e-01
 -1.4049999999999999e+01   2.0220787424185929e+00   9.9987813228330336e-01
 -1.4000000000000000e+01   2.0223360890285158e+00   9.9987527478172755e-01
 -1.3949999999999999e+01   2.0225965611998782e+00   9.9987234885548504e-01
 -1.3900000000000000e+01   2.0228601998789131e+00   9.9986935281537404e-01
 -1.3850000000000000e+01   2.0231270466195150e+00   9.9986628492866469e-01
 -1.3799999999999999e+01   2.0233971435938907e+00   9.9986314341791172e-01
 -1.3750000000000000e+01   2.0236705336035441e+00   9.9985992645973087e-01
 -1.3699999999999999e+01   2.0239472600904258e+00   9.9985663218354037e-01
 -1.3650000000000000e+01   2.0242273671483413e+00   9.9985325867026487e-01
 -1.3600000000000000e+01   2.0245108995346892e+00   9.9984980395100009e-01
 -1.3549999999999999e+01   2.0247979026821512e+00   9.9984626600564164e-01
 -1.3500000000000000e+01   2.0250884227111805e+00   9.9984264276146628e-01
 -1.3449999999999999e+01   2.0253825064422322e+00   9.9983893209167751e-01
 -1.3400000000000000e+01   2.0256802014085178e+00   9.9983513181390449e-01
 -1.3350000000000000e+01   2.0259815558690089e+00   9.9983123968865639e-01
 -1.3299999999999999e+01   2.0262866188217048e+00   9.9982725341773060e-01
 -1.3250000000000000e+01   2.0265954400172510e+00   9.9982317064257220e-01
 -1.3199999999999999e+01   2.0269080699727606e+00   9.9981898894258525e-01
 -1.3150000000000000e+01   2.0272245599860419e+00   9.9981470583339160e-01
 -1.3100000000000000e+01   2.0275449621500794e+00   9.9981031876503768e-01
 -1.3049999999999999e+01   2.0278693293679120e+00   9.9980582512014571e-01
 -1.3000000000000000e+01   2.0281977153677655e+00   9.9980122221200962e-01
 -1.2949999999999999e+01   2.0285301747185889e+00   9.9979650728263170e-01
 -1.2900000000000000e+01   2.0288667628459387e+00   9.9979167750069908e-01
 -1.2850000000000000e+01   2.0292075360482023e+00   9.9978672995949824e-01
 -1.2799999999999999e+01   2.0295525515132238e+00   9.9978166167476457e-01
 -1.2750000000000000e+01   2.0299018673352895e+00   9.9977646958246569e-01
 -1.2699999999999999e+01   2.0302555425325752e+00   9.9977115053651489e-01
 -1.2650000000000000e+01   2.0306136370648651e+00   9.9976570130641518e-01
 -1.2600000000000000e+01   2.0309762118518679e+00   9.9976011857482705e-01
 -1.2549999999999999e+01   2.0313433287918099e+00   9.9975439893506213e-01
 -1.2500000000000000e+01   2.0317150507805142e+00   9.9974853888849735e-01
 -1.2449999999999999e+01   2.0320914417310281e+00   9.9974253484190601e-01
 -1.2400000000000000e+01   2.0324725665935262e+00   9.9973638310470725e-01
 -1.2350000000000000e+01   2.0328584913759085e+00   9.9973007988612483e-01
 -1.2299999999999999e+01   2.0332492831647504e+00   9.9972362129225756e-01
 -1.2250000000000000e+01   2.0336450101467585e+00   9.9971700332305613e-01
 -1.2199999999999999e+01   2.0340457416309099e+00   9.9971022186920033e-01
 -1.2150000000000000e+01   2.0344515480708947e+00   9.9970327270887971e-01
 -1.2100000000000000e+01   2.0348625010882659e+00   9.9969615150446767e-01
 -1.2049999999999999e+01   2.0352786734961819e+00   9.9968885379908745e-01
 -1.2000000000000000e+01   2.0357001393235827e+00   9.9968137501306920e-01
 -1.1949999999999999e+01   2.0361269738401488e+00   9.9967371044028830e-01
 -1.1900000000000000e+01   2.0365592535817192e+00   9.9966585524438689e-01
 -1.1850000000000000e+01   2.0369970563765363e+00   9.9965780445486785e-01
 -1.1799999999999999e+01   2.0374404613719665e+00   9.9964955296306357e-01
 -1.1750000000000000e+01   2.0378895490619784e+00   9.9964109551796998e-01
 -1.1699999999999999e+01   2.0383444013153609e+00   9.9963242672194164e-01
 -1.1650000000000000e+01   2.0388051014045629e+00   9.9962354102624540e-01
 -1.1600000000000000e+01   2.0392717340354047e+00   9.9961443272646311e-01
 -1.1549999999999999e+01   2.0397443853774342e+00   9.9960509595774250e-01
 -1.1500000000000000e+01   2.0402231430951225e+00   9.9959552468988733e-01
 -1.1449999999999999e+01   2.0407080963799409e+00   9.9958571272228036e-01
 -1.1400000000000000e+01   2.0411993359830962e+00   9.9957565367863799e-01
 -1.1350000000000000e+01   2.0416969542493342e+00   9.9956534100158223e-01
 -1.1299999999999999e+01   2.0422010451515011e+00   9.9955476794703024e-01
 -1.1250000000000000e+01   2.0427117043260692e+00   9.9954392757839061e-01
 -1.1199999999999999e+01   2.0432290291096389e+00   9.9953281276055950e-01
 -1.1150000000000000e+01   2.0437531185763365e+00   9.9952141615371126e-01
 -1.1100000000000000e+01   2.0442840735763319e+00   9.9950973020687151e-01
 -1.1049999999999999e+01   2.0448219967752967e+00   9.9949774715126882e-01
 -1.1000000000000000e+01   2.0453669926949645e+00   9.9948545899345376e-01
 -1.0949999999999999e+01   2.0459191677548882e+00   9.9947285750817461e-01
 -1.0900000000000000e+01   2.0464786303151992e+00   9.9945993423100576e-01
 -1.0850000000000000e+01   2.0470454907206608e+00   9.9944668045071305e-01
 -1.0799999999999999e+01   2.0476198613459160e+00   9.9943308720134894e-01
 -1.0750000000000000e+01   2.0482018566419202e+00   9.9941914525406794e-01
 -1.0699999999999999e+01   2.0487915931838661e+00   9.9940484510864502e-01
 -1.0650000000000000e+01   2.0493891897201713e+00   9.9939017698469623e-01
 -1.0600000000000000e+01   2.0499947672231889e+00   9.9937513081257479e-01
 -1.0549999999999999e+01   2.0506084489410550e+00   9.9935969622394516e-01
 -1.0500000000000000e+01   2.0512303604512265e+00   9.9934386254200935e-01
 -1.0449999999999999e+01   2.0518606297154856e+00   9.9932761877137832e-01
 -1.0400000000000000e+01   2.0524993871364972e+00   9.9931095358757305e-01
 -1.0350000000000000e+01   2.0531467656160762e+00   9.9929385532613746e-01
 -1.0299999999999999e+01   2.0538029006151310e+00   9.9927631197134958e-01
 -1.0250000000000000e+01   2.0544679302153348e+00   9.9925831114451436e-01
 -1.0199999999999999e+01   2.0551419951826801e+00   9.9923984009181832e-01
 -1.0150000000000000e+01   2.0558252390328779e+00   9.9922088567173051e-01
 -1.0100000000000000e+01   2.0565178080986795e+00   9.9920143434193021e-01
 -1.0050000000000001e+01   2.0572198515992892e+00   9.9918147214573882e-01
 -1.0000000000000000e+01   2.0579315217117844e+00   9.9916098469803927e-01
 -9.9499999999999993e+00   2.0586529736448069e+00   9.9913995717065540e-01
 -9.9000000000000004e+00   2.0593843657143349e+00   9.9911837427717654e-01
 -9.8499999999999996e+00   2.0601258594219818e+00   9.9909622025719202e-01
 -9.8000000000000007e+00   2.0608776195355372e+00   9.9907347885992159e-01
 -9.7500000000000000e+00   2.0616398141720778e+00   9.9905013332720793e-01
 -9.6999999999999993e+00   2.0624126148836037e+00   9.9902616637584774e-01
 -9.6500000000000004e+00   2.0631961967454679e+00   9.9900156017922703e-01
 -9.5999999999999996e+00   2.0639907384474752e+00   9.9897629634823670e-01
 -9.5500000000000007e+00   2.0647964223879032e+00   9.9895035591143211e-01
 -9.5000000000000000e+00   2.0656134347705293e+00   9.9892371929440338e-01
 -9.4499999999999993e+00   2.0664419657047057e+00   9.9889636629832368e-01
 -9.4000000000000004e+00   2.0672822093087495e+00   9.9886827607763340e-01
 -9.3499999999999996e+00   2.0681343638165699e+00   9.9883942711682783e-01
 -9.3000000000000007e+00   2.0689986316878359e+00   9.9880979720630159e-01
 -9.2500000000000000e+00   2.0698752197217178e+00   9.9877936341721041e-01
 -9.1999999999999993e+00   2.0707643391743717e+00   9.9874810207530362e-01
 -9.1500000000000004e+00   2.0716662058803061e+00   9.9871598873368039e-01
 -9.1000000000000014e+00   2.0725810403777900e+00   9.9868299814441941e-01
 -9.0500000000000007e+00   2.0735090680384527e+00   9.9864910422902953e-01
 -9.0000000000000000e+00   2.0744505192012803e+00   9.9861428004766495e-01
 -8.9499999999999993e+00   2.0754056293110863e+00   9.9857849776704977e-01
 -8.8999999999999986e+00   2.0763746390616986e+00   9.9854172862704882e-01
 -8.8500000000000014e+00   2.0773577945441537e+00   9.9850394290581612e-01
 -8.8000000000000007e+00   2.0783553473998428e+00   9.9846510988346249e-01
 -8.7500000000000000e+00   2.0793675549790622e+00   9.9842519780416139e-01
 -8.6999999999999993e+00   2.0803946805050701e+00   9.9838417383662192e-01
 -8.6499999999999986e+00   2.0814369932438677e+00   9.9834200403284956e-01
 -8.6000000000000014e+00   2.0824947686799962e+00   9.9829865328510847e-01
 -8.5500000000000007e+00   2.0835682886985802e+00   9.9825408528099768e-01
 -8.5000000000000000e+00   2.0846578417738284e+00   9.9820826245654937e-01
 -8.4499999999999993e+00   2.0857637231643200e+00   9.9816114594724847e-01
 -8.3999999999999986e+00   2.0868862351153665e+00   9.9811269553686932e-01
 -8.3500000000000014e+00   2.0880256870686855e+00   9.9806286960402146e-01
 -8.3000000000000007e+00   2.0891823958797988e+00   9.9801162506628471e-01
 -8.2500000000000000e+00   2.0903566860433824e+00   9.9795891732181441e-01
 -8.1999999999999993e+00   2.0915488899269814e+00   9.9790470018828437e-01
 -8.1499999999999986e+00   2.0927593480134132e+00   9.9784892583903162e-01
 -8.1000000000000014e+00   2.0939884091522831e+00   9.9779154473625575e-01
 -8.0500000000000007e+00   2.0952364308209876e+00   9.9773250556111981e-01
 -8.0000000000000000e+00   2.0965037793955834e+00   9.9767175514059214e-01
 -7.9499999999999993e+00   2.0977908304320554e+00   9.9760923837085225e-01
 -7.8999999999999986e+00   2.0990979689583793e+00   9.9754489813708103e-01
 -7.8500000000000014e+00   2.1004255897778692e+00   9.9747867522944178e-01
 -7.8000000000000007e+00   2.1017740977843409e+00   9.9741050825504585e-01
 -7.7500000000000000e+00   2.1031439082896672e+00   9.9734033354568319e-01
 -7.6999999999999993e+00   2.1045354473641891e+00   9.9726808506109221e-01
 -7.6499999999999986e+00   2.1059491521906928e+00   9.9719369428751836e-01
 -7.6000000000000014e+00   2.1073854714324964e+00   9.9711709013130512e-01
 -7.5500000000000007e+00   2.1088448656163852e+00   9.9703819880723776e-01
 -7.5000000000000000e+00   2.1103278075309952e+00   9.9695694372135091e-01
 -7.4499999999999993e+00   2.1118347826414898e+00   9.9687324534788269e-01
 -7.3999999999999986e+00   2.1133662895212053e+00   9.9678702110004858e-01
 -7.3500000000000014e+00   2.1149228403011517e+00   9.9669818519427900e-01
 -7.3000000000000007e+00   2.1165049611381939e+00   9.9660664850754699e-01
 -7.2500000000000000e+00   2.1181131927028329e+00   9.9651231842738586e-01
 -7.1999999999999993e+00   2.1197480906875299e+00   9.9641509869417277e-01
 -7.1499999999999986e+00   2.1214102263366321e+00   9.9631488923522193e-01
 -7.1000000000000014e+00   2.1231001869988906e+00   9.9621158599020954e-01
 -7.0500000000000007e+00   2.1248185767037886e+00   9.9610508072741011e-01
 -7.0000000000000000e+00   2.1265660167627849e+00   9.9599526085020063e-01
 -6.9499999999999993e+00   2.1283431463968046e+00   9.9588200919324210e-01
 -6.8999999999999986e+00   2.1301506233912684e+00   9.9576520380771605e-01
 -6.8500000000000014e+00   2.1319891247800782e+00   9.9564471773494723e-01
 -6.8000000000000007e+00   2.1338593475600711e+00   9.9552041876769803e-01
 -6.7500000000000000e+00   2.1357620094374656e+00   9.9539216919837537e-01
 -6.6999999999999993e+00   2.1376978496080645e+00   9.9525982555332870e-01
 -6.6499999999999986e+00   2.1396676295728554e+00   9.9512323831237492e-01
 -6.6000000000000014e+00   2.1416721339910256e+00   9.9498225161260723e-01
 -6.5500000000000007e+00   2.1437121715722371e+00   9.9483670293549797e-01
 -6.5000000000000000e+00   2.1457885760104007e+00   9.9468642277621488e-01
 -6.4499999999999993e+00   2.1479022069610543e+00   9.9453123429401236e-01
 -6.3999999999999986e+00   2.1500539510648218e+00   9.9437095294245903e-01
 -6.3500000000000014e+00   2.1522447230193928e+00   9.9420538607818709e-01
 -6.3000000000000007e+00   2.1544754667027326e+00   9.9403433254674323e-01
 -6.2500000000000000e+00   2.1567471563503116e+00   9.9385758224402276e-01
 -6.1999999999999993e+00   2.1590607977894027e+00   9.9367491565164967e-01
 -6.1499999999999986e+00   2.1614174297336346e+00   9.9348610334454679e-01
 -6.1000000000000014e+00   2.1638181251411543e+00   9.9329090546880927e-01
 -6.0500000000000007e+00   2.1662639926400642e+00   9.9308907118784617e-01
 -6.0000000000000000e+00   2.1687561780249394e+00   9.9288033809460374e-01
 -5.9499999999999993e+00   2.1712958658285046e+00   9.9266443158751572e-01
 -5.8999999999999986e+00   2.1738842809728456e+00   9.9244106420763911e-01
 -5.8500000000000014e+00   2.1765226905047212e+00   9.9220993493424359e-01
 -5.8000000000000007e+00   2.1792124054199675e+00   9.9197072843589729e-01
 -5.7500000000000000e+00   2.1819547825821770e+00   9.9172311427386817e-01
 -5.6999999999999993e+00   2.1847512267412634e+00   9.9146674605439955e-01
 -5.6499999999999986e+00   2.1876031926578392e+00   9.9120126052614643e-01
 -5.6000000000000014e+00   2.1905121873397722e+00   9.9092627661875388e-01
 -5.5500000000000007e+00   2.1934797723976520e+00   9.9064139441823817e-01
 -5.5000000000000000e+00   2.1965075665263627e+00   9.9034619407447178e-01
 -5.4499999999999993e+00   2.1995972481204631e+00   9.9004023463568458e-01
 -5.3999999999999986e+00   2.2027505580315636e+00   9.8972305280447237e-01
 -5.3500000000000014e+00   2.2059693024763858e+00   9.8939416160934779e-01
 -5.3000000000000007e+00   2.2092553561048938e+00   9.8905304898535351e-01
 -5.2500000000000000e+00   2.2126106652383837e+00   9.8869917625672299e-01
 -5.1999999999999993e+00   2.2160372512881579e+00   9.8833197651396432e-01
 -5.1499999999999986e+00   2.2195372143660981e+00   9.8795085287709350e-01
 -5.1000000000000014e+00   2.2231127370991994e+00   9.8755517663602588e-01
 -5.0500000000000007e+00   2.2267660886609582e+00   9.8714428525835263e-01
 -5.0000000000000000e+00   2.2304996290333436e+00   9.8671748025387274e-01
 -4.9499999999999993e+00   2.2343158135139976e+00   9.8627402488431837e-01
 -4.8999999999999986e+00   2.2382171974843161e+00   9.8581314170567957e-01
 -4.8500000000000014e+00   2.2422064414550245e+00   9.8533400992942344e-01
 -4.8000000000000007e+00   2.2462863164070530e+00   9.8483576258766126e-01
 -4.7500000000000000e+00   2.2504597094465426e+00   9.8431748348598835e-01
 -4.6999999999999993e+00   2.2547296297941806e+00   9.8377820392622994e-01
 -4.6499999999999986e+00   2.2590992151302203e+00   9.8321689917972599e-01
 -4.6000000000000014e+00   2.2635717383179812e+00   9.8263248469000941e-01
 -4.5500000000000007e+00   2.2681506145299459e+00   9.8202381198180311e-01
 -4.5000000000000000e+00   2.2728394088021364e+00   9.8138966425112517e-01
 -4.4499999999999993e+00   2.2776418440438722e+00   9.8072875160897954e-01
 -4.3999999999999986e+00   2.2825618095316771e+00   9.8003970594854606e-01
 -4.3500000000000014e+00   2.2876033699175804e+00   9.7932107540301283e-01
 -4.3000000000000007e+00   2.2927707747838149e+00   9.7857131835812117e-01
 -4.2500000000000000e+00   2.2980684687773922e+00   9.7778879698017518e-01
 -4.1999999999999993e+00   2.3035011023597094e+00   9.7697177021661030e-01
 -4.1499999999999986e+00   2.3090735432078859e+00   9.7611838622223079e-01
 -4.1000000000000014e+00   2.3147908883058710e+00   9.7522667415990016e-01
 -4.0500000000000007e+00   2.3206584767647391e+00   9.7429453531972932e-01
 -4.0000000000000000e+00   2.3266819034126174e+00   9.7331973349567735e-01
 -3.9499999999999993e+00   2.3328670331954298e+00   9.7229988455291816e-01
 -3.8999999999999986e+00   2.3392200164300903e+00   9.7123244511329232e-01
 -3.8500000000000014e+00   2.3457473049515709e+00   9.7011470027968139e-01
 -3.8000000000000007e+00   2.3524556691944882e+00   9.6894375031316637e-01
 -3.7500000000000000e+00   2.3593522162482179e+00   9.6771649616937350e-01
 -3.6999999999999993e+00   2.3664444089217489e+00   9.6642962379249753e-01
 -3.6500000000000021e+00   2.3737400858505047e+00   9.6507958705711439e-01
 -3.6000000000000014e+00   2.3812474826715300e+00   9.6366258923915538e-01
 -3.5500000000000007e+00   2.3889752542856550e+00   9.6217456288835246e-01
 -3.5000000000000000e+00   2.3969324982148765e+00   9.6061114796522429e-01
 -3.4499999999999993e+00   2.4051287790496589e+00   9.5896766809643319e-01
 -3.4000000000000021e+00   2.4135741539635798e+00   9.5723910479332730e-01
 -3.3500000000000014e+00   2.4222791992506916e+00   9.5542006947004865e-01
 -3.3000000000000007e+00   2.4312550378134508e+00   9.5350477309012982e-01
 -3.2500000000000000e+00   2.4405133674945589e+00   9.5148699326465092e-01
 -3.1999999999999993e+00   2.4500664901035467e+00   9.4936003862146856e-01
 -3.1500000000000021e+00   2.4599273409364821e+00   9.4711671026477418e-01
 -3.1000000000000014e+00   2.4701095185231599e+00   9.4474926014848071e-01
 -3.0500000000000007e+00   2.4806273142581294e+00   9.4224934619725431e-01
 -3.0000000000000000e+00   2.4914957414776819e+00   9.3960798402732593e-01
 -2.9499999999999993e+00   2.5027305634311903e+00   9.3681549514803952e-01
 -2.9000000000000021e+00   2.5143483194593852e+00   9.3386145156732658e-01
 -2.8500000000000014e+00   2.5263663485300016e+00   9.3073461678379821e-01
 -2.8000000000000007e+00   2.5388028090896464e+00   9.2742288322927657e-01
 -2.7500000000000000e+00   2.5516766939651623e+00   9.2391320633391716e-01
 -2.6999999999999993e+00   2.5650078387846422e+00   9.2019153552797694e-01
 -2.6500000000000021e+00   2.5788169220837305e+00   9.1624274267737915e-01
 -2.6000000000000014e+00   2.5931254549139355e+00   9.1205054868328428e-01
 -2.5500000000000007e+00   2.6079557573747278e+00   9.0759744926873032e-01
 -2.5000000000000000e+00   2.6233309190505718e+00   9.0286464133889233e-01
 -2.4499999999999993e+00   2.6392747398514089e+00   8.9783195174697839e-01
 -2.4000000000000021e+00   2.6558116472387274e+00   8.9247777083650681e-01
 -2.3500000000000014e+00   2.6729665852835067e+00   8.8677899377296410e-01
 -2.3000000000000007e+00   2.6907648704726301e+00   8.8071097343023264e-01
 -2.2500000000000000e+00   2.7092320086886446e+00   8.7424748946286768e-01
 -2.1999999999999993e+00   2.7283934673859758e+00   8.6736073916735879e-01
 -2.1500000000000021e+00   2.7482743967433021e+00   8.6002135679461178e-01
 -2.1000000000000014e+00   2.7688992935712231e+00   8.5219846908641850e-01
 -2.0500000000000007e+00   2.7902916021095368e+00   8.4385979590878546e-01
 -2.0000000000000000e+00   2.8124732466907205e+00   8.3497180585295994e-01
 -1.9499999999999993e+00   2.8354640927264474e+00   8.2549993744119354e-01
 -1.9000000000000021e+00   2.8592813347527799e+00   8.1540889693637031e-01
 -1.8500000000000014e+00   2.8839388135020272e+00   8.0466304349615703e-01
 -1.8000000000000007e+00   2.9094462682788591e+00   7.9322687127841440e-01
 -1.7500000000000000e+00   2.9358085363641080e+00   7.8106559581701651e-01
 -1.6999999999999993e+00   2.9630247177004980e+00   7.6814584827446897e-01
 -1.6500000000000021e+00   2.9910873305196723e+00   7.5443647582084739e-01
 -1.6000000000000014e+00   3.0199814914294825e+00   7.3990943928532216e-01
 -1.5500000000000007e+00   3.0496841611307479e+00   7.2454079046780950e-01
 -1.5000000000000000e+00   3.0801635034605361e+00   7.0831170144796518e-01
 -1.4499999999999993e+00   3.1113784097459041e+00   6.9120950758766631e-01
 -1.4000000000000021e+00   3.1432782412839280e+00   6.7322871575168219e-01
 -1.3500000000000014e+00   3.1758028390102426e+00   6.5437192094386332e-01
 -1.3000000000000007e+00   3.2088828402715737e+00   6.3465056962423316e-01
 -1.2500000000000000e+00   3.2424403278524663e+00   6.1408550793146399e-01
 -1.1999999999999993e+00   3.2763898165996483e+00   5.9270725902017907e-01
 -1.1500000000000021e+00   3.3106395596262308e+00   5.7055598618569003e-01
 -1.1000000000000014e+00   3.3450931314877170e+00   5.4768111690614163e-01
 -1.0500000000000007e+00   3.3796512227872144e+00   5.2414062586543597e-01
 -1.0000000000000000e+00   3.4142135623729786e+00   5.0000000000008216e-01
 -9.4999999999999929e-01   3.4486808721714377e+00   4.7533093265115078e-01
 -9.0000000000000213e-01   3.4829567573308937e+00   4.5020981397166004e-01
 -8.5000000000000142e-01   3.5169494410290536e+00   4.2471609834041041e-01
 -8.0000000000000071e-01   3.5505732679765889e+00   3.9893063515910043e-01
 -7.5000000000000000e-01   3.5837499211768393e+00   3.7293404679308884e-01
 -6.9999999999999929e-01   3.6164093200671399e+00   3.4680522750002146e-01
 -6.5000000000000213e-01   3.6484901918422210e+00   3.2062002184999933e-01
 -6.0000000000000142e-01   3.6799403289960795e+00   2.9445012275313609e-01
 -5.5000000000000071e-01   3.7107165630929382e+00   2.6836221018987133e-01
 -5.0000000000000000e-01   3.7407844965401300e+00   2.4241733415138142e-01
 -4.4999999999999929e-01   3.7701180405661070e+00   2.1667053061560138e-01
 -4.0000000000000213e-01   3.7986988092409959e+00   1.9117064840875558e-01
 -3.5000000000000142e-01   3.8265154171657265e+00   1.6596035771397791e-01
 -3.0000000000000071e-01   3.8535627235251857e+00   1.4107630748947425e-01
 -2.5000000000000000e-01   3.8798410586579264e+00   1.1654939854596157e-01
 -1.9999999999999929e-01   3.9053554620950717e+00   9.2405140766119068e-02
 -1.5000000000000213e-01   3.9301149539025162e+00   6.8664066180471939e-02
 -1.0000000000000142e-01   3.9541318546295408e+00   4.5342173680527842e-02
 -5.0000000000000711e-02   3.9774211635194492e+00   2.2451385516347174e-02
  0.0000000000000000e+00   4.0000000000000000e+00   0.0000000000000000e+00
