# ZND solution.
# Columns are: spatial coordinate; u; lamda.
 -2.5149999999999999e+01   2.0020000000000286e+00   9.9999899999999997e-01
 -2.5099999999999998e+01   2.0020000000000286e+00   9.9999899999999997e-01
 -2.5049999999999997e+01   2.0020000000000286e+00   9.9999899999999997e-01
 -2.5000000000000000e+01   2.0020000000000286e+00   9.9999899999999997e-01
 -2.4949999999999999e+01   2.0020000000000286e+00   9.9999899999999997e-01
 -2.4899999999999999e+01   2.0020000000000286e+00   9.9999899999999997e-01
 -2.4849999999999998e+01   2.0020000000000286e+00   9.9999899999999997e-01
 -2.4799999999999997e+01   2.0020000000000286e+00   9.9999899999999997e-01
 -2.4750000000000000e+01   2.0020000000000286e+00   9.9999899999999997e-01
 -2.4699999999999999e+01   2.0020000000000286e+00   9.9999899999999997e-01
 -2.4649999999999999e+01   2.0020000000000286e+00   9.9999899999999997e-01
 -2.4599999999999998e+01   2.0020000000000286e+00   9.9999899999999997e-01
 -2.4549999999999997e+01   2.0020000000000286e+00   9.9999899999999997e-01
 -2.4500000000000000e+01   2.0020039386177366e+00   9.9999899605750409e-01
 -2.4449999999999999e+01   2.0020267205093139e+00   9.9999897310099428e-01
 -2.4399999999999999e+01   2.0020497623728284e+00   9.9999894961855373e-01
 -2.4349999999999998e+01   2.0020730671971765e+00   9.9999892559809900e-01
 -2.4299999999999997e+01   2.0020966380063059e+00   9.9999890102726763e-01
 -2.4250000000000000e+01   2.0021204778593846e+00   9.9999887589341196e-01
 -2.4199999999999999e+01   2.0021445898516732e+00   9.9999885018359203e-01
 -2.4149999999999999e+01   2.0021689771139015e+00   9.9999882388456984e-01
 -2.4099999999999998e+01   2.0021936428131948e+00   9.9999879698280203e-01
 -2.4049999999999997e+01   2.0022185901548277e+00   9.9999876946443123e-01
 -2.4000000000000000e+01   2.0022438223803811e+00   9.9999874131528133e-01
 -2.3949999999999999e+01   2.0022693427698210e+00   9.9999871252084827e-01
 -2.3899999999999999e+01   2.0022951546415841e+00   9.9999868306629280e-01
 -2.3849999999999998e+01   2.0023212613526300e+00   9.9999865293643320e-01
 -2.3799999999999997e+01   2.0023476662998894e+00   9.9999862211573609e-01
 -2.3750000000000000e+01   2.0023743729195265e+00   9.9999859058830975e-01
 -2.3699999999999999e+01   2.0024013846879809e+00   9.9999855833789508e-01
 -2.3649999999999999e+01   2.0024287051225400e+00   9.9999852534785694e-01
 -2.3599999999999998e+01   2.0024563377818398e+00   9.9999849160117538e-01
 -2.3549999999999997e+01   2.0024842862661152e+00   9.9999845708043700e-01
 -2.3500000000000000e+01   2.0025125542183675e+00   9.9999842176782494e-01
 -2.3449999999999999e+01   2.0025411453232236e+00   9.9999838564511156e-01
 -2.3399999999999999e+01   2.0025700633095447e+00   9.9999834869364623e-01
 -2.3349999999999998e+01   2.0025993119495675e+00   9.9999831089434721e-01
 -2.3299999999999997e+01   2.0026288950603299e+00   9.9999827222769044e-01
 -2.3250000000000000e+01   2.0026588165030295e+00   9.9999823267370080e-01
 -2.3199999999999999e+01   2.0026890801851795e+00   9.9999819221193942e-01
 -2.3149999999999999e+01   2.0027196900594557e+00   9.9999815082149512e-01
 -2.3099999999999998e+01   2.0027506501256305e+00   9.9999810848097159e-01
 -2.3049999999999997e+01   2.0027819644302371e+00   9.9999806516847722e-01
 -2.3000000000000000e+01   2.0028136370679310e+00   9.9999802086161249e-01
 -2.2949999999999999e+01   2.0028456721808121e+00   9.9999797553745984e-01
 -2.2899999999999999e+01   2.0028780739609675e+00   9.9999792917256880e-01
 -2.2849999999999998e+01   2.0029108466491814e+00   9.9999788174294624e-01
 -2.2799999999999997e+01   2.0029439945362206e+00   9.9999783322404268e-01
 -2.2750000000000000e+01   2.0029775219640289e+00   9.9999778359073843e-01
 -2.2699999999999999e+01   2.0030114333257272e+00   9.9999773281733118e-01
 -2.2649999999999999e+01   2.0030457330660383e+00   9.9999768087752261e-01
 -2.2599999999999998e+01   2.0030804256826795e+00   9.9999762774440337e-01
 -2.2549999999999997e+01   2.0031155157261411e+00   9.9999757339044004e-01
 -2.2500000000000000e+01   2.0031510078012245e+00   9.9999751778745916e-01
 -2.2449999999999999e+01   2.0031869065669841e+00   9.9999746090663333e-01
 -2.2399999999999999e+01   2.0032232167377462e+00   9.9999740271846538e-01
 -2.2349999999999998e+01   2.0032599430839593e+00   9.9999734319277234e-01
 -2.2299999999999997e+01   2.0032970904321381e+00   9.9999728229867058e-01
 -2.2250000000000000e+01   2.0033346636665077e+00   9.9999722000455782e-01
 -2.2199999999999999e+01   2.0033726677293671e+00   9.9999715627809682e-01
 -2.2149999999999999e+01   2.0034111076216465e+00   9.9999709108619839e-01
 -2.2099999999999998e+01   2.0034499884036276e+00   9.9999702439500371e-01
 -2.2049999999999997e+01   2.0034893151955635e+00   9.9999695616986650e-01
 -2.2000000000000000e+01   2.0035290931785732e+00   9.9999688637533424e-01
 -2.1949999999999999e+01   2.0035693275964084e+00   9.9999681497512738e-01
 -2.1899999999999999e+01   2.0036100237540859e+00   9.9999674193212373e-01
 -2.1849999999999998e+01   2.0036511870204881e+00   9.9999666720833535e-01
 -2.1799999999999997e+01   2.0036928228285547e+00   9.9999659076488923e-01
 -2.1750000000000000e+01   2.0037349366759760e+00   9.9999651256200661e-01
 -2.1699999999999999e+01   2.0037775341259336e+00   9.9999643255898185e-01
 -2.1649999999999999e+01   2.0038206208082290e+00   9.9999635071415993e-01
 -2.1599999999999998e+01   2.0038642024199018e+00   9.9999626698491451e-01
 -2.1549999999999997e+01   2.0039082847261680e+00   9.9999618132762480e-01
 -2.1500000000000000e+01   2.0039528735610834e+00   9.9999609369765252e-01
 -2.1449999999999999e+01   2.0039979748287298e+00   9.9999600404931721e-01
 -2.1399999999999999e+01   2.0040435945038295e+00   9.9999591233587215e-01
 -2.1349999999999998e+01   2.0040897386329712e+00   9.9999581850947850e-01
 -2.1299999999999997e+01   2.0041364133349413e+00   9.9999572252118063e-01
 -2.1250000000000000e+01   2.0041836248022413e+00   9.9999562432087852e-01
 -2.1199999999999999e+01   2.0042313793017539e+00   9.9999552385730117e-01
 -2.1149999999999999e+01   2.0042796831754974e+00   9.9999542107797934e-01
 -2.1099999999999998e+01   2.0043285428418658e+00   9.9999531592921653e-01
 -2.1049999999999997e+01   2.0043779647966531e+00   9.9999520835605982e-01
 -2.1000000000000000e+01   2.0044279556136182e+00   9.9999509830227096e-01
 -2.0949999999999999e+01   2.0044785219460128e+00   9.9999498571029477e-01
 -2.0899999999999999e+01   2.0045296705272206e+00   9.9999487052122871e-01
 -2.0849999999999998e+01   2.0045814081718332e+00   9.9999475267479077e-01
 -2.0799999999999997e+01   2.0046337417767854e+00   9.9999463210928652e-01
 -2.0750000000000000e+01   2.0046866783223534e+00   9.9999450876157570e-01
 -2.0699999999999999e+01   2.0047402248732928e+00   9.9999438256703765e-01
 -2.0649999999999999e+01   2.0047943885798261e+00   9.9999425345953641e-01
 -2.0599999999999998e+01   2.0048491766786660e+00   9.9999412137138477e-01
 -2.0549999999999997e+01   2.0049045964943386e+00   9.9999398623330693e-01
 -2.0500000000000000e+01   2.0049606554402746e+00   9.9999384797440072e-01
 -2.0449999999999999e+01   2.0050173610196058e+00   9.9999370652209973e-01
 -2.0399999999999999e+01   2.0050747208270656e+00   9.9999356180213184e-01
 -2.0349999999999998e+01   2.0051327425494900e+00   9.9999341373848016e-01
 -2.0299999999999997e+01   2.0051914339672376e+00   9.9999326225334095e-01
 -2.0250000000000000e+01   2.0052508029552678e+00   9.9999310726708124e-01
 -2.0199999999999999e+01   2.0053108574845644e+00   9.9999294869819466e-01
 -2.0149999999999999e+01   2.0053716056235813e+00   9.9999278646325618e-01
 -2.0099999999999998e+01   2.0054330555388362e+00   9.9999262047687798e-01
 -2.0049999999999997e+01   2.0054952154968229e+00   9.9999245065166087e-01
 -2.0000000000000000e+01   2.0055580938651612e+00   9.9999227689814651e-01
 -1.9949999999999999e+01   2.0056216991136737e+00   9.9999209912476883e-01
 -1.9899999999999999e+01   2.0056860398158585e+00   9.9999191723780312e-01
 -1.9849999999999998e+01   2.0057511246505126e+00   9.9999173114131357e-01
 -1.9799999999999997e+01   2.0058169624028532e+00   9.9999154073710095e-01
 -1.9750000000000000e+01   2.0058835619659066e+00   9.9999134592464833e-01
 -1.9699999999999999e+01   2.0059509323417335e+00   9.9999114660106603e-01
 -1.9649999999999999e+01   2.0060190826433750e+00   9.9999094266103306e-01
 -1.9599999999999998e+01   2.0060880220960358e+00   9.9999073399673954e-01
 -1.9549999999999997e+01   2.0061577600384135e+00   9.9999052049782733e-01
 -1.9500000000000000e+01   2.0062283059245867e+00   9.9999030205132744e-01
 -1.9449999999999999e+01   2.0062996693250632e+00   9.9999007854159871e-01
 -1.9399999999999999e+01   2.0063718599288287e+00   9.9998984985026185e-01
 -1.9349999999999998e+01   2.0064448875445424e+00   9.9998961585613455e-01
 -1.9299999999999997e+01   2.0065187621022700e+00   9.9998937643516350e-01
 -1.9250000000000000e+01   2.0065934936551599e+00   9.9998913146035484e-01
 -1.9199999999999999e+01   2.0066690923810580e+00   9.9998888080170323e-01
 -1.9149999999999999e+01   2.0067455685840536e+00   9.9998862432611946e-01
 -1.9099999999999998e+01   2.0068229326963105e+00   9.9998836189735540e-01
 -1.9049999999999997e+01   2.0069011952797950e+00   9.9998809337592753e-01
 -1.9000000000000000e+01   2.0069803670279613e+00   9.9998781861903874e-01
 -1.8949999999999999e+01   2.0070604587675116e+00   9.9998753748049807e-01
 -1.8899999999999999e+01   2.0071414814603066e+00   9.9998724981063802e-01
 -1.8849999999999998e+01   2.0072234462049150e+00   9.9998695545623117e-01
 -1.8799999999999997e+01   2.0073063642389641e+00   9.9998665426040190e-01
 -1.8750000000000000e+01   2.0073902469403939e+00   9.9998634606254000e-01
 -1.8699999999999999e+01   2.0074751058299412e+00   9.9998603069820780e-01
 -1.8649999999999999e+01   2.0075609525728026e+00   9.9998570799904796e-01
 -1.8599999999999998e+01   2.0076477989804675e+00   9.9998537779268859e-01
 -1.8549999999999997e+01   2.0077356570131131e+00   9.9998503990264387e-01
 -1.8500000000000000e+01   2.0078245387814651e+00   9.9998469414821434e-01
 -1.8449999999999999e+01   2.0079144565486224e+00   9.9998434034438499e-01
 -1.8399999999999999e+01   2.0080054227323370e+00   9.9998397830171915e-01
 -1.8349999999999998e+01   2.0080974499072899e+00   9.9998360782624973e-01
 -1.8299999999999997e+01   2.0081905508071571e+00   9.9998322871936884e-01
 -1.8250000000000000e+01   2.0082847383266826e+00   9.9998284077771460e-01
 -1.8199999999999999e+01   2.0083800255241431e+00   9.9998244379305368e-01
 -1.8149999999999999e+01   2.0084764256233982e+00   9.9998203755216275e-01
 -1.8099999999999998e+01   2.0085739520161625e+00   9.9998162183670614e-01
 -1.8049999999999997e+01   2.0086726182646029e+00   9.9998119642310912e-01
 -1.8000000000000000e+01   2.0087724381035774e+00   9.9998076108242973e-01
 -1.7949999999999999e+01   2.0088734254430136e+00   9.9998031558022682e-01
 -1.7899999999999999e+01   2.0089755943704648e+00   9.9997985967642422e-01
 -1.7849999999999998e+01   2.0090789591533809e+00   9.9997939312517281e-01
 -1.7799999999999997e+01   2.0091835342419686e+00   9.9997891567470665e-01
 -1.7750000000000000e+01   2.0092893342715001e+00   9.9997842706719808e-01
 -1.7699999999999999e+01   2.0093963740651390e+00   9.9997792703860700e-01
 -1.7649999999999999e+01   2.0095046686365485e+00   9.9997741531852735e-01
 -1.7600000000000001e+01   2.0096142331923028e+00   9.9997689163003101e-01
 -1.7549999999999997e+01   2.0097250831350131e+00   9.9997635568950427e-01
 -1.7500000000000000e+01   2.0098372340661066e+00   9.9997580720648216e-01
 -1.7449999999999999e+01   2.0099507017883225e+00   9.9997524588347997e-01
 -1.7399999999999999e+01   2.0100655023090472e+00   9.9997467141581664e-01
 -1.7350000000000001e+01   2.0101816518428630e+00   9.9997408349143768e-01
 -1.7299999999999997e+01   2.0102991668147197e+00   9.9997348179073065e-01
 -1.7250000000000000e+01   2.0104180638630642e+00   9.9997286598633628e-01
 -1.7199999999999999e+01   2.0105383598426543e+00   9.9997223574295668e-01
 -1.7149999999999999e+01   2.0106600718278758e+00   9.9997159071715613e-01
 -1.7100000000000001e+01   2.0107832171159075e+00   9.9997093055715780e-01
 -1.7049999999999997e+01   2.0109078132300309e+00   9.9997025490263469e-01
 -1.7000000000000000e+01   2.0110338779228245e+00   9.9996956338449605e-01
 -1.6949999999999999e+01   2.0111614291793805e+00   9.9996885562466842e-01
 -1.6899999999999999e+01   2.0112904852210804e+00   9.9996813123586814e-01
 -1.6850000000000001e+01   2.0114210645087423e+00   9.9996738982137179e-01
 -1.6799999999999997e+01   2.0115531857462581e+00   9.9996663097477811e-01
 -1.6750000000000000e+01   2.0116868678843050e+00   9.9996585427976370e-01
 -1.6699999999999999e+01   2.0118221301237913e+00   9.9996505930983404e-01
 -1.6649999999999999e+01   2.0119589919196921e+00   9.9996424562806618e-01
 -1.6600000000000001e+01   2.0120974729847965e+00   9.9996341278684553e-01
 -1.6549999999999997e+01   2.0122375932934533e+00   9.9996256032759601e-01
 -1.6500000000000000e+01   2.0123793730857269e+00   9.9996168778050110e-01
 -1.6449999999999999e+01   2.0125228328711735e+00   9.9996079466422017e-01
 -1.6399999999999999e+01   2.0126679934328777e+00   9.9995988048559614e-01
 -1.6350000000000001e+01   2.0128148758317503e+00   9.9995894473935421e-01
 -1.6299999999999997e+01   2.0129635014105460e+00   9.9995798690779469e-01
 -1.6250000000000000e+01   2.0131138917982039e+00   9.9995700646047625e-01
 -1.6199999999999999e+01   2.0132660689142101e+00   9.9995600285389086e-01
 -1.6149999999999999e+01   2.0134200549730790e+00   9.9995497553112989e-01
 -1.6100000000000001e+01   2.0135758724885280e+00   9.9995392392154381e-01
 -1.6049999999999997e+01   2.0137335442785202e+00   9.9995284744038748e-01
 -1.6000000000000000e+01   2.0138930934697150e+00   9.9995174548846044e-01
 -1.5949999999999999e+01   2.0140545435020583e+00   9.9995061745173719e-01
 -1.5899999999999999e+01   2.0142179181339674e+00   9.9994946270098395e-01
 -1.5850000000000000e+01   2.0143832414468634e+00   9.9994828059137031e-01
 -1.5799999999999999e+01   2.0145505378505568e+00   9.9994707046206488e-01
 -1.5750000000000000e+01   2.0147198320881334e+00   9.9994583163582429e-01
 -1.5699999999999999e+01   2.0148911492411554e+00   9.9994456341856941e-01
 -1.5649999999999999e+01   2.0150645147350636e+00   9.9994326509894926e-01
 -1.5600000000000000e+01   2.0152399543444721e+00   9.9994193594789460e-01
 -1.5549999999999999e+01   2.0154174941987715e+00   9.9994057521815771e-01
 -1.5500000000000000e+01   2.0155971607876237e+00   9.9993918214384125e-01
 -1.5449999999999999e+01   2.0157789809666085e+00   9.9993775593991385e-01
 -1.5399999999999999e+01   2.0159629819632858e+00   9.9993629580170995e-01
 -1.5350000000000000e+01   2.0161491913829082e+00   9.9993480090441955e-01
 -1.5299999999999999e+01   2.0163376372144985e+00   9.9993327040256186e-01
 -1.5250000000000000e+01   2.0165283478369420e+00   9.9993170342944526e-01
 -1.5199999999999999e+01   2.0167213520253977e+00   9.9993009909661068e-01
 -1.5149999999999999e+01   2.0169166789575645e+00   9.9992845649326167e-01
 -1.5100000000000000e+01   2.0171143582201703e+00   9.9992677468567792e-01
 -1.5049999999999999e+01   2.0173144198156945e+00   9.9992505271661147e-01
 -1.5000000000000000e+01   2.0175168941691246e+00   9.9992328960466692e-01
 -1.4949999999999999e+01   2.0177218121347411e+00   9.9992148434366523e-01
 -1.4899999999999999e+01   2.0179292050032638e+00   9.9991963590198774e-01
 -1.4850000000000000e+01   2.0181391045089310e+00   9.9991774322190352e-01
 -1.4799999999999999e+01   2.0183515428368399e+00   9.9991580521887691e-01
 -1.4750000000000000e+01   2.0185665526304337e+00   9.9991382078085533e-01
 -1.4699999999999999e+01   2.0187841669989912e+00   9.9991178876753850e-01
 -1.4649999999999999e+01   2.0190044195255057e+00   9.9990970800962464e-01
 -1.4600000000000000e+01   2.0192273442744755e+00   9.9990757730803770e-01
 -1.4549999999999999e+01   2.0194529758000779e+00   9.9990539543313040e-01
 -1.4500000000000000e+01   2.0196813491542840e+00   9.9990316112386679e-01
 -1.4449999999999999e+01   2.0199124998952080e+00   9.9990087308698083e-01
 -1.4400000000000000e+01   2.0201464640959306e+00   9.9989852999610784e-01
 -1.4350000000000000e+01   2.0203832783529063e+00   9.9989613049089698e-01
 -1.4299999999999999e+01   2.0206229797949860e+00   9.9989367317609390e-01
 -1.4250000000000000e+01   2.0208656060926300e+00   9.9989115662059680e-01
 -1.4199999999999999e+01   2.0211111954670917e+00   9.9988857935648756e-01
 -1.4150000000000000e+01   2.0213597866998212e+00   9.9988593987803454e-01
 -1.4100000000000000e+01   2.0216114191422521e+00   9.9988323664066447e-01
 -1.4049999999999999e+01   2.0218661327256111e+00   9.9988046805990649e-01
 -1.4000000000000000e+01   2.0221239679710155e+00   9.9987763251030437e-01
 -1.3949999999999999e+01   2.0223849659997040e+00   9.9987472832429802e-01
 -1.3900000000000000e+01   2.0226491685436043e+00   9.9987175379107085e-01
 -1.3850000000000000e+01   2.0229166179560480e+00   9.9986870715536413e-01
 -1.3799999999999999e+01   2.0231873572226653e+00   9.9986558661625713e-01
 -1.3750000000000000e+01   2.0234614299726772e+00   9.9986239032590929e-01
 -1.3699999999999999e+01   2.0237388804901841e+00   9.9985911638826819e-01
 -1.3650000000000000e+01   2.0240197537259994e+00   9.9985576285773559e-01
 -1.3600000000000000e+01   2.0243040953093847e+00   9.9985232773779809e-01
 -1.3549999999999999e+01   2.0245919515603936e+00   9.9984880897961281e-01
 -1.3500000000000000e+01   2.0248833695022173e+00   9.9984520448055403e-01
 -1.3449999999999999e+01   2.0251783968739350e+00   9.9984151208271466e-01
 -1.3400000000000000e+01   2.0254770821434507e+00   9.9983772957136396e-01
 -1.3350000000000000e+01   2.0257794745209221e+00   9.9983385467335628e-01
 -1.3299999999999999e+01   2.0260856239722296e+00   9.9982988505549486e-01
 -1.3250000000000000e+01   2.0263955812327743e+00   9.9982581832284600e-01
 -1.3199999999999999e+01   2.0267093978218558e+00   9.9982165201699846e-01
 -1.3150000000000000e+01   2.0270271260569928e+00   9.9981738361427486e-01
 -1.3100000000000000e+01   2.0273488190688664e+00   9.9981301052388460e-01
 -1.3049999999999999e+01   2.0276745308164510e+00   9.9980853008602233e-01
 -1.3000000000000000e+01   2.0280043161024959e+00   9.9980393956990787e-01
 -1.2949999999999999e+01   2.0283382305893864e+00   9.9979923617176569e-01
 -1.2900000000000000e+01   2.0286763308154252e+00   9.9979441701274108e-01
 -1.2850000000000000e+01   2.0290186742113283e+00   9.9978947913675420e-01
 -1.2799999999999999e+01   2.0293653191172925e+00   9.9978441950828489e-01
 -1.2750000000000000e+01   2.0297163248003049e+00   9.9977923501009069e-01
 -1.2699999999999999e+01   2.0300717514719451e+00   9.9977392244085239e-01
 -1.2650000000000000e+01   2.0304316603065606e+00   9.9976847851274653e-01
 -1.2600000000000000e+01   2.0307961134598971e+00   9.9976289984894129e-01
 -1.2549999999999999e+01   2.0311651740881236e+00   9.9975718298101424e-01
 -1.2500000000000000e+01   2.0315389063673499e+00   9.9975132434628788e-01
 -1.2449999999999999e+01   2.0319173755135345e+00   9.9974532028508201e-01
 -1.2400000000000000e+01   2.0323006478030932e+00   9.9973916703787513e-01
 -1.2350000000000000e+01   2.0326887905936584e+00   9.9973286074238099e-01
 -1.2299999999999999e+01   2.0330818723455786e+00   9.9972639743052771e-01
 -1.2250000000000000e+01   2.0334799626438604e+00   9.9971977302534143e-01
 -1.2199999999999999e+01   2.0338831322206881e+00   9.9971298333772884e-01
 -1.2150000000000000e+01   2.0342914529784446e+00   9.9970602406315678e-01
 -1.2100000000000000e+01   2.0347049980132903e+00   9.9969889077822438e-01
 -1.2049999999999999e+01   2.0351238416393440e+00   9.9969157893712357e-01
 -1.2000000000000000e+01   2.0355480594135122e+00   9.9968408386798335e-01
 -1.1949999999999999e+01   2.0359777281608480e+00   9.9967640076909603e-01
 -1.1900000000000000e+01   2.0364129260005477e+00   9.9966852470501966e-01
 -1.1850000000000000e+01   2.0368537323726925e+00   9.9966045060255049e-01
 -1.1799999999999999e+01   2.0373002280655363e+00   9.9965217324656475e-01
 -1.1750000000000000e+01   2.0377524952436286e+00   9.9964368727571995e-01
 -1.1699999999999999e+01   2.0382106174764894e+00   9.9963498717801635e-01
 -1.1650000000000000e+01   2.0386746797681630e+00   9.9962606728620751e-01
 -1.1600000000000000e+01   2.0391447685874287e+00   9.9961692177305916e-01
 -1.1549999999999999e+01   2.0396209718988221e+00   9.9960754464644819e-01
 -1.1500000000000000e+01   2.0401033791945347e+00   9.9959792974429484e-01
 -1.1449999999999999e+01   2.0405920815269467e+00   9.9958807072932743e-01
 -1.1400000000000000e+01   2.0410871715422529e+00   9.9957796108366437e-01
 -1.1350000000000000e+01   2.0415887435147835e+00   9.9956759410321538e-01
 -1.1299999999999999e+01   2.0420968933823547e+00   9.9955696289188867e-01
 -1.1250000000000000e+01   2.0426117187824504e+00   9.9954606035560134e-01
 -1.1199999999999999e+01   2.0431333190894736e+00   9.9953487919608142e-01
 -1.1150000000000000e+01   2.0436617954528704e+00   9.9952341190445793e-01
 -1.1100000000000000e+01   2.0441972508364441e+00   9.9951165075462511e-01
 -1.1049999999999999e+01   2.0447397900585282e+00   9.9949958779637971e-01
 -1.1000000000000000e+01   2.0452895198334775e+00   9.9948721484831327e-01
 -1.0949999999999999e+01   2.0458465488140720e+00   9.9947452349045973e-01
 -1.0900000000000000e+01   2.0464109876352490e+00   9.9946150505668019e-01
 -1.0850000000000000e+01   2.0469829489589602e+00   9.9944815062677994e-01
 -1.0799999999999999e+01   2.0475625475202430e+00   9.9943445101834616e-01
 -1.0750000000000000e+01   2.0481499001746895e+00   9.9942039677829186e-01
 -1.0699999999999999e+01   2.0487451259471485e+00   9.9940597817409915e-01
 -1.0650000000000000e+01   2.0493483460817838e+00   9.9939118518474812e-01
 -1.0600000000000000e+01   2.0499596840936261e+00   9.9937600749131628e-01
 -1.0549999999999999e+01   2.0505792658214985e+00   9.9936043446723954e-01
 -1.0500000000000000e+01   2.0512072194825466e+00   9.9934445516821657e-01
 -1.0449999999999999e+01   2.0518436757282599e+00   9.9932805832174576e-01
 -1.0400000000000000e+01   2.0524887677021435e+00   9.9931123231627761e-01
 -1.0350000000000000e+01   2.0531426310990155e+00   9.9929396518996849e-01
 -1.0299999999999999e+01   2.0538054042261149e+00   9.9927624461901610e-01
 -1.0250000000000000e+01   2.0544772280659198e+00   9.9925805790556343e-01
 -1.0199999999999999e+01   2.0551582463408331e+00   9.9923939196515099e-01
 -1.0150000000000000e+01   2.0558486055797784e+00   9.9922023331369858e-01
 -1.0100000000000000e+01   2.0565484551868440e+00   9.9920056805399537e-01
 -1.0050000000000001e+01   2.0572579475118848e+00   9.9918038186168157e-01
 -1.0000000000000000e+01   2.0579772379232861e+00   9.9915965997069667e-01
 -9.9499999999999993e+00   2.0587064848829253e+00   9.9913838715817271e-01
 -9.9000000000000004e+00   2.0594458500233945e+00   9.9911654772874903e-01
 -9.8499999999999996e+00   2.0601954982275834e+00   9.9909412549828325e-01
 -9.8000000000000007e+00   2.0609555977107497e+00   9.9907110377693131e-01
 -9.7500000000000000e+00   2.0617263201050475e+00   9.9904746535157229e-01
 -9.6999999999999993e+00   2.0625078405467345e+00   9.9902319246754601e-01
 -9.6500000000000004e+00   2.0633003377660510e+00   9.9899826680967596e-01
 -9.5999999999999996e+00   2.0641039941800012e+00   9.9897266948254260e-01
 -9.5500000000000007e+00   2.0649189959879299e+00   9.9894638098997979e-01
 -9.5000000000000000e+00   2.0657455332702614e+00   9.9891938121375223e-01
 -9.4499999999999993e+00   2.0665838000902963e+00   9.9889164939138386e-01
 -9.4000000000000004e+00   2.0674339945992837e+00   9.9886316409309595e-01
 -9.3499999999999996e+00   2.0682963191449546e+00   9.9883390319781262e-01
 -9.3000000000000007e+00   2.0691709803834692e+00   9.9880384386819743e-01
 -9.2500000000000000e+00   2.0700581893950556e+00   9.9877296252467163e-01
 -9.1999999999999993e+00   2.0709581618034689e+00   9.9874123481836818e-01
 -9.1500000000000004e+00   2.0718711178993323e+00   9.9870863560297507e-01
 -9.1000000000000014e+00   2.0727972827676164e+00   9.9867513890541293e-01
 -9.0500000000000007e+00   2.0737368864193382e+00   9.9864071789529540e-01
 -9.0000000000000000e+00   2.0746901639276634e+00   9.9860534485311470e-01
 -8.9499999999999993e+00   2.0756573555686435e+00   9.9856899113708997e-01
 -8.8999999999999986e+00   2.0766387069666905e+00   9.9853162714861843e-01
 -8.8500000000000014e+00   2.0776344692450279e+00   9.9849322229626070e-01
 -8.8000000000000007e+00   2.0786448991812563e+00   9.9845374495819250e-01
 -8.7500000000000000e+00   2.0796702593683989e+00   9.9841316244304301e-01
 -8.6999999999999993e+00   2.0807108183814083e+00   9.9837144094905084e-01
 -8.6499999999999986e+00   2.0817668509495788e+00   9.9832854552144734e-01
 -8.6000000000000014e+00   2.0828386381349753e+00   9.9828444000798566e-01
 -8.5500000000000007e+00   2.0839264675171583e+00   9.9823908701252284e-01
 -8.5000000000000000e+00   2.0850306333844997e+00   9.9819244784655770e-01
 -8.4499999999999993e+00   2.0861514369323388e+00   9.9814448247862331e-01
 -8.3999999999999986e+00   2.0872891864682406e+00   9.9809514948142819e-01
 -8.3500000000000014e+00   2.0884441976247015e+00   9.9804440597663069e-01
 -8.3000000000000007e+00   2.0896167935796082e+00   9.9799220757712748e-01
 -8.2500000000000000e+00   2.0908073052847640e+00   9.9793850832672992e-01
 -8.1999999999999993e+00   2.0920160717028042e+00   9.9788326063709609e-01
 -8.1499999999999986e+00   2.0932434400529791e+00   9.9782641522177162e-01
 -8.1000000000000014e+00   2.0944897660660167e+00   9.9776792102719736e-01
 -8.0500000000000007e+00   2.0957554142486208e+00   9.9770772516051875e-01
 -8.0000000000000000e+00   2.0970407581579367e+00   9.9764577281403322e-01
 -7.9499999999999993e+00   2.0983461806864345e+00   9.9758200718609780e-01
 -7.8999999999999986e+00   2.0996720743577320e+00   9.9751636939830668e-01
 -7.8500000000000014e+00   2.1010188416337905e+00   9.9744879840874179e-01
 -7.8000000000000007e+00   2.1023868952339826e+00   9.9737923092108638e-01
 -7.7500000000000000e+00   2.1037766584666513e+00   9.9730760128937401e-01
 -7.6999999999999993e+00   2.1051885655736489e+00   9.9723384141813953e-01
 -7.6499999999999986e+00   2.1066230620884818e+00   9.9715788065771893e-01
 -7.6000000000000014e+00   2.1080806052086998e+00   9.9707964569443031e-01
 -7.5500000000000007e+00   2.1095616641831922e+00   9.9699906043535236e-01
 -7.5000000000000000e+00   2.1110667207150726e+00   9.9691604588740002e-01
 -7.4499999999999993e+00   2.1125962693808780e+00   9.9683052003037720e-01
 -7.3999999999999986e+00   2.1141508180668889e+00   9.9674239768366502e-01
 -7.3500000000000014e+00   2.1157308884233688e+00   9.9665159036618445e-01
 -7.3000000000000007e+00   2.1173370163375558e+00   9.9655800614925005e-01
 -7.2500000000000000e+00   2.1189697524263704e+00   9.9646154950190202e-01
 -7.1999999999999993e+00   2.1206296625497334e+00   9.9636212112828437e-01
 -7.1499999999999986e+00   2.1223173283455457e+00   9.9625961779660199e-01
 -7.1000000000000014e+00   2.1240333477873836e+00   9.9615393215916348e-01
 -7.0500000000000007e+00   2.1257783357659963e+00   9.9604495256298409e-01
 -7.0000000000000000e+00   2.1275529246958853e+00   9.9593256285038145e-01
 -6.9499999999999993e+00   2.1293577651480984e+00   9.9581664214897236e-01
 -6.8999999999999986e+00   2.1311935265106383e+00   9.9569706465042562e-01
 -6.8500000000000014e+00   2.1330608976778960e+00   9.9557369937728812e-01
 -6.8000000000000007e+00   2.1349605877705531e+00   9.9544640993715672e-01
 -6.7500000000000000e+00   2.1368933268875079e+00   9.9531505426341749e-01
 -6.6999999999999993e+00   2.1388598668915235e+00   9.9517948434171710e-01
 -6.6499999999999986e+00   2.1408609822303446e+00   9.9503954592127564e-01
 -6.6000000000000014e+00   2.1428974707951056e+00   9.9489507821009049e-01
 -6.5500000000000007e+00   2.1449701548180373e+00   9.9474591355300856e-01
 -6.5000000000000000e+00   2.1470798818115013e+00   9.9459187709157870e-01
 -6.4499999999999993e+00   2.1492275255506446e+00   9.9443278640450794e-01
 -6.3999999999999986e+00   2.1514139871019262e+00   9.9426845112747442e-01
 -6.3500000000000014e+00   2.1536401959000417e+00   9.9409867255094919e-01
 -6.3000000000000007e+00   2.1559071108758614e+00   9.9392324319458547e-01
 -6.2500000000000000e+00   2.1582157216382023e+00   9.9374194635662572e-01
 -6.1999999999999993e+00   2.1605670497123470e+00   9.9355455563666817e-01
 -6.1499999999999986e+00   2.1629621498384863e+00   9.9336083443000467e-01
 -6.1000000000000014e+00   2.1654021113334156e+00   9.9316053539161209e-01
 -6.0500000000000007e+00   2.1678880595190471e+00   9.9295339986773223e-01
 -6.0000000000000000e+00   2.1704211572214627e+00   9.9273915729282436e-01
 -5.9499999999999993e+00   2.1730026063445567e+00   9.9251752454949760e-01
 -5.8999999999999986e+00   2.1756336495225028e+00   9.9228820528885164e-01
 -5.8500000000000014e+00   2.1783155718555682e+00   9.9205088920845541e-01
 -5.8000000000000007e+00   2.1810497027340885e+00   9.9180525128497454e-01
 -5.7500000000000000e+00   2.1838374177557203e+00   9.9155095095822721e-01
 -5.6999999999999993e+00   2.1866801407414429e+00   9.9128763126318875e-01
 -5.6499999999999986e+00   2.1895793458560493e+00   9.9101491790619811e-01
 -5.6000000000000014e+00   2.1925365598393523e+00   9.9073241828130687e-01
 -5.5500000000000007e+00   2.1955533643546294e+00   9.9043972042239636e-01
 -5.5000000000000000e+00   2.1986313984613299e+00   9.9013639188632407e-01
 -5.4499999999999993e+00   2.2017723612194731e+00   9.8982197856197962e-01
 -5.3999999999999986e+00   2.2049780144336459e+00   9.8949600339971000e-01
 -5.3500000000000014e+00   2.2082501855451073e+00   9.8915796505510711e-01
 -5.3000000000000007e+00   2.2115907706809184e+00   9.8880733644066376e-01
 -5.2500000000000000e+00   2.2150017378697195e+00   9.8844356317825011e-01
 -5.1999999999999993e+00   2.2184851304343711e+00   9.8806606194476898e-01
 -5.1499999999999986e+00   2.2220430705722842e+00   9.8767421870270788e-01
 -5.1000000000000014e+00   2.2256777631350535e+00   9.8726738680658965e-01
 -5.0500000000000007e+00   2.2293914996196853e+00   9.8684488497555800e-01
 -5.0000000000000000e+00   2.2331866623845755e+00   9.8640599512148552e-01
 -4.9499999999999993e+00   2.2370657291041676e+00   9.8594996002107738e-01
 -4.8999999999999986e+00   2.2410312774771626e+00   9.8547598081943177e-01
 -4.8500000000000014e+00   2.2450859902040761e+00   9.8498321435142189e-01
 -4.8000000000000007e+00   2.2492326602509407e+00   9.8447077026605978e-01
 -4.7500000000000000e+00   2.2534741964169829e+00   9.8393770793769120e-01
 -4.6999999999999993e+00   2.2578136292252022e+00   9.8338303314643249e-01
 -4.6499999999999986e+00   2.2622541171559631e+00   9.8280569450868660e-01
 -4.6000000000000014e+00   2.2667989532448463e+00   9.8220457963686358e-01
 -4.5500000000000007e+00   2.2714515720672708e+00   9.8157851100555182e-01
 -4.5000000000000000e+00   2.2762155571336957e+00   9.8092624149933050e-01
 -4.4499999999999993e+00   2.2810946487204848e+00   9.8024644961517682e-01
 -4.3999999999999986e+00   2.2860927521628431e+00   9.7953773428997248e-01
 -4.3500000000000014e+00   2.2912139466375883e+00   9.7879860932093998e-01
 -4.3000000000000007e+00   2.2964624944648531e+00   9.7802749734391925e-01
 -4.2500000000000000e+00   2.3018428509590318e+00   9.7722272333123095e-01
 -4.1999999999999993e+00   2.3073596748606109e+00   9.7638250756739486e-01
 -4.1499999999999986e+00   2.3130178393815566e+00   9.7550495805722548e-01
 -4.1000000000000014e+00   2.3188224438979983e+00   9.7458806231672690e-01
 -4.0500000000000007e+00   2.3247788263246583e+00   9.7362967849279436e-01
 -4.0000000000000000e+00   2.3308925762060460e+00   9.7262752575293154e-01
 -3.9499999999999993e+00   2.3371695485596065e+00   9.7157917388102777e-01
 -3.8999999999999986e+00   2.3436158785056711e+00   9.7048203200969396e-01
 -3.8500000000000014e+00   2.3502379967182727e+00   9.6933333641369279e-01
 -3.8000000000000007e+00   2.3570426457292291e+00   9.6813013728266806e-01
 -3.7500000000000000e+00   2.3640368971154047e+00   9.6686928438464703e-01
 -3.6999999999999993e+00   2.3712281695954371e+00   9.6554741152470536e-01
 -3.6500000000000021e+00   2.3786242480571214e+00   9.6416091969579487e-01
 -3.6000000000000014e+00   2.3862333035298744e+00   9.6270595881109999e-01
 -3.5500000000000007e+00   2.3940639141077891e+00   9.6117840789951225e-01
 -3.5000000000000000e+00   2.4021250868173185e+00   9.5957385363804104e-01
 -3.4499999999999993e+00   2.4104262804089700e+00   9.5788756708741440e-01
 -3.4000000000000021e+00   2.4189774290340083e+00   9.5611447849001319e-01
 -3.3500000000000014e+00   2.4277889667441750e+00   9.5424914998298782e-01
 -3.3000000000000007e+00   2.4368718527239239e+00   9.5228574607439154e-01
 -3.2500000000000000e+00   2.4462375971296861e+00   9.5021800172698101e-01
 -3.1999999999999993e+00   2.4558982873677602e+00   9.4803918789378583e-01
 -3.1500000000000021e+00   2.4658666145902566e+00   9.4574207435255331e-01
 -3.1000000000000014e+00   2.4761559001253994e+00   9.4331888969394262e-01
 -3.0500000000000007e+00   2.4867801214823353e+00   9.4076127833241074e-01
 -3.0000000000000000e+00   2.4977539374794464e+00   9.3806025443092689e-01
 -2.9499999999999993e+00   2.5090927119363169e+00   9.3520615266333151e-01
 -2.9000000000000021e+00   2.5208125352404012e+00   9.3218857578411651e-01
 -2.8500000000000014e+00   2.5329302429471232e+00   9.2899633903807999e-01
 -2.8000000000000007e+00   2.5454634303934962e+00   9.2561741152583987e-01
 -2.7500000000000000e+00   2.5584304620973106e+00   9.2203885475044600e-01
 -2.6999999999999993e+00   2.5718504744735462e+00   9.1824675871109496e-01
 -2.6500000000000021e+00   2.5857433701243902e+00   9.1422617608883039e-01
 -2.6000000000000014e+00   2.6001298016474177e+00   9.0996105529365778e-01
 -2.5500000000000007e+00   2.6150311425577564e+00   9.0543417342102517e-01
 -2.5000000000000000e+00   2.6304694425362229e+00   9.0062707050701607e-01
 -2.4499999999999993e+00   2.6464673638014702e+00   8.9551998688489443e-01
 -2.4000000000000021e+00   2.6630480949691866e+00   8.9009180593943316e-01
 -2.3500000000000014e+00   2.6802352383202712e+00   8.8432000513684095e-01
 -2.3000000000000007e+00   2.6980526659771398e+00   8.7818061888055199e-01
 -2.2500000000000000e+00   2.7165243401127128e+00   8.7164821750651045e-01
 -2.1999999999999993e+00   2.7356740920379043e+00   8.6469590757605130e-01
 -2.1500000000000021e+00   2.7555253548901288e+00   8.5729535952953617e-01
 -2.1000000000000014e+00   2.7761008447507933e+00   8.4941686969427632e-01
 -2.0500000000000007e+00   2.7974221854494603e+00   8.4102946453825167e-01
 -2.0000000000000000e+00   2.8195094731742776e+00   8.3210105584440452e-01
 -1.9499999999999993e+00   2.8423807784236450e+00   8.2259865603559357e-01
 -1.9000000000000021e+00   2.8660515849285186e+00   8.1248866306070011e-01
 -1.8500000000000014e+00   2.8905341680640086e+00   8.0173722387763591e-01
 -1.8000000000000007e+00   2.9158369190386955e+00   7.9031068443142749e-01
 -1.7500000000000000e+00   2.9419636258287265e+00   7.7817613190389967e-01
 -1.6999999999999993e+00   2.9689127273473761e+00   7.6530203169606725e-01
 -1.6500000000000021e+00   2.9966765635163615e+00   7.5165895693430396e-01
 -1.6000000000000014e+00   3.0252406503751637e+00   7.3722040220457785e-01
 -1.5500000000000007e+00   3.0545830155832778e+00   7.2196366581082005e-01
 -1.5000000000000000e+00   3.0846736349048895e+00   7.0587077643555363e-01
 -1.4499999999999993e+00   3.1154740136327623e+00   6.8892943122750405e-01
 -1.4000000000000021e+00   3.1469369574609498e+00   6.7113390390255501e-01
 -1.3500000000000014e+00   3.1790065741787292e+00   6.5248587451083417e-01
 -1.3000000000000007e+00   3.2116185401051691e+00   6.3299512831835469e-01
 -1.2500000000000000e+00   3.2447006532315807e+00   6.1268007096121890e-01
 -1.1999999999999993e+00   3.2781736790101292e+00   5.9156801157142780e-01
 -1.1500000000000021e+00   3.3119524757343104e+00   5.6969517535365355e-01
 -1.1000000000000014e+00   3.3459473662608556e+00   5.4710642181386659e-01
 -1.0500000000000007e+00   3.3800657036378974e+00   5.2385466341060860e-01
 -1.0000000000000000e+00   3.4142135623729919e+00   5.0000000000007283e-01
 -9.4999999999999929e-01   3.4482974766622734e+00   4.7560860477342265e-01
 -9.0000000000000213e-01   3.4822261433098456e+00   4.5075141502220545e-01
 -8.5000000000000142e-01   3.5159120107556037e+00   4.2550269391172540e-01
 -8.0000000000000071e-01   3.5492726860336306e+00   3.9993853607753482e-01
 -7.5000000000000000e-01   3.5822321071293763e+00   3.7413538979223349e-01
 -6.9999999999999929e-01   3.6147214470099529e+00   3.4816866214152109e-01
 -6.5000000000000213e-01   3.6466797352688602e+00   3.2211146236371918e-01
 -6.0000000000000142e-01   3.6780542017264608e+00   2.9603352401704280e-01
 -5.5000000000000071e-01   3.7088003618058578e+00   2.7000033087304232e-01
 -5.0000000000000000e-01   3.7388818750439334e+00   2.4407245616092343e-01
 -4.4999999999999929e-01   3.7682702153413561e+00   2.1830511138415856e-01
 -4.0000000000000213e-01   3.7969441947113340e+00   1.9274789027330860e-01
 -3.5000000000000142e-01   3.8248893819646366e+00   1.6744468589818154e-01
 -3.0000000000000071e-01   3.8520974547980518e+00   1.4243375448264459e-01
 -2.5000000000000000e-01   3.8785655190212678e+00   1.1774789768608859e-01
 -1.9999999999999929e-01   3.9042954229820213e+00   9.3414735502431095e-02
 -1.5000000000000213e-01   3.9292930893086755e+00   6.9457043886446621e-02
 -1.0000000000000142e-01   3.9535678803866077e+00   4.5893134180444148e-02
 -5.0000000000000711e-02   3.9771320088514228e+00   2.2737254893784080e-02
  0.0000000000000000e+00   4.0000000000000000e+00   0.0000000000000000e+00
