# First column is time, second column is the perturbation of detonation velocity.
  0.0000000000000000e+00   1.0000000000000000e-10
  1.0000000000000000e-02   1.0126877080845635e-10
  2.0000000000000000e-02   1.0197705518865014e-10
  2.9999999999999999e-02   1.0271912279159119e-10
  4.0000000000000001e-02   1.0371886515071845e-10
  5.0000000000000003e-02   1.0499480913729141e-10
  5.9999999999999998e-02   1.0647045313328266e-10
  7.0000000000000007e-02   1.0804332420123333e-10
  8.0000000000000002e-02   1.0962476955942296e-10
  8.9999999999999997e-02   1.1115985770021569e-10
  1.0000000000000001e-01   1.1263392414203100e-10
  1.1000000000000000e-01   1.1406998543565143e-10
  1.2000000000000000e-01   1.1551981660081754e-10
  1.3000000000000000e-01   1.1705093716546452e-10
  1.4000000000000001e-01   1.1873180495166640e-10
  1.4999999999999999e-01   1.2061776413122429e-10
  1.6000000000000000e-01   1.2274033374626362e-10
  1.7000000000000001e-01   1.2510198570027507e-10
  1.7999999999999999e-01   1.2767758221458730e-10
  1.9000000000000000e-01   1.3042226966223810e-10
  2.0000000000000001e-01   1.3328416661439770e-10
  2.0999999999999999e-01   1.3621901169099326e-10
  2.2000000000000000e-01   1.3920337768797247e-10
  2.3000000000000001e-01   1.4224329540182502e-10
  2.3999999999999999e-01   1.4537614616257925e-10
  2.5000000000000000e-01   1.4866525567993551e-10
  2.6000000000000001e-01   1.5218838108813098e-10
  2.7000000000000002e-01   1.5602279632245582e-10
  2.8000000000000003e-01   1.6023056620552742e-10
  2.8999999999999998e-01   1.6484762275488814e-10
  2.9999999999999999e-01   1.6987939400557562e-10
  3.1000000000000000e-01   1.7530418166717858e-10
  3.2000000000000001e-01   1.8108360960592525e-10
  3.3000000000000002e-01   1.8717772640146892e-10
  3.4000000000000002e-01   1.9356117186406975e-10
  3.5000000000000003e-01   2.0023650641560641e-10
  3.5999999999999999e-01   2.0724144273117278e-10
  3.7000000000000000e-01   2.1464816743888204e-10
  3.8000000000000000e-01   2.2255485300710507e-10
  3.9000000000000001e-01   2.3107137375643144e-10
  4.0000000000000002e-01   2.4030268630370308e-10
  4.1000000000000003e-01   2.5033395324319824e-10
  4.1999999999999998e-01   2.6122111725115757e-10
  4.2999999999999999e-01   2.7298934922246352e-10
  4.4000000000000000e-01   2.8563990090944055e-10
  4.5000000000000001e-01   2.9916384521466593e-10
  4.6000000000000002e-01   3.1355948461145443e-10
  4.7000000000000003e-01   3.2884927088876288e-10
  4.7999999999999998e-01   3.4509214637440958e-10
  4.8999999999999999e-01   3.6238828424312973e-10
  5.0000000000000000e-01   3.8087502508040180e-10
  5.1000000000000001e-01   4.0071494322606574e-10
  5.2000000000000002e-01   4.2207891140513130e-10
  5.3000000000000003e-01   4.4512829039835780e-10
  5.4000000000000004e-01   4.7000063614423684e-10
  5.5000000000000004e-01   4.9680251249855425e-10
  5.6000000000000005e-01   5.2561130720142181e-10
  5.7000000000000006e-01   5.5648577363870215e-10
  5.7999999999999996e-01   5.8948288731647034e-10
  5.8999999999999997e-01   6.2467703563130960e-10
  5.9999999999999998e-01   6.6217694339795745e-10
  6.0999999999999999e-01   7.0213623726388063e-10
  6.2000000000000000e-01   7.4475506128844986e-10
  6.3000000000000000e-01   7.9027231748070615e-10
  6.4000000000000001e-01   8.3895039897785685e-10
  6.5000000000000002e-01   8.9105615093627316e-10
  6.6000000000000003e-01   9.4684277342533004e-10
  6.7000000000000004e-01   1.0065372212119618e-09
  6.8000000000000005e-01   1.0703363819146723e-09
  6.9000000000000006e-01   1.1384132237009610e-09
  7.0000000000000007e-01   1.2109316969281457e-09
  7.0999999999999996e-01   1.2880670349014969e-09
  7.1999999999999997e-01   1.3700267532047910e-09
  7.2999999999999998e-01   1.4570674335118329e-09
  7.3999999999999999e-01   1.5495033626927959e-09
  7.5000000000000000e-01   1.6477050556773103e-09
  7.6000000000000001e-01   1.7520881547266880e-09
  7.7000000000000002e-01   1.8630955727111244e-09
  7.8000000000000003e-01   1.9811774522621644e-09
  7.9000000000000004e-01   2.1067741214691128e-09
  8.0000000000000004e-01   2.2403065776792920e-09
  8.1000000000000005e-01   2.3821772668659712e-09
  8.2000000000000006e-01   2.5327814641169068e-09
  8.3000000000000007e-01   2.6925269939950644e-09
  8.3999999999999997e-01   2.8618579838275752e-09
  8.4999999999999998e-01   3.0412773249096558e-09
  8.5999999999999999e-01   3.2313627879445630e-09
  8.7000000000000000e-01   3.4327732497806029e-09
  8.8000000000000000e-01   3.6462438851848404e-09
  8.9000000000000001e-01   3.8725718856409099e-09
  9.0000000000000002e-01   4.1125966292765455e-09
  9.1000000000000003e-01   4.3671796606517955e-09
  9.2000000000000004e-01   4.6371899842512775e-09
  9.3000000000000005e-01   4.9234989796553281e-09
  9.4000000000000006e-01   5.2269869850671336e-09
  9.5000000000000007e-01   5.5485608084850570e-09
  9.5999999999999996e-01   5.8891787869800628e-09
  9.6999999999999997e-01   6.2498781710726194e-09
  9.7999999999999998e-01   6.6317990236724614e-09
  9.8999999999999999e-01   7.0361996509120246e-09
  1.0000000000000000e+00   7.4644606410913395e-09
