# ZND solution.
# Columns are: spatial coordinate; u; lamda.
 -3.2149999999999999e+01   2.0020000000000286e+00   9.9999899999999997e-01
 -3.2100000000000001e+01   2.0020000000000286e+00   9.9999899999999997e-01
 -3.2049999999999997e+01   2.0020000000000286e+00   9.9999899999999997e-01
 -3.2000000000000000e+01   2.0020000000000286e+00   9.9999899999999997e-01
 -3.1949999999999999e+01   2.0020000000000286e+00   9.9999899999999997e-01
 -3.1899999999999999e+01   2.0020000000000286e+00   9.9999899999999997e-01
 -3.1849999999999998e+01   2.0020000000000286e+00   9.9999899999999997e-01
 -3.1799999999999997e+01   2.0020000000000286e+00   9.9999899999999997e-01
 -3.1750000000000000e+01   2.0020085182750176e+00   9.9999899146358473e-01
 -3.1699999999999999e+01   2.0020232409895784e+00   9.9999897662397452e-01
 -3.1649999999999999e+01   2.0020380725017919e+00   9.9999896156511936e-01
 -3.1599999999999998e+01   2.0020530136283972e+00   9.9999894628376040e-01
 -3.1549999999999997e+01   2.0020680651932867e+00   9.9999893077658908e-01
 -3.1500000000000000e+01   2.0020832280252177e+00   9.9999891504024874e-01
 -3.1449999999999999e+01   2.0020985029604788e+00   9.9999889907133122e-01
 -3.1399999999999999e+01   2.0021138908420748e+00   9.9999888286637695e-01
 -3.1349999999999998e+01   2.0021293925190387e+00   9.9999886642187497e-01
 -3.1299999999999997e+01   2.0021450088470090e+00   9.9999884973426156e-01
 -3.1250000000000000e+01   2.0021607406881579e+00   9.9999883279991963e-01
 -3.1199999999999999e+01   2.0021765889117251e+00   9.9999881561517734e-01
 -3.1149999999999999e+01   2.0021925543931012e+00   9.9999879817630832e-01
 -3.1099999999999998e+01   2.0022086380153561e+00   9.9999878047952928e-01
 -3.1049999999999997e+01   2.0022248406673988e+00   9.9999876252100117e-01
 -3.1000000000000000e+01   2.0022411632461710e+00   9.9999874429682600e-01
 -3.0949999999999999e+01   2.0022576066548994e+00   9.9999872580304794e-01
 -3.0899999999999999e+01   2.0022741718037596e+00   9.9999870703565175e-01
 -3.0849999999999998e+01   2.0022908596107940e+00   9.9999868799056091e-01
 -3.0799999999999997e+01   2.0023076710003704e+00   9.9999866866363851e-01
 -3.0750000000000000e+01   2.0023246069040921e+00   9.9999864905068536e-01
 -3.0699999999999999e+01   2.0023416682613706e+00   9.9999862914743842e-01
 -3.0649999999999999e+01   2.0023588560185539e+00   9.9999860894957093e-01
 -3.0599999999999998e+01   2.0023761711298587e+00   9.9999858845269041e-01
 -3.0549999999999997e+01   2.0023936145560230e+00   9.9999856765233930e-01
 -3.0500000000000000e+01   2.0024111872661448e+00   9.9999854654399190e-01
 -3.0449999999999999e+01   2.0024288902366818e+00   9.9999852512305454e-01
 -3.0399999999999999e+01   2.0024467244515782e+00   9.9999850338486451e-01
 -3.0349999999999998e+01   2.0024646909029160e+00   9.9999848132468827e-01
 -3.0299999999999997e+01   2.0024827905900047e+00   9.9999845893772155e-01
 -3.0250000000000000e+01   2.0025010245205470e+00   9.9999843621908691e-01
 -3.0199999999999999e+01   2.0025193937096240e+00   9.9999841316383398e-01
 -3.0149999999999999e+01   2.0025378991805551e+00   9.9999838976693733e-01
 -3.0099999999999998e+01   2.0025565419645788e+00   9.9999836602329584e-01
 -3.0049999999999997e+01   2.0025753231011407e+00   9.9999834192773118e-01
 -3.0000000000000000e+01   2.0025942436379047e+00   9.9999831747498680e-01
 -2.9949999999999999e+01   2.0026133046305774e+00   9.9999829265972695e-01
 -2.9899999999999999e+01   2.0026325071433253e+00   9.9999826747653509e-01
 -2.9849999999999998e+01   2.0026518522484063e+00   9.9999824191991316e-01
 -2.9799999999999997e+01   2.0026713410271384e+00   9.9999821598427918e-01
 -2.9750000000000000e+01   2.0026909745688326e+00   9.9999818966396747e-01
 -2.9699999999999999e+01   2.0027107539716473e+00   9.9999816295322630e-01
 -2.9649999999999999e+01   2.0027306803423355e+00   9.9999813584621700e-01
 -2.9599999999999998e+01   2.0027507547963155e+00   9.9999810833701264e-01
 -2.9549999999999997e+01   2.0027709784579684e+00   9.9999808041959637e-01
 -2.9500000000000000e+01   2.0027913524606693e+00   9.9999805208786008e-01
 -2.9449999999999999e+01   2.0028118779462587e+00   9.9999802333560384e-01
 -2.9399999999999999e+01   2.0028325560660067e+00   9.9999799415653323e-01
 -2.9349999999999998e+01   2.0028533879805202e+00   9.9999796454425816e-01
 -2.9299999999999997e+01   2.0028743748588633e+00   9.9999793449229268e-01
 -2.9250000000000000e+01   2.0028955178800838e+00   9.9999790399405153e-01
 -2.9199999999999999e+01   2.0029168182323782e+00   9.9999787304284982e-01
 -2.9149999999999999e+01   2.0029382771133388e+00   9.9999784163190131e-01
 -2.9099999999999998e+01   2.0029598957297239e+00   9.9999780975431729e-01
 -2.9049999999999997e+01   2.0029816752984972e+00   9.9999777740310358e-01
 -2.9000000000000000e+01   2.0030036170460321e+00   9.9999774457116020e-01
 -2.8949999999999999e+01   2.0030257222084376e+00   9.9999771125127934e-01
 -2.8899999999999999e+01   2.0030479920317150e+00   9.9999767743614365e-01
 -2.8849999999999998e+01   2.0030704277719651e+00   9.9999764311832429e-01
 -2.8799999999999997e+01   2.0030930306949268e+00   9.9999760829028006e-01
 -2.8750000000000000e+01   2.0031158020763802e+00   9.9999757294435521e-01
 -2.8699999999999999e+01   2.0031387432028698e+00   9.9999753707277661e-01
 -2.8649999999999999e+01   2.0031618553708403e+00   9.9999750066765347e-01
 -2.8599999999999998e+01   2.0031851398871221e+00   9.9999746372097487e-01
 -2.8549999999999997e+01   2.0032085980691678e+00   9.9999742622460763e-01
 -2.8500000000000000e+01   2.0032322312447262e+00   9.9999738817029515e-01
 -2.8449999999999999e+01   2.0032560407521194e+00   9.9999734954965513e-01
 -2.8399999999999999e+01   2.0032800279405691e+00   9.9999731035417727e-01
 -2.8349999999999998e+01   2.0033041941704259e+00   9.9999727057522103e-01
 -2.8299999999999997e+01   2.0033285408125030e+00   9.9999723020401488e-01
 -2.8250000000000000e+01   2.0033530692488228e+00   9.9999718923165315e-01
 -2.8199999999999999e+01   2.0033777808725204e+00   9.9999714764909431e-01
 -2.8149999999999999e+01   2.0034026770879367e+00   9.9999710544715881e-01
 -2.8099999999999998e+01   2.0034277593107586e+00   9.9999706261652688e-01
 -2.8049999999999997e+01   2.0034530289678747e+00   9.9999701914773675e-01
 -2.8000000000000000e+01   2.0034784874978069e+00   9.9999697503118190e-01
 -2.7949999999999999e+01   2.0035041363507169e+00   9.9999693025710890e-01
 -2.7899999999999999e+01   2.0035299769885335e+00   9.9999688481561511e-01
 -2.7849999999999998e+01   2.0035560108846759e+00   9.9999683869664702e-01
 -2.7799999999999997e+01   2.0035822395247695e+00   9.9999679188999679e-01
 -2.7750000000000000e+01   2.0036086644065167e+00   9.9999674438530028e-01
 -2.7699999999999999e+01   2.0036352870394913e+00   9.9999669617203513e-01
 -2.7649999999999999e+01   2.0036621089456577e+00   9.9999664723951753e-01
 -2.7599999999999998e+01   2.0036891316594900e+00   9.9999659757689974e-01
 -2.7549999999999997e+01   2.0037163567274692e+00   9.9999654717316855e-01
 -2.7500000000000000e+01   2.0037437857088363e+00   9.9999649601714158e-01
 -2.7449999999999999e+01   2.0037714201758203e+00   9.9999644409746435e-01
 -2.7399999999999999e+01   2.0037992617130245e+00   9.9999639140260899e-01
 -2.7349999999999998e+01   2.0038273119183900e+00   9.9999633792086984e-01
 -2.7299999999999997e+01   2.0038555724021943e+00   9.9999628364036286e-01
 -2.7250000000000000e+01   2.0038840447882564e+00   9.9999622854902070e-01
 -2.7199999999999999e+01   2.0039127307138749e+00   9.9999617263459017e-01
 -2.7149999999999999e+01   2.0039416318295293e+00   9.9999611588463011e-01
 -2.7099999999999998e+01   2.0039707497987416e+00   9.9999605828650895e-01
 -2.7049999999999997e+01   2.0040000862992602e+00   9.9999599982739962e-01
 -2.7000000000000000e+01   2.0040296430223581e+00   9.9999594049427809e-01
 -2.6949999999999999e+01   2.0040594216729581e+00   9.9999588027392028e-01
 -2.6899999999999999e+01   2.0040894239703939e+00   9.9999581915289759e-01
 -2.6849999999999998e+01   2.0041196516475490e+00   9.9999575711757571e-01
 -2.6799999999999997e+01   2.0041501064519980e+00   9.9999569415410927e-01
 -2.6750000000000000e+01   2.0041807901455937e+00   9.9999563024843963e-01
 -2.6699999999999999e+01   2.0042117045045780e+00   9.9999556538629153e-01
 -2.6649999999999999e+01   2.0042428513198249e+00   9.9999549955316946e-01
 -2.6599999999999998e+01   2.0042742323969027e+00   9.9999543273435432e-01
 -2.6549999999999997e+01   2.0043058495565198e+00   9.9999536491489915e-01
 -2.6500000000000000e+01   2.0043377046341715e+00   9.9999529607962667e-01
 -2.6449999999999999e+01   2.0043697994806378e+00   9.9999522621312475e-01
 -2.6399999999999999e+01   2.0044021359618918e+00   9.9999515529974325e-01
 -2.6349999999999998e+01   2.0044347159593894e+00   9.9999508332358988e-01
 -2.6299999999999997e+01   2.0044675413702260e+00   9.9999501026852633e-01
 -2.6250000000000000e+01   2.0045006141072172e+00   9.9999493611816448e-01
 -2.6199999999999999e+01   2.0045339360991039e+00   9.9999486085586231e-01
 -2.6149999999999999e+01   2.0045675092904323e+00   9.9999478446472045e-01
 -2.6099999999999998e+01   2.0046013356421932e+00   9.9999470692757697e-01
 -2.6049999999999997e+01   2.0046354171315497e+00   9.9999462822700413e-01
 -2.6000000000000000e+01   2.0046697557519324e+00   9.9999454834530432e-01
 -2.5949999999999999e+01   2.0047043535137741e+00   9.9999446726450436e-01
 -2.5899999999999999e+01   2.0047392124442025e+00   9.9999438496635218e-01
 -2.5849999999999998e+01   2.0047743345869145e+00   9.9999430143231305e-01
 -2.5799999999999997e+01   2.0048097220031353e+00   9.9999421664356314e-01
 -2.5750000000000000e+01   2.0048453767710557e+00   9.9999413058098663e-01
 -2.5699999999999999e+01   2.0048813009864888e+00   9.9999404322516983e-01
 -2.5649999999999999e+01   2.0049174967627614e+00   9.9999395455639706e-01
 -2.5599999999999998e+01   2.0049539662307172e+00   9.9999386455464623e-01
 -2.5549999999999997e+01   2.0049907115394090e+00   9.9999377319958260e-01
 -2.5500000000000000e+01   2.0050277348555867e+00   9.9999368047055548e-01
 -2.5449999999999999e+01   2.0050650383645490e+00   9.9999358634659141e-01
 -2.5399999999999999e+01   2.0051026242700547e+00   9.9999349080638966e-01
 -2.5349999999999998e+01   2.0051404947941784e+00   9.9999339382831776e-01
 -2.5299999999999997e+01   2.0051786521778285e+00   9.9999329539040527e-01
 -2.5250000000000000e+01   2.0052170986810496e+00   9.9999319547033805e-01
 -2.5199999999999999e+01   2.0052558365826951e+00   9.9999309404545400e-01
 -2.5149999999999999e+01   2.0052948681810538e+00   9.9999299109273632e-01
 -2.5099999999999998e+01   2.0053341957941710e+00   9.9999288658880736e-01
 -2.5049999999999997e+01   2.0053738217592261e+00   9.9999278050992502e-01
 -2.5000000000000000e+01   2.0054137484337504e+00   9.9999267283197402e-01
 -2.4949999999999999e+01   2.0054539781949376e+00   9.9999256353046229e-01
 -2.4899999999999999e+01   2.0054945134406554e+00   9.9999245258051261e-01
 -2.4849999999999998e+01   2.0055353565886582e+00   9.9999233995685910e-01
 -2.4799999999999997e+01   2.0055765100776801e+00   9.9999222563383838e-01
 -2.4750000000000000e+01   2.0056179763671498e+00   9.9999210958538454e-01
 -2.4699999999999999e+01   2.0056597579376332e+00   9.9999199178502185e-01
 -2.4649999999999999e+01   2.0057018572909180e+00   9.9999187220585850e-01
 -2.4600000000000001e+01   2.0057442769499914e+00   9.9999175082058045e-01
 -2.4549999999999997e+01   2.0057870194597140e+00   9.9999162760144322e-01
 -2.4500000000000000e+01   2.0058300873867183e+00   9.9999150252026581e-01
 -2.4449999999999999e+01   2.0058734833199576e+00   9.9999137554842255e-01
 -2.4399999999999999e+01   2.0059172098701907e+00   9.9999124665683803e-01
 -2.4350000000000001e+01   2.0059612696708768e+00   9.9999111581597777e-01
 -2.4299999999999997e+01   2.0060056653781819e+00   9.9999098299584133e-01
 -2.4250000000000000e+01   2.0060503996715133e+00   9.9999084816595374e-01
 -2.4199999999999999e+01   2.0060954752528626e+00   9.9999071129536043e-01
 -2.4149999999999999e+01   2.0061408948481425e+00   9.9999057235261601e-01
 -2.4100000000000001e+01   2.0061866612065984e+00   9.9999043130577869e-01
 -2.4049999999999997e+01   2.0062327771013555e+00   9.9999028812240121e-01
 -2.4000000000000000e+01   2.0062792453295581e+00   9.9999014276952281e-01
 -2.3949999999999999e+01   2.0063260687129265e+00   9.9998999521365983e-01
 -2.3899999999999999e+01   2.0063732500975227e+00   9.9998984542079861e-01
 -2.3850000000000001e+01   2.0064207923541879e+00   9.9998969335638610e-01
 -2.3799999999999997e+01   2.0064686983791682e+00   9.9998953898531984e-01
 -2.3750000000000000e+01   2.0065169710936201e+00   9.9998938227194123e-01
 -2.3699999999999999e+01   2.0065656134443937e+00   9.9998922318002470e-01
 -2.3649999999999999e+01   2.0066146284042374e+00   9.9998906167276846e-01
 -2.3600000000000001e+01   2.0066640189718328e+00   9.9998889771278576e-01
 -2.3549999999999997e+01   2.0067137881721857e+00   9.9998873126209475e-01
 -2.3500000000000000e+01   2.0067639390571288e+00   9.9998856228210786e-01
 -2.3449999999999999e+01   2.0068144747051160e+00   9.9998839073362333e-01
 -2.3399999999999999e+01   2.0068653982218971e+00   9.9998821657681369e-01
 -2.3350000000000001e+01   2.0069167127404484e+00   9.9998803977121653e-01
 -2.3299999999999997e+01   2.0069684214217327e+00   9.9998786027572228e-01
 -2.3250000000000000e+01   2.0070205274542814e+00   9.9998767804856592e-01
 -2.3199999999999999e+01   2.0070730340553267e+00   9.9998749304731305e-01
 -2.3149999999999999e+01   2.0071259444702867e+00   9.9998730522885160e-01
 -2.3100000000000001e+01   2.0071792619736608e+00   9.9998711454937839e-01
 -2.3049999999999997e+01   2.0072329898688617e+00   9.9998692096438924e-01
 -2.3000000000000000e+01   2.0072871314888991e+00   9.9998672442866587e-01
 -2.2949999999999999e+01   2.0073416901963621e+00   9.9998652489626516e-01
 -2.2899999999999999e+01   2.0073966693839278e+00   9.9998632232050622e-01
 -2.2850000000000001e+01   2.0074520724746634e+00   9.9998611665395809e-01
 -2.2799999999999997e+01   2.0075079029224168e+00   9.9998590784842689e-01
 -2.2750000000000000e+01   2.0075641642117699e+00   9.9998569585494435e-01
 -2.2699999999999999e+01   2.0076208598585934e+00   9.9998548062375392e-01
 -2.2649999999999999e+01   2.0076779934106503e+00   9.9998526210429650e-01
 -2.2600000000000001e+01   2.0077355684473539e+00   9.9998504024519907e-01
 -2.2549999999999997e+01   2.0077935885806055e+00   9.9998481499425906e-01
 -2.2500000000000000e+01   2.0078520574549295e+00   9.9998458629843112e-01
 -2.2449999999999999e+01   2.0079109787476703e+00   9.9998435410381348e-01
 -2.2399999999999999e+01   2.0079703561694986e+00   9.9998411835563283e-01
 -2.2350000000000001e+01   2.0080301934648226e+00   9.9998387899822938e-01
 -2.2299999999999997e+01   2.0080904944121065e+00   9.9998363597504192e-01
 -2.2250000000000000e+01   2.0081512628241325e+00   9.9998338922859298e-01
 -2.2199999999999999e+01   2.0082125025482545e+00   9.9998313870047373e-01
 -2.2149999999999999e+01   2.0082742174671595e+00   9.9998288433132654e-01
 -2.2100000000000001e+01   2.0083364114990685e+00   9.9998262606082955e-01
 -2.2049999999999997e+01   2.0083990885977476e+00   9.9998236382768180e-01
 -2.2000000000000000e+01   2.0084622527534131e+00   9.9998209756958434e-01
 -2.1949999999999999e+01   2.0085259079929783e+00   9.9998182722322382e-01
 -2.1899999999999999e+01   2.0085900583801313e+00   9.9998155272425648e-01
 -2.1850000000000001e+01   2.0086547080162362e+00   9.9998127400728842e-01
 -2.1799999999999997e+01   2.0087198610403254e+00   9.9998099100585935e-01
 -2.1750000000000000e+01   2.0087855216296719e+00   9.9998070365242364e-01
 -2.1699999999999999e+01   2.0088516940002896e+00   9.9998041187833131e-01
 -2.1649999999999999e+01   2.0089183824070527e+00   9.9998011561381039e-01
 -2.1600000000000001e+01   2.0089855911445533e+00   9.9997981478794573e-01
 -2.1549999999999997e+01   2.0090533245470801e+00   9.9997950932866131e-01
 -2.1500000000000000e+01   2.0091215869894672e+00   9.9997919916269840e-01
 -2.1449999999999999e+01   2.0091903828871760e+00   9.9997888421559677e-01
 -2.1399999999999999e+01   2.0092597166971089e+00   9.9997856441167232e-01
 -2.1350000000000001e+01   2.0093295929174708e+00   9.9997823967399857e-01
 -2.1299999999999997e+01   2.0094000160891201e+00   9.9997790992438107e-01
 -2.1250000000000000e+01   2.0094709907951578e+00   9.9997757508333951e-01
 -2.1199999999999999e+01   2.0095425216620337e+00   9.9997723507008240e-01
 -2.1149999999999999e+01   2.0096146133594415e+00   9.9997688980248711e-01
 -2.1100000000000001e+01   2.0096872706013227e+00   9.9997653919707419e-01
 -2.1049999999999997e+01   2.0097604981463126e+00   9.9997618316898396e-01
 -2.1000000000000000e+01   2.0098343007977006e+00   9.9997582163195509e-01
 -2.0949999999999999e+01   2.0099086834045137e+00   9.9997545449829728e-01
 -2.0899999999999999e+01   2.0099836508619608e+00   9.9997508167886662e-01
 -2.0850000000000001e+01   2.0100592081116346e+00   9.9997470308304170e-01
 -2.0799999999999997e+01   2.0101353601422147e+00   9.9997431861869690e-01
 -2.0750000000000000e+01   2.0102121119901573e+00   9.9997392819217512e-01
 -2.0699999999999999e+01   2.0102894687398809e+00   9.9997353170826275e-01
 -2.0649999999999999e+01   2.0103674355246919e+00   9.9997312907016034e-01
 -2.0600000000000001e+01   2.0104460175270686e+00   9.9997272017945604e-01
 -2.0549999999999997e+01   2.0105252199793089e+00   9.9997230493609679e-01
 -2.0500000000000000e+01   2.0106050481641202e+00   9.9997188323835917e-01
 -2.0449999999999999e+01   2.0106855074152223e+00   9.9997145498281981e-01
 -2.0399999999999999e+01   2.0107666031177631e+00   9.9997102006432614e-01
 -2.0350000000000001e+01   2.0108483407092037e+00   9.9997057837596426e-01
 -2.0299999999999997e+01   2.0109307256796010e+00   9.9997012980902933e-01
 -2.0250000000000000e+01   2.0110137635724694e+00   9.9996967425299244e-01
 -2.0199999999999999e+01   2.0110974599853142e+00   9.9996921159546859e-01
 -2.0149999999999999e+01   2.0111818205702376e+00   9.9996874172218375e-01
 -2.0100000000000001e+01   2.0112668510344900e+00   9.9996826451694165e-01
 -2.0049999999999997e+01   2.0113525571413624e+00   9.9996777986158802e-01
 -2.0000000000000000e+01   2.0114389447105387e+00   9.9996728763597731e-01
 -1.9949999999999999e+01   2.0115260196190836e+00   9.9996678771793512e-01
 -1.9899999999999999e+01   2.0116137878017919e+00   9.9996627998322374e-01
 -1.9850000000000001e+01   2.0117022552520272e+00   9.9996576430550410e-01
 -1.9799999999999997e+01   2.0117914280225579e+00   9.9996524055629721e-01
 -1.9750000000000000e+01   2.0118813122259911e+00   9.9996470860494713e-01
 -1.9699999999999999e+01   2.0119719140356023e+00   9.9996416831858104e-01
 -1.9649999999999999e+01   2.0120632396861198e+00   9.9996361956206881e-01
 -1.9600000000000001e+01   2.0121552954743867e+00   9.9996306219798259e-01
 -1.9549999999999997e+01   2.0122480877600335e+00   9.9996249608655563e-01
 -1.9500000000000000e+01   2.0123416229665172e+00   9.9996192108563808e-01
 -1.9449999999999999e+01   2.0124359075815983e+00   9.9996133705065549e-01
 -1.9399999999999999e+01   2.0125309481581293e+00   9.9996074383456457e-01
 -1.9350000000000001e+01   2.0126267513150502e+00   9.9996014128780697e-01
 -1.9299999999999997e+01   2.0127233237379354e+00   9.9995952925826492e-01
 -1.9250000000000000e+01   2.0128206721801458e+00   9.9995890759121231e-01
 -1.9199999999999999e+01   2.0129188034632870e+00   9.9995827612926924e-01
 -1.9149999999999999e+01   2.0130177244781966e+00   9.9995763471235244e-01
 -1.9100000000000001e+01   2.0131174421859104e+00   9.9995698317762483e-01
 -1.9049999999999997e+01   2.0132179636183309e+00   9.9995632135944612e-01
 -1.9000000000000000e+01   2.0133192958792878e+00   9.9995564908932000e-01
 -1.8949999999999999e+01   2.0134214461452462e+00   9.9995496619584257e-01
 -1.8899999999999999e+01   2.0135244216663581e+00   9.9995427250464763e-01
 -1.8850000000000001e+01   2.0136282297672983e+00   9.9995356783835243e-01
 -1.8799999999999997e+01   2.0137328778481307e+00   9.9995285201650208e-01
 -1.8750000000000000e+01   2.0138383733854504e+00   9.9995212485551122e-01
 -1.8699999999999999e+01   2.0139447239332360e+00   9.9995138616860646e-01
 -1.8649999999999999e+01   2.0140519371236798e+00   9.9995063576576804e-01
 -1.8600000000000001e+01   2.0141600206684198e+00   9.9994987345366748e-01
 -1.8549999999999997e+01   2.0142689823594284e+00   9.9994909903560658e-01
 -1.8500000000000000e+01   2.0143788300699974e+00   9.9994831231145453e-01
 -1.8449999999999999e+01   2.0144895717558517e+00   9.9994751307758301e-01
 -1.8399999999999999e+01   2.0146012154561102e+00   9.9994670112680106e-01
 -1.8350000000000001e+01   2.0147137692945210e+00   9.9994587624828690e-01
 -1.8299999999999997e+01   2.0148272414802832e+00   9.9994503822752134e-01
 -1.8250000000000000e+01   2.0149416403094471e+00   9.9994418684621578e-01
 -1.8199999999999999e+01   2.0150569741657778e+00   9.9994332188224277e-01
 -1.8149999999999999e+01   2.0151732515220209e+00   9.9994244310956237e-01
 -1.8100000000000001e+01   2.0152904809411147e+00   9.9994155029814735e-01
 -1.8049999999999997e+01   2.0154086710771613e+00   9.9994064321390896e-01
 -1.8000000000000000e+01   2.0155278306768212e+00   9.9993972161861799e-01
 -1.7949999999999999e+01   2.0156479685804980e+00   9.9993878526982594e-01
 -1.7899999999999999e+01   2.0157690937233776e+00   9.9993783392078583e-01
 -1.7850000000000001e+01   2.0158912151368518e+00   9.9993686732036857e-01
 -1.7799999999999997e+01   2.0160143419499117e+00   9.9993588521297783e-01
 -1.7750000000000000e+01   2.0161384833901215e+00   9.9993488733846669e-01
 -1.7699999999999999e+01   2.0162636487851238e+00   9.9993387343204854e-01
 -1.7649999999999999e+01   2.0163898475640862e+00   9.9993284322420650e-01
 -1.7600000000000001e+01   2.0165170892586999e+00   9.9993179644060504e-01
 -1.7549999999999997e+01   2.0166453835049487e+00   9.9993073280199329e-01
 -1.7500000000000000e+01   2.0167747400442328e+00   9.9992965202411210e-01
 -1.7449999999999999e+01   2.0169051687249735e+00   9.9992855381759504e-01
 -1.7399999999999999e+01   2.0170366795038785e+00   9.9992743788787053e-01
 -1.7350000000000001e+01   2.0171692824476359e+00   9.9992630393505832e-01
 -1.7299999999999997e+01   2.0173029877342130e+00   9.9992515165386742e-01
 -1.7250000000000000e+01   2.0174378056545370e+00   9.9992398073348865e-01
 -1.7199999999999999e+01   2.0175737466139028e+00   9.9992279085748759e-01
 -1.7149999999999999e+01   2.0177108211336527e+00   9.9992158170369294e-01
 -1.7100000000000001e+01   2.0178490398527340e+00   9.9992035294408388e-01
 -1.7050000000000001e+01   2.0179884135292934e+00   9.9991910424467478e-01
 -1.7000000000000000e+01   2.0181289530423925e+00   9.9991783526539668e-01
 -1.6949999999999999e+01   2.0182706693936598e+00   9.9991654565997690e-01
 -1.6899999999999999e+01   2.0184135737090116e+00   9.9991523507581570e-01
 -1.6850000000000001e+01   2.0185576772404215e+00   9.9991390315386008e-01
 -1.6800000000000001e+01   2.0187029913675776e+00   9.9991254952847608e-01
 -1.6750000000000000e+01   2.0188495275998593e+00   9.9991117382731554e-01
 -1.6699999999999999e+01   2.0189972975780477e+00   9.9990977567118278e-01
 -1.6649999999999999e+01   2.0191463130761984e+00   9.9990835467389705e-01
 -1.6600000000000001e+01   2.0192965860036356e+00   9.9990691044215108e-01
 -1.6550000000000001e+01   2.0194481284067520e+00   9.9990544257536862e-01
 -1.6500000000000000e+01   2.0196009524710479e+00   9.9990395066555693e-01
 -1.6449999999999999e+01   2.0197550705231651e+00   9.9990243429715620e-01
 -1.6399999999999999e+01   2.0199104950328315e+00   9.9990089304688690e-01
 -1.6350000000000001e+01   2.0200672386150131e+00   9.9989932648359203e-01
 -1.6300000000000001e+01   2.0202253140319826e+00   9.9989773416807692e-01
 -1.6250000000000000e+01   2.0203847341955359e+00   9.9989611565294434e-01
 -1.6199999999999999e+01   2.0205455121689959e+00   9.9989447048242841e-01
 -1.6149999999999999e+01   2.0207076611696904e+00   9.9989279819222032e-01
 -1.6100000000000001e+01   2.0208711945709754e+00   9.9989109830929512e-01
 -1.6050000000000001e+01   2.0210361259047613e+00   9.9988937035172976e-01
 -1.6000000000000000e+01   2.0212024688637187e+00   9.9988761382852076e-01
 -1.5949999999999999e+01   2.0213702373036497e+00   9.9988582823939642e-01
 -1.5899999999999999e+01   2.0215394452460758e+00   9.9988401307462282e-01
 -1.5850000000000001e+01   2.0217101068805814e+00   9.9988216781480843e-01
 -1.5800000000000001e+01   2.0218822365673526e+00   9.9988029193070260e-01
 -1.5750000000000000e+01   2.0220558488398308e+00   9.9987838488298864e-01
 -1.5699999999999999e+01   2.0222309584072460e+00   9.9987644612207383e-01
 -1.5649999999999999e+01   2.0224075801573509e+00   9.9987447508787297e-01
 -1.5600000000000001e+01   2.0225857291591445e+00   9.9987247120958744e-01
 -1.5550000000000001e+01   2.0227654206655306e+00   9.9987043390548036e-01
 -1.5500000000000000e+01   2.0229466701163079e+00   9.9986836258264333e-01
 -1.5449999999999999e+01   2.0231294931409241e+00   9.9986625663676099e-01
 -1.5399999999999999e+01   2.0233139055614515e+00   9.9986411545186793e-01
 -1.5350000000000001e+01   2.0234999233956046e+00   9.9986193840010018e-01
 -1.5300000000000001e+01   2.0236875628596827e+00   9.9985972484144214e-01
 -1.5250000000000000e+01   2.0238768403717784e+00   9.9985747412346515e-01
 -1.5199999999999999e+01   2.0240677725549232e+00   9.9985518558106112e-01
 -1.5149999999999999e+01   2.0242603762402895e+00   9.9985285853616990e-01
 -1.5100000000000001e+01   2.0244546684705118e+00   9.9985049229749934e-01
 -1.5050000000000001e+01   2.0246506665029198e+00   9.9984808616024046e-01
 -1.5000000000000000e+01   2.0248483878131287e+00   9.9984563940577209e-01
 -1.4949999999999999e+01   2.0250478500983724e+00   9.9984315130136237e-01
 -1.4899999999999999e+01   2.0252490712812223e+00   9.9984062109985894e-01
 -1.4850000000000001e+01   2.0254520695130074e+00   9.9983804803937626e-01
 -1.4800000000000001e+01   2.0256568631776863e+00   9.9983543134297037e-01
 -1.4750000000000000e+01   2.0258634708954570e+00   9.9983277021830996e-01
 -1.4699999999999999e+01   2.0260719115268029e+00   9.9983006385733464e-01
 -1.4649999999999999e+01   2.0262822041762125e+00   9.9982731143590997e-01
 -1.4600000000000001e+01   2.0264943681963201e+00   9.9982451211346945e-01
 -1.4550000000000001e+01   2.0267084231919266e+00   9.9982166503265024e-01
 -1.4500000000000000e+01   2.0269243890241295e+00   9.9981876931891933e-01
 -1.4449999999999999e+01   2.0271422858146972e+00   9.9981582408018832e-01
 -1.4399999999999999e+01   2.0273621339502164e+00   9.9981282840642260e-01
 -1.4350000000000001e+01   2.0275839540867242e+00   9.9980978136923537e-01
 -1.4300000000000001e+01   2.0278077671540693e+00   9.9980668202147627e-01
 -1.4250000000000000e+01   2.0280335943606040e+00   9.9980352939680628e-01
 -1.4199999999999999e+01   2.0282614571978490e+00   9.9980032250926354e-01
 -1.4149999999999999e+01   2.0284913774453557e+00   9.9979706035281657e-01
 -1.4100000000000001e+01   2.0287233771755360e+00   9.9979374190090797e-01
 -1.4050000000000001e+01   2.0289574787587030e+00   9.9979036610598482e-01
 -1.4000000000000000e+01   2.0291937048682520e+00   9.9978693189901635e-01
 -1.3949999999999999e+01   2.0294320784857569e+00   9.9978343818900206e-01
 -1.3899999999999999e+01   2.0296726229064008e+00   9.9977988386246364e-01
 -1.3850000000000001e+01   2.0299153617443801e+00   9.9977626778292572e-01
 -1.3800000000000001e+01   2.0301603189385360e+00   9.9977258879038144e-01
 -1.3750000000000000e+01   2.0304075187579156e+00   9.9976884570074676e-01
 -1.3699999999999999e+01   2.0306569858077057e+00   9.9976503730529653e-01
 -1.3649999999999999e+01   2.0309087450351049e+00   9.9976116237008872e-01
 -1.3600000000000001e+01   2.0311628217353945e+00   9.9975721963537201e-01
 -1.3550000000000001e+01   2.0314192415581629e+00   9.9975320781497745e-01
 -1.3500000000000000e+01   2.0316780305136080e+00   9.9974912559569473e-01
 -1.3449999999999999e+01   2.0319392149790048e+00   9.9974497163663123e-01
 -1.3399999999999999e+01   2.0322028217053449e+00   9.9974074456855344e-01
 -1.3350000000000001e+01   2.0324688778241313e+00   9.9973644299321041e-01
 -1.3300000000000001e+01   2.0327374108542005e+00   9.9973206548264082e-01
 -1.3250000000000000e+01   2.0330084487089159e+00   9.9972761057845771e-01
 -1.3199999999999999e+01   2.0332820197032944e+00   9.9972307679111738e-01
 -1.3149999999999999e+01   2.0335581525614419e+00   9.9971846259916575e-01
 -1.3100000000000001e+01   2.0338368764241359e+00   9.9971376644846444e-01
 -1.3050000000000001e+01   2.0341182208565405e+00   9.9970898675139608e-01
 -1.3000000000000000e+01   2.0344022158560970e+00   9.9970412188604763e-01
 -1.2949999999999999e+01   2.0346888918606951e+00   9.9969917019536925e-01
 -1.2899999999999999e+01   2.0349782797568423e+00   9.9969412998631302e-01
 -1.2850000000000001e+01   2.0352704108882427e+00   9.9968899952894363e-01
 -1.2800000000000001e+01   2.0355653170644397e+00   9.9968377705552647e-01
 -1.2750000000000000e+01   2.0358630305695997e+00   9.9967846075959099e-01
 -1.2699999999999999e+01   2.0361635841718160e+00   9.9967304879496199e-01
 -1.2649999999999999e+01   2.0364670111321432e+00   9.9966753927477203e-01
 -1.2600000000000001e+01   2.0367733452143360e+00   9.9966193027043682e-01
 -1.2550000000000001e+01   2.0370826206944836e+00   9.9965621981060726e-01
 -1.2500000000000000e+01   2.0373948723709776e+00   9.9965040588008958e-01
 -1.2449999999999999e+01   2.0377101355748444e+00   9.9964448641873171e-01
 -1.2399999999999999e+01   2.0380284461801046e+00   9.9963845932028172e-01
 -1.2350000000000001e+01   2.0383498406145537e+00   9.9963232243120959e-01
 -1.2300000000000001e+01   2.0386743558707572e+00   9.9962607354949551e-01
 -1.2250000000000000e+01   2.0390020295172420e+00   9.9961971042338404e-01
 -1.2199999999999999e+01   2.0393328997100730e+00   9.9961323075009934e-01
 -1.2149999999999999e+01   2.0396670052047092e+00   9.9960663217452239e-01
 -1.2100000000000001e+01   2.0400043853680421e+00   9.9959991228783129e-01
 -1.2050000000000001e+01   2.0403450801908192e+00   9.9959306862609909e-01
 -1.2000000000000000e+01   2.0406891303004371e+00   9.9958609866884851e-01
 -1.1949999999999999e+01   2.0410365769739016e+00   9.9957899983756626e-01
 -1.1899999999999999e+01   2.0413874621512824e+00   9.9957176949416904e-01
 -1.1850000000000001e+01   2.0417418284493571e+00   9.9956440493942611e-01
 -1.1800000000000001e+01   2.0420997191757237e+00   9.9955690341133130e-01
 -1.1750000000000000e+01   2.0424611783432356e+00   9.9954926208342598e-01
 -1.1699999999999999e+01   2.0428262506847465e+00   9.9954147806307181e-01
 -1.1649999999999999e+01   2.0431949816683677e+00   9.9953354838966735e-01
 -1.1600000000000001e+01   2.0435674175129890e+00   9.9952547003281222e-01
 -1.1550000000000001e+01   2.0439436052043036e+00   9.9951723989041208e-01
 -1.1500000000000000e+01   2.0443235925111964e+00   9.9950885478672535e-01
 -1.1449999999999999e+01   2.0447074280026034e+00   9.9950031147034801e-01
 -1.1399999999999999e+01   2.0450951610647978e+00   9.9949160661213499e-01
 -1.1350000000000001e+01   2.0454868419190970e+00   9.9948273680305677e-01
 -1.1300000000000001e+01   2.0458825216401926e+00   9.9947369855198431e-01
 -1.1250000000000000e+01   2.0462822521747568e+00   9.9946448828340806e-01
 -1.1199999999999999e+01   2.0466860863607299e+00   9.9945510233507961e-01
 -1.1149999999999999e+01   2.0470940779470848e+00   9.9944553695557847e-01
 -1.1100000000000001e+01   2.0475062816140714e+00   9.9943578830180113e-01
 -1.1050000000000001e+01   2.0479227529940771e+00   9.9942585243636717e-01
 -1.1000000000000000e+01   2.0483435486930941e+00   9.9941572532493961e-01
 -1.0949999999999999e+01   2.0487687263126864e+00   9.9940540283345958e-01
 -1.0899999999999999e+01   2.0491983444726647e+00   9.9939488072528726e-01
 -1.0850000000000001e+01   2.0496324628343348e+00   9.9938415465824959e-01
 -1.0800000000000001e+01   2.0500711421244513e+00   9.9937322018158825e-01
 -1.0750000000000000e+01   2.0505144441598122e+00   9.9936207273280631e-01
 -1.0699999999999999e+01   2.0509624318725677e+00   9.9935070763440847e-01
 -1.0650000000000002e+01   2.0514151693362637e+00   9.9933912009053083e-01
 -1.0600000000000001e+01   2.0518727217926114e+00   9.9932730518345658e-01
 -1.0550000000000001e+01   2.0523351556790792e+00   9.9931525787001163e-01
 -1.0500000000000000e+01   2.0528025386572781e+00   9.9930297297783666e-01
 -1.0449999999999999e+01   2.0532749396420664e+00   9.9929044520153354e-01
 -1.0400000000000002e+01   2.0537524288317304e+00   9.9927766909867244e-01
 -1.0350000000000001e+01   2.0542350777388423e+00   9.9926463908566543e-01
 -1.0300000000000001e+01   2.0547229592222078e+00   9.9925134943349114e-01
 -1.0250000000000000e+01   2.0552161475196171e+00   9.9923779426327297e-01
 -1.0199999999999999e+01   2.0557147182816990e+00   9.9922396754169773e-01
 -1.0150000000000002e+01   2.0562187486067605e+00   9.9920986307627246e-01
 -1.0100000000000001e+01   2.0567283170766881e+00   9.9919547451041169e-01
 -1.0050000000000001e+01   2.0572435037939338e+00   9.9918079531834847e-01
 -1.0000000000000000e+01   2.0577643904196621e+00   9.9916581879986122e-01
 -9.9499999999999993e+00   2.0582910602130791e+00   9.9915053807480880e-01
 -9.9000000000000021e+00   2.0588235980719491e+00   9.9913494607746745e-01
 -9.8500000000000014e+00   2.0593620905744525e+00   9.9911903555065762e-01
 -9.8000000000000007e+00   2.0599066260222973e+00   9.9910279903965615e-01
 -9.7500000000000000e+00   2.0604572944852020e+00   9.9908622888588239e-01
 -9.6999999999999993e+00   2.0610141878468577e+00   9.9906931722034709e-01
 -9.6500000000000021e+00   2.0615773998522915e+00   9.9905205595685775e-01
 -9.6000000000000014e+00   2.0621470261567820e+00   9.9903443678496706e-01
 -9.5500000000000007e+00   2.0627231643764130e+00   9.9901645116265236e-01
 -9.5000000000000000e+00   2.0633059141402059e+00   9.9899809030871822e-01
 -9.4499999999999993e+00   2.0638953771439619e+00   9.9897934519490772e-01
 -9.4000000000000021e+00   2.0644916572059877e+00   9.9896020653770634e-01
 -9.3500000000000014e+00   2.0650948603245309e+00   9.9894066478983246e-01
 -9.3000000000000007e+00   2.0657050947372393e+00   9.9892071013139261e-01
 -9.2500000000000000e+00   2.0663224709826169e+00   9.9890033246068999e-01
 -9.1999999999999993e+00   2.0669471019634837e+00   9.9887952138467273e-01
 -9.1500000000000021e+00   2.0675791030126662e+00   9.9885826620900087e-01
 -9.1000000000000014e+00   2.0682185919609628e+00   9.9883655592771592e-01
 -9.0500000000000007e+00   2.0688656892073665e+00   9.9881437921249860e-01
 -9.0000000000000000e+00   2.0695205177918128e+00   9.9879172440148956e-01
 -8.9499999999999993e+00   2.0701832034704171e+00   9.9876857948765752e-01
 -8.9000000000000021e+00   2.0708538747933796e+00   9.9874493210669102e-01
 -8.8500000000000014e+00   2.0715326631856636e+00   9.9872076952439159e-01
 -8.8000000000000007e+00   2.0722197030305249e+00   9.9869607862354570e-01
 -8.7500000000000000e+00   2.0729151317560350e+00   9.9867084589025001e-01
 -8.6999999999999993e+00   2.0736190899247857e+00   9.9864505739966158e-01
 -8.6500000000000021e+00   2.0743317213267645e+00   9.9861869880115006e-01
 -8.6000000000000014e+00   2.0750531730757076e+00   9.9859175530281696e-01
 -8.5500000000000007e+00   2.0757835957089683e+00   9.9856421165535492e-01
 -8.5000000000000000e+00   2.0765231432910940e+00   9.9853605213521268e-01
 -8.4499999999999993e+00   2.0772719735212744e+00   9.9850726052703187e-01
 -8.4000000000000021e+00   2.0780302478448553e+00   9.9847782010531760e-01
 -8.3500000000000014e+00   2.0787981315690152e+00   9.9844771361530804e-01
 -8.3000000000000007e+00   2.0795757939829271e+00   9.9841692325299669e-01
 -8.2500000000000000e+00   2.0803634084824902e+00   9.9838543064426910e-01
 -8.1999999999999993e+00   2.0811611526998788e+00   9.9835321682310674e-01
 -8.1500000000000021e+00   2.0819692086381982e+00   9.9832026220880687e-01
 -8.1000000000000014e+00   2.0827877628113538e+00   9.9828654658217275e-01
 -8.0500000000000007e+00   2.0836170063894626e+00   9.9825204906061615e-01
 -8.0000000000000000e+00   2.0844571353501085e+00   9.9821674807211336e-01
 -7.9499999999999993e+00   2.0853083506356054e+00   9.9818062132795815e-01
 -7.9000000000000021e+00   2.0861708583166134e+00   9.9814364579424453e-01
 -7.8500000000000014e+00   2.0870448697624515e+00   9.9810579766200946e-01
 -7.8000000000000007e+00   2.0879306018183672e+00   9.9806705231596493e-01
 -7.7500000000000000e+00   2.0888282769901219e+00   9.9802738430174154e-01
 -7.6999999999999993e+00   2.0897381236363008e+00   9.9798676729155900e-01
 -7.6500000000000021e+00   2.0906603761686116e+00   9.9794517404824146e-01
 -7.6000000000000014e+00   2.0915952752607510e+00   9.9790257638747681e-01
 -7.5500000000000007e+00   2.0925430680660866e+00   9.9785894513822893e-01
 -7.5000000000000000e+00   2.0935040084447065e+00   9.9781425010119307e-01
 -7.4499999999999993e+00   2.0944783572003205e+00   9.9776846000518216e-01
 -7.4000000000000021e+00   2.0954663823274435e+00   9.9772154246132760e-01
 -7.3500000000000014e+00   2.0964683592694926e+00   9.9767346391496303e-01
 -7.3000000000000007e+00   2.0974845711882848e+00   9.9762418959505905e-01
 -7.2500000000000000e+00   2.0985153092456121e+00   9.9757368346106035e-01
 -7.1999999999999993e+00   2.0995608728974466e+00   9.9752190814697461e-01
 -7.1500000000000021e+00   2.1006215702015725e+00   9.9746882490254252e-01
 -7.1000000000000014e+00   2.1016977181392233e+00   9.9741439353131878e-01
 -7.0500000000000007e+00   2.1027896429516626e+00   9.9735857232546743e-01
 -7.0000000000000000e+00   2.1038976804923619e+00   9.9730131799707677e-01
 -6.9499999999999993e+00   2.1050221765957762e+00   9.9724258560577139e-01
 -6.9000000000000021e+00   2.1061634874635287e+00   9.9718232848239530e-01
 -6.8500000000000014e+00   2.1073219800691025e+00   9.9712049814851178e-01
 -6.8000000000000007e+00   2.1084980325819860e+00   9.9705704423145958e-01
 -6.7500000000000000e+00   2.1096920348124848e+00   9.9699191437467416e-01
 -6.6999999999999993e+00   2.1109043886783234e+00   9.9692505414297183e-01
 -6.6500000000000021e+00   2.1121355086943625e+00   9.9685640692246413e-01
 -6.6000000000000014e+00   2.1133858224867348e+00   9.9678591381475168e-01
 -6.5500000000000007e+00   2.1146557713329419e+00   9.9671351352501203e-01
 -6.5000000000000000e+00   2.1159458107293752e+00   9.9663914224357697e-01
 -6.4499999999999993e+00   2.1172564109879781e+00   9.9656273352055458e-01
 -6.4000000000000021e+00   2.1185880578638390e+00   9.9648421813302068e-01
 -6.3500000000000014e+00   2.1199412532155932e+00   9.9640352394426823e-01
 -6.3000000000000007e+00   2.1213165157006983e+00   9.9632057575456057e-01
 -6.2500000000000000e+00   2.1227143815077403e+00   9.9623529514279319e-01
 -6.1999999999999993e+00   2.1241354051282104e+00   9.9614760029841376e-01
 -6.1500000000000021e+00   2.1255801601701756e+00   9.9605740584290825e-01
 -6.1000000000000014e+00   2.1270492402166430e+00   9.9596462264009344e-01
 -6.0500000000000007e+00   2.1285432597314733e+00   9.9586915759440175e-01
 -6.0000000000000000e+00   2.1300628550160474e+00   9.9577091343626867e-01
 -5.9499999999999993e+00   2.1316086852200105e+00   9.9566978849366505e-01
 -5.9000000000000021e+00   2.1331814334097969e+00   9.9556567644872795e-01
 -5.8500000000000014e+00   2.1347818076988307e+00   9.9545846607835886e-01
 -5.8000000000000007e+00   2.1364105424436390e+00   9.9534804097755802e-01
 -5.7500000000000000e+00   2.1380683995105101e+00   9.9523427926415153e-01
 -5.6999999999999993e+00   2.1397561696175846e+00   9.9511705326345523e-01
 -5.6500000000000021e+00   2.1414746737577728e+00   9.9499622917128294e-01
 -5.6000000000000014e+00   2.1432247647083118e+00   9.9487166669356220e-01
 -5.5500000000000007e+00   2.1450073286331994e+00   9.9474321866066584e-01
 -5.5000000000000000e+00   2.1468232867853541e+00   9.9461073061438643e-01
 -5.4499999999999993e+00   2.1486735973158488e+00   9.9447404036529119e-01
 -5.4000000000000021e+00   2.1505592571983314e+00   9.9433297751797167e-01
 -5.3500000000000014e+00   2.1524813042772561e+00   9.9418736296147669e-01
 -5.3000000000000007e+00   2.1544408194494755e+00   9.9403700832194364e-01
 -5.2500000000000000e+00   2.1564389289895391e+00   9.9388171537415149e-01
 -5.1999999999999993e+00   2.1584768070299605e+00   9.9372127540839716e-01
 -5.1500000000000021e+00   2.1605556782087358e+00   9.9355546854873322e-01
 -5.1000000000000014e+00   2.1626768204975586e+00   9.9338406301820126e-01
 -5.0500000000000007e+00   2.1648415682254445e+00   9.9320681434624403e-01
 -5.0000000000000000e+00   2.1670513153137820e+00   9.9302346451298384e-01
 -4.9499999999999993e+00   2.1693075187404691e+00   9.9283374102448640e-01
 -4.9000000000000021e+00   2.1716117022523931e+00   9.9263735591250901e-01
 -4.8500000000000014e+00   2.1739654603475085e+00   9.9243400465151987e-01
 -4.8000000000000007e+00   2.1763704625497660e+00   9.9222336498499542e-01
 -4.7500000000000000e+00   2.1788284580025294e+00   9.9200509565210937e-01
 -4.6999999999999993e+00   2.1813412804087386e+00   9.9177883500492980e-01
 -4.6500000000000021e+00   2.1839108533489520e+00   9.9154419950511508e-01
 -4.6000000000000014e+00   2.1865391960116489e+00   9.9130078208783190e-01
 -4.5500000000000007e+00   2.1892284293737854e+00   9.9104815037918259e-01
 -4.5000000000000000e+00   2.1919807828737357e+00   9.9078584475179687e-01
 -4.4499999999999993e+00   2.1947986016232091e+00   9.9051337620141056e-01
 -4.4000000000000021e+00   2.1976843542099034e+00   9.9023022402515337e-01
 -4.3500000000000014e+00   2.2006406411484276e+00   9.8993583327988699e-01
 -4.3000000000000007e+00   2.2036702040434921e+00   9.8962961199622057e-01
 -4.2500000000000000e+00   2.2067759355366583e+00   9.8931092812073496e-01
 -4.1999999999999993e+00   2.2099608901162799e+00   9.8897910615539486e-01
 -4.1500000000000021e+00   2.2132282958795195e+00   9.8863342345907901e-01
 -4.1000000000000014e+00   2.2165815673460303e+00   9.8827310617148423e-01
 -4.0500000000000007e+00   2.2200243194348435e+00   9.8789732471430847e-01
 -4.0000000000000000e+00   2.2235603827297346e+00   9.8750518881843363e-01
 -3.9499999999999993e+00   2.2271938201738921e+00   9.8709574201869832e-01
 -3.9000000000000021e+00   2.2309289453525123e+00   9.8666795554959408e-01
 -3.8500000000000014e+00   2.2347703425422347e+00   9.8622072156565044e-01
 -3.8000000000000007e+00   2.2387228887295607e+00   9.8575284559915344e-01
 -3.7500000000000000e+00   2.2427917778271267e+00   9.8526303815488581e-01
 -3.6999999999999993e+00   2.2469825473472165e+00   9.8474990532647000e-01
 -3.6500000000000021e+00   2.2513011078271985e+00   9.8421193830120568e-01
 -3.6000000000000014e+00   2.2557537753421606e+00   9.8364750159955794e-01
 -3.5500000000000007e+00   2.2603473074868958e+00   9.8305481987108090e-01
 -3.5000000000000000e+00   2.2650889432636081e+00   9.8243196303984592e-01
 -3.4499999999999993e+00   2.2699864473746136e+00   9.8177682955850876e-01
 -3.4000000000000021e+00   2.2750481594921776e+00   9.8108712748999138e-01
 -3.3500000000000014e+00   2.2802830491624793e+00   9.8036035308804581e-01
 -3.3000000000000007e+00   2.2857007770995179e+00   9.7959376649118290e-01
 -3.2500000000000000e+00   2.2913117637398095e+00   9.7878436407670033e-01
 -3.1999999999999993e+00   2.2971272660633963e+00   9.7792884694042292e-01
 -3.1500000000000021e+00   2.3031594638440462e+00   9.7702358487044760e-01
 -3.1000000000000014e+00   2.3094215566756078e+00   9.7606457506611088e-01
 -3.0500000000000007e+00   2.3159278733374826e+00   9.7504739471211388e-01
 -3.0000000000000000e+00   2.3226939953151282e+00   9.7396714634688997e-01
 -2.9499999999999993e+00   2.3297368965884937e+00   9.7281839475704723e-01
 -2.9000000000000021e+00   2.3370751021488854e+00   9.7159509387782961e-01
 -2.8500000000000014e+00   2.3447288681124978e+00   9.7029050187246901e-01
 -2.8000000000000007e+00   2.3527203867749700e+00   9.6889708218832893e-01
 -2.7500000000000000e+00   2.3610740205062046e+00   9.6740638792887124e-01
 -2.6999999999999993e+00   2.3698165690287341e+00   9.6580892631795390e-01
 -2.6500000000000021e+00   2.3789775753643285e+00   9.6409399934274365e-01
 -2.6000000000000014e+00   2.3885896765798105e+00   9.6224951581389961e-01
 -2.5500000000000007e+00   2.3986890064138842e+00   9.6026176904117744e-01
 -2.5000000000000000e+00   2.4093156579127228e+00   9.5811517304686866e-01
 -2.4499999999999993e+00   2.4205142153134749e+00   9.5579194867982309e-01
 -2.4000000000000021e+00   2.4323343655305329e+00   9.5327174909532786e-01
 -2.3500000000000014e+00   2.4448316006044815e+00   9.5053121177591382e-01
 -2.3000000000000007e+00   2.4580680231670171e+00   9.4754342153796522e-01
 -2.2500000000000000e+00   2.4721132670175248e+00   9.4427726577650983e-01
 -2.2000000000000028e+00   2.4870455437402987e+00   9.4069665958067916e-01
 -2.1500000000000021e+00   2.5029528230168587e+00   9.3675961445484313e-01
 -2.1000000000000014e+00   2.5199341474793919e+00   9.3241712057121950e-01
 -2.0500000000000007e+00   2.5381010703845415e+00   9.2761180951275268e-01
 -2.0000000000000000e+00   2.5575791826486349e+00   9.2227636376922006e-01
 -1.9500000000000028e+00   2.5785096597526489e+00   9.1633164339321860e-01
 -1.9000000000000021e+00   2.6010507012269173e+00   9.0968451363865777e-01
 -1.8500000000000014e+00   2.6253786454309913e+00   9.0222538745972458e-01
 -1.8000000000000007e+00   2.6516884065790691e+00   8.9382555518260853e-01
 -1.7500000000000000e+00   2.6801926839358030e+00   8.8433447818005229e-01
 -1.7000000000000028e+00   2.7111191220992796e+00   8.7357739854618743e-01
 -1.6500000000000021e+00   2.7447042582568022e+00   8.6135389193354661e-01
 -1.6000000000000014e+00   2.7811827187278002e+00   8.4743838999026055e-01
 -1.5500000000000007e+00   2.8207698475529641e+00   8.3158421433697094e-01
 -1.5000000000000000e+00   2.8636360317285376e+00   8.1353320117504613e-01
 -1.4500000000000028e+00   2.9098718856811643e+00   7.9303328791175054e-01
 -1.4000000000000021e+00   2.9594457501492477e+00   7.6986596313013689e-01
 -1.3500000000000014e+00   3.0121590130447604e+00   7.4388353307806410e-01
 -1.3000000000000007e+00   3.0676099961502001e+00   7.1505222403004243e-01
 -1.2500000000000000e+00   3.1251812284512988e+00   6.8349180078520655e-01
 -1.2000000000000028e+00   3.1840639026940112e+00   6.4949816858425669e-01
 -1.1500000000000021e+00   3.2433241277786791e+00   6.1353627832084678e-01
 -1.1000000000000014e+00   3.3020001202943421e+00   5.7619892168837972e-01
 -1.0500000000000007e+00   3.3592058163293403e+00   5.3813988721412287e-01
 -1.0000000000000000e+00   3.4142135623736554e+00   4.9999999999960359e-01
 -9.5000000000000284e-01   3.4664984850119698e+00   4.6234554836439956e-01
 -9.0000000000000213e-01   3.5157428534345527e+00   4.2563090056552022e-01
 -8.5000000000000142e-01   3.5618109304419718e+00   3.9018665438799560e-01
 -8.0000000000000071e-01   3.6047090164254318e+00   3.5622724315073084e-01
 -7.5000000000000000e-01   3.6445431112941513e+00   3.2386948877373817e-01
 -7.0000000000000284e-01   3.6814817297594029e+00   2.9315479812133133e-01
 -6.5000000000000213e-01   3.7157269067660867e+00   2.6407029534971893e-01
 -6.0000000000000142e-01   3.7474935081508365e+00   2.3656660974267049e-01
 -5.5000000000000071e-01   3.7769955572206655e+00   2.1057169740450407e-01
 -5.0000000000000000e-01   3.8044378915792949e+00   1.8600097385821709e-01
 -4.5000000000000284e-01   3.8300115847390188e+00   1.6276439993024649e-01
 -4.0000000000000213e-01   3.8538918783561606e+00   1.4077122584126667e-01
 -3.5000000000000142e-01   3.8762377025354997e+00   1.1993302089607728e-01
 -3.0000000000000071e-01   3.8971921433424592e+00   1.0016549280991147e-01
 -2.5000000000000000e-01   3.9168834312331366e+00   8.1389477765968998e-02
 -2.0000000000000284e-01   3.9354261772923249e+00   6.3531378062904584e-02
 -1.5000000000000213e-01   3.9529226888612876e+00   4.6523242832699714e-02
 -1.0000000000000142e-01   3.9694642653989076e+00   3.0302626829185064e-02
 -5.0000000000004263e-02   3.9851324200065532e+00   1.4812318759731585e-02
  0.0000000000000000e+00   4.0000000000000000e+00   0.0000000000000000e+00
