# ZND solution.
# Columns are: spatial coordinate; u; lamda.
 -2.3149999999999999e+01   2.0020000000000286e+00   9.9999899999999997e-01
 -2.3099999999999998e+01   2.0020000000000286e+00   9.9999899999999997e-01
 -2.3049999999999997e+01   2.0020000000000286e+00   9.9999899999999997e-01
 -2.3000000000000000e+01   2.0020000000000286e+00   9.9999899999999997e-01
 -2.2949999999999999e+01   2.0020000000000286e+00   9.9999899999999997e-01
 -2.2899999999999999e+01   2.0020000000000286e+00   9.9999899999999997e-01
 -2.2849999999999998e+01   2.0020000000000286e+00   9.9999899999999997e-01
 -2.2799999999999997e+01   2.0020000000000286e+00   9.9999899999999997e-01
 -2.2750000000000000e+01   2.0020000000000286e+00   9.9999899999999997e-01
 -2.2699999999999999e+01   2.0020000000000286e+00   9.9999899999999997e-01
 -2.2649999999999999e+01   2.0020000000000286e+00   9.9999899999999997e-01
 -2.2599999999999998e+01   2.0020000000000286e+00   9.9999899999999997e-01
 -2.2549999999999997e+01   2.0020000000000286e+00   9.9999899999999997e-01
 -2.2500000000000000e+01   2.0020000000000286e+00   9.9999899999999997e-01
 -2.2449999999999999e+01   2.0020000000000286e+00   9.9999899999999997e-01
 -2.2399999999999999e+01   2.0020000000000286e+00   9.9999899999999997e-01
 -2.2349999999999998e+01   2.0020000000000286e+00   9.9999899999999997e-01
 -2.2299999999999997e+01   2.0020000000000286e+00   9.9999899999999997e-01
 -2.2250000000000000e+01   2.0020000000000286e+00   9.9999899999999997e-01
 -2.2199999999999999e+01   2.0020124345881660e+00   9.9999898752675709e-01
 -2.2149999999999999e+01   2.0020401011831481e+00   9.9999895949679063e-01
 -2.2099999999999998e+01   2.0020681489182364e+00   9.9999893069001300e-01
 -2.2049999999999997e+01   2.0020965830663755e+00   9.9999890108486145e-01
 -2.2000000000000000e+01   2.0021254089734244e+00   9.9999887065917392e-01
 -2.1949999999999999e+01   2.0021546320599728e+00   9.9999883939017153e-01
 -2.1899999999999999e+01   2.0021842578219702e+00   9.9999880725444179e-01
 -2.1849999999999998e+01   2.0022142918322716e+00   9.9999877422792038e-01
 -2.1799999999999997e+01   2.0022447397419150e+00   9.9999874028587277e-01
 -2.1750000000000000e+01   2.0022756072796826e+00   9.9999870540287716e-01
 -2.1699999999999999e+01   2.0023069002559666e+00   9.9999866955280226e-01
 -2.1649999999999999e+01   2.0023386245610308e+00   9.9999863270879064e-01
 -2.1599999999999998e+01   2.0023707861682016e+00   9.9999859484323617e-01
 -2.1549999999999997e+01   2.0024033911339432e+00   9.9999855592776432e-01
 -2.1500000000000000e+01   2.0024364455994683e+00   9.9999851593321021e-01
 -2.1449999999999999e+01   2.0024699557917538e+00   9.9999847482959670e-01
 -2.1399999999999999e+01   2.0025039280248915e+00   9.9999843258611154e-01
 -2.1349999999999998e+01   2.0025383687017264e+00   9.9999838917108352e-01
 -2.1299999999999997e+01   2.0025732843142867e+00   9.9999834455195946e-01
 -2.1250000000000000e+01   2.0026086814456452e+00   9.9999829869527879e-01
 -2.1199999999999999e+01   2.0026445667711497e+00   9.9999825156664823e-01
 -2.1149999999999999e+01   2.0026809470593050e+00   9.9999820313071630e-01
 -2.1099999999999998e+01   2.0027178291735610e+00   9.9999815335114584e-01
 -2.1049999999999997e+01   2.0027552200738543e+00   9.9999810219058616e-01
 -2.1000000000000000e+01   2.0027931268173615e+00   9.9999804961064553e-01
 -2.0949999999999999e+01   2.0028315565603250e+00   9.9999799557186142e-01
 -2.0899999999999999e+01   2.0028705165595246e+00   9.9999794003367037e-01
 -2.0849999999999998e+01   2.0029100141731058e+00   9.9999788295437808e-01
 -2.0799999999999997e+01   2.0029500568629981e+00   9.9999782429112627e-01
 -2.0750000000000000e+01   2.0029906521958631e+00   9.9999776399986084e-01
 -2.0699999999999999e+01   2.0030318078439353e+00   9.9999770203529936e-01
 -2.0649999999999999e+01   2.0030735315882171e+00   9.9999763835089406e-01
 -2.0599999999999998e+01   2.0031158313187238e+00   9.9999757289879831e-01
 -2.0549999999999997e+01   2.0031587150357022e+00   9.9999750562983081e-01
 -2.0500000000000000e+01   2.0032021908526794e+00   9.9999743649343575e-01
 -2.0449999999999999e+01   2.0032462669971305e+00   9.9999736543764584e-01
 -2.0399999999999999e+01   2.0032909518119948e+00   9.9999729240904278e-01
 -2.0349999999999998e+01   2.0033362537581572e+00   9.9999721735271530e-01
 -2.0299999999999997e+01   2.0033821814152839e+00   9.9999714021221853e-01
 -2.0250000000000000e+01   2.0034287434840046e+00   9.9999706092953022e-01
 -2.0199999999999999e+01   2.0034759487875746e+00   9.9999697944500654e-01
 -2.0149999999999999e+01   2.0035238062735461e+00   9.9999689569733663e-01
 -2.0099999999999998e+01   2.0035723250155621e+00   9.9999680962349580e-01
 -2.0049999999999997e+01   2.0036215142153035e+00   9.9999672115869709e-01
 -2.0000000000000000e+01   2.0036713832045523e+00   9.9999663023634133e-01
 -1.9949999999999999e+01   2.0037219414465723e+00   9.9999653678796707e-01
 -1.9899999999999999e+01   2.0037731985383220e+00   9.9999644074319760e-01
 -1.9849999999999998e+01   2.0038251642124738e+00   9.9999634202968690e-01
 -1.9799999999999997e+01   2.0038778483390671e+00   9.9999624057306480e-01
 -1.9750000000000000e+01   2.0039312609276014e+00   9.9999613629687978e-01
 -1.9699999999999999e+01   2.0039854121295106e+00   9.9999602912253949e-01
 -1.9649999999999999e+01   2.0040403122396961e+00   9.9999591896925144e-01
 -1.9599999999999998e+01   2.0040959716987041e+00   9.9999580575396085e-01
 -1.9549999999999997e+01   2.0041524010952050e+00   9.9999568939128614e-01
 -1.9500000000000000e+01   2.0042096111675560e+00   9.9999556979345450e-01
 -1.9449999999999999e+01   2.0042676128066033e+00   9.9999544687023323e-01
 -1.9399999999999999e+01   2.0043264170574235e+00   9.9999532052886131e-01
 -1.9349999999999998e+01   2.0043860351220575e+00   9.9999519067397702e-01
 -1.9299999999999997e+01   2.0044464783612299e+00   9.9999505720754578e-01
 -1.9250000000000000e+01   2.0045077582971849e+00   9.9999492002878354e-01
 -1.9199999999999999e+01   2.0045698866158239e+00   9.9999477903407963e-01
 -1.9149999999999999e+01   2.0046328751690869e+00   9.9999463411691691e-01
 -1.9099999999999998e+01   2.0046967359775847e+00   9.9999448516778922e-01
 -1.9049999999999997e+01   2.0047614812327779e+00   9.9999433207411748e-01
 -1.9000000000000000e+01   2.0048271232996480e+00   9.9999417472016250e-01
 -1.8949999999999999e+01   2.0048936747195087e+00   9.9999401298693491e-01
 -1.8899999999999999e+01   2.0049611482120313e+00   9.9999384675210456e-01
 -1.8849999999999998e+01   2.0050295566784717e+00   9.9999367588990451e-01
 -1.8799999999999997e+01   2.0050989132039172e+00   9.9999350027103473e-01
 -1.8750000000000000e+01   2.0051692310603308e+00   9.9999331976256123e-01
 -1.8699999999999999e+01   2.0052405237089030e+00   9.9999313422781411e-01
 -1.8649999999999999e+01   2.0053128048034123e+00   9.9999294352628021e-01
 -1.8599999999999998e+01   2.0053860881925836e+00   9.9999274751349543e-01
 -1.8549999999999997e+01   2.0054603879234127e+00   9.9999254604093146e-01
 -1.8500000000000000e+01   2.0055357182433844e+00   9.9999233895588246e-01
 -1.8449999999999999e+01   2.0056120936046193e+00   9.9999212610134325e-01
 -1.8399999999999999e+01   2.0056895286657177e+00   9.9999190731589049e-01
 -1.8349999999999998e+01   2.0057680382955403e+00   9.9999168243355530e-01
 -1.8299999999999997e+01   2.0058476375764198e+00   9.9999145128369371e-01
 -1.8250000000000000e+01   2.0059283418067686e+00   9.9999121369085553e-01
 -1.8199999999999999e+01   2.0060101665047938e+00   9.9999096947464616e-01
 -1.8149999999999999e+01   2.0060931274115892e+00   9.9999071844958654e-01
 -1.8099999999999998e+01   2.0061772404948495e+00   9.9999046042496720e-01
 -1.8049999999999997e+01   2.0062625219516304e+00   9.9999019520470134e-01
 -1.8000000000000000e+01   2.0063489882119878e+00   9.9998992258717101e-01
 -1.7949999999999999e+01   2.0064366559429088e+00   9.9998964236506815e-01
 -1.7899999999999999e+01   2.0065255420514729e+00   9.9998935432523361e-01
 -1.7849999999999998e+01   2.0066156636886028e+00   9.9998905824848983e-01
 -1.7799999999999997e+01   2.0067070382528414e+00   9.9998875390946873e-01
 -1.7750000000000000e+01   2.0067996833937318e+00   9.9998844107643625e-01
 -1.7699999999999999e+01   2.0068936170159239e+00   9.9998811951110944e-01
 -1.7649999999999999e+01   2.0069888572831442e+00   9.9998778896846896e-01
 -1.7599999999999998e+01   2.0070854226219090e+00   9.9998744919656724e-01
 -1.7549999999999997e+01   2.0071833317253662e+00   9.9998709993633084e-01
 -1.7500000000000000e+01   2.0072826035577398e+00   9.9998674092135520e-01
 -1.7449999999999999e+01   2.0073832573582213e+00   9.9998637187769557e-01
 -1.7399999999999999e+01   2.0074853126451289e+00   9.9998599252365117e-01
 -1.7349999999999998e+01   2.0075887892203790e+00   9.9998560256954216e-01
 -1.7299999999999997e+01   2.0076937071735403e+00   9.9998520171748195e-01
 -1.7250000000000000e+01   2.0078000868864634e+00   9.9998478966114090e-01
 -1.7199999999999999e+01   2.0079079490376861e+00   9.9998436608550434e-01
 -1.7149999999999999e+01   2.0080173146069269e+00   9.9998393066662339e-01
 -1.7099999999999998e+01   2.0081282048798590e+00   9.9998348307135776e-01
 -1.7049999999999997e+01   2.0082406414526082e+00   9.9998302295711239e-01
 -1.7000000000000000e+01   2.0083546462367572e+00   9.9998254997156466e-01
 -1.6949999999999999e+01   2.0084702414640727e+00   9.9998206375238508e-01
 -1.6899999999999999e+01   2.0085874496914893e+00   9.9998156392694904e-01
 -1.6849999999999998e+01   2.0087062938061884e+00   9.9998105011204008e-01
 -1.6799999999999997e+01   2.0088267970306775e+00   9.9998052191354481e-01
 -1.6750000000000000e+01   2.0089489829279605e+00   9.9997997892613877e-01
 -1.6699999999999999e+01   2.0090728754068921e+00   9.9997942073296275e-01
 -1.6649999999999999e+01   2.0091984987276454e+00   9.9997884690528938e-01
 -1.6599999999999998e+01   2.0093258775069485e+00   9.9997825700218135e-01
 -1.6549999999999997e+01   2.0094550367239452e+00   9.9997765057013721e-01
 -1.6500000000000000e+01   2.0095860017255807e+00   9.9997702714272929e-01
 -1.6449999999999999e+01   2.0097187982324751e+00   9.9997638624022911e-01
 -1.6399999999999999e+01   2.0098534523450589e+00   9.9997572736922091e-01
 -1.6349999999999998e+01   2.0099899905491245e+00   9.9997505002220710e-01
 -1.6299999999999997e+01   2.0101284397221111e+00   9.9997435367719889e-01
 -1.6250000000000000e+01   2.0102688271393077e+00   9.9997363779729576e-01
 -1.6199999999999999e+01   2.0104111804800411e+00   9.9997290183025300e-01
 -1.6149999999999999e+01   2.0105555278341178e+00   9.9997214520803579e-01
 -1.6099999999999998e+01   2.0107018977084863e+00   9.9997136734635927e-01
 -1.6049999999999997e+01   2.0108503190334477e+00   9.9997056764421810e-01
 -1.6000000000000000e+01   2.0110008211698727e+00   9.9996974548339712e-01
 -1.5949999999999999e+01   2.0111534339157804e+00   9.9996890022797158e-01
 -1.5899999999999999e+01   2.0113081875133672e+00   9.9996803122379063e-01
 -1.5849999999999998e+01   2.0114651126563259e+00   9.9996713779794444e-01
 -1.5799999999999999e+01   2.0116242404965865e+00   9.9996621925821938e-01
 -1.5750000000000000e+01   2.0117856026523593e+00   9.9996527489253018e-01
 -1.5699999999999999e+01   2.0119492312149148e+00   9.9996430396834313e-01
 -1.5649999999999999e+01   2.0121151587568753e+00   9.9996330573207393e-01
 -1.5600000000000000e+01   2.0122834183395093e+00   9.9996227940847415e-01
 -1.5549999999999999e+01   2.0124540435208806e+00   9.9996122419999500e-01
 -1.5500000000000000e+01   2.0126270683637566e+00   9.9996013928613425e-01
 -1.5449999999999999e+01   2.0128025274440069e+00   9.9995902382276136e-01
 -1.5399999999999999e+01   2.0129804558588131e+00   9.9995787694142435e-01
 -1.5350000000000000e+01   2.0131608892352144e+00   9.9995669774863460e-01
 -1.5299999999999999e+01   2.0133438637386614e+00   9.9995548532513101e-01
 -1.5250000000000000e+01   2.0135294160820352e+00   9.9995423872511979e-01
 -1.5199999999999999e+01   2.0137175835345378e+00   9.9995295697549325e-01
 -1.5149999999999999e+01   2.0139084039307429e+00   9.9995163907502482e-01
 -1.5100000000000000e+01   2.0141019156801363e+00   9.9995028399353758e-01
 -1.5049999999999999e+01   2.0142981577763983e+00   9.9994889067105031e-01
 -1.5000000000000000e+01   2.0144971698073033e+00   9.9994745801689455e-01
 -1.4949999999999999e+01   2.0146989919642380e+00   9.9994598490880882e-01
 -1.4899999999999999e+01   2.0149036650526937e+00   9.9994447019199928e-01
 -1.4850000000000000e+01   2.0151112305020944e+00   9.9994291267817814e-01
 -1.4799999999999999e+01   2.0153217303763902e+00   9.9994131114456830e-01
 -1.4750000000000000e+01   2.0155352073847106e+00   9.9993966433287851e-01
 -1.4699999999999999e+01   2.0157517048922342e+00   9.9993797094824699e-01
 -1.4649999999999999e+01   2.0159712669309071e+00   9.9993622965815543e-01
 -1.4600000000000000e+01   2.0161939382111571e+00   9.9993443909130331e-01
 -1.4549999999999999e+01   2.0164197641330674e+00   9.9993259783645361e-01
 -1.4500000000000000e+01   2.0166487907980404e+00   9.9993070444124077e-01
 -1.4449999999999999e+01   2.0168810650208377e+00   9.9992875741094056e-01
 -1.4399999999999999e+01   2.0171166343416536e+00   9.9992675520720353e-01
 -1.4350000000000000e+01   2.0173555470385360e+00   9.9992469624674829e-01
 -1.4299999999999999e+01   2.0175978521399363e+00   9.9992257890001524e-01
 -1.4250000000000000e+01   2.0178435994376809e+00   9.9992040148977690e-01
 -1.4199999999999999e+01   2.0180928395000057e+00   9.9991816228970676e-01
 -1.4149999999999999e+01   2.0183456236848811e+00   9.9991585952290318e-01
 -1.4100000000000000e+01   2.0186020041539847e+00   9.9991349136036378e-01
 -1.4049999999999999e+01   2.0188620338861747e+00   9.9991105591941920e-01
 -1.4000000000000000e+01   2.0191257666919578e+00   9.9990855126211120e-01
 -1.3949999999999999e+01   2.0193932572279363e+00   9.9990597539352277e-01
 -1.3899999999999999e+01   2.0196645610115520e+00   9.9990332626005574e-01
 -1.3850000000000000e+01   2.0199397344361736e+00   9.9990060174765372e-01
 -1.3799999999999999e+01   2.0202188347865109e+00   9.9989779967996895e-01
 -1.3750000000000000e+01   2.0205019202541403e+00   9.9989491781647322e-01
 -1.3699999999999999e+01   2.0207890499537724e+00   9.9989195385050489e-01
 -1.3649999999999999e+01   2.0210802839394275e+00   9.9988890540725828e-01
 -1.3600000000000000e+01   2.0213756832211556e+00   9.9988577004170720e-01
 -1.3549999999999999e+01   2.0216753097819899e+00   9.9988254523646369e-01
 -1.3500000000000000e+01   2.0219792265954419e+00   9.9987922839956656e-01
 -1.3449999999999999e+01   2.0222874976431426e+00   9.9987581686220173e-01
 -1.3399999999999999e+01   2.0226001879329396e+00   9.9987230787634895e-01
 -1.3350000000000000e+01   2.0229173635174487e+00   9.9986869861235228e-01
 -1.3299999999999999e+01   2.0232390915128939e+00   9.9986498615641384e-01
 -1.3250000000000000e+01   2.0235654401183676e+00   9.9986116750800691e-01
 -1.3199999999999999e+01   2.0238964786354661e+00   9.9985723957720618e-01
 -1.3149999999999999e+01   2.0242322774884292e+00   9.9985319918193094e-01
 -1.3100000000000000e+01   2.0245729082446662e+00   9.9984904304509981e-01
 -1.3049999999999999e+01   2.0249184436357437e+00   9.9984476779169307e-01
 -1.3000000000000000e+01   2.0252689575787275e+00   9.9984036994572112e-01
 -1.2949999999999999e+01   2.0256245251980847e+00   9.9983584592709318e-01
 -1.2899999999999999e+01   2.0259852228480644e+00   9.9983119204838411e-01
 -1.2850000000000000e+01   2.0263511281354907e+00   9.9982640451149674e-01
 -1.2799999999999999e+01   2.0267223199430942e+00   9.9982147940421473e-01
 -1.2750000000000000e+01   2.0270988784534048e+00   9.9981641269664190e-01
 -1.2699999999999999e+01   2.0274808851730550e+00   9.9981120023752634e-01
 -1.2649999999999999e+01   2.0278684229577211e+00   9.9980583775046239e-01
 -1.2600000000000000e+01   2.0282615760375617e+00   9.9980032082996828e-01
 -1.2549999999999999e+01   2.0286604300432667e+00   9.9979464493743375e-01
 -1.2500000000000000e+01   2.0290650720326617e+00   9.9978880539693404e-01
 -1.2449999999999999e+01   2.0294755905178636e+00   9.9978279739090581e-01
 -1.2400000000000000e+01   2.0298920754931458e+00   9.9977661595567802e-01
 -1.2350000000000000e+01   2.0303146184633687e+00   9.9977025597685509e-01
 -1.2299999999999999e+01   2.0307433124730663e+00   9.9976371218454585e-01
 -1.2250000000000000e+01   2.0311782521361654e+00   9.9975697914843342e-01
 -1.2199999999999999e+01   2.0316195336664524e+00   9.9975005127267902e-01
 -1.2150000000000000e+01   2.0320672549087266e+00   9.9974292279065469e-01
 -1.2100000000000000e+01   2.0325215153706178e+00   9.9973558775949967e-01
 -1.2049999999999999e+01   2.0329824162551700e+00   9.9972804005449267e-01
 -1.2000000000000000e+01   2.0334500604941961e+00   9.9972027336323366e-01
 -1.1949999999999999e+01   2.0339245527824081e+00   9.9971228117962840e-01
 -1.1900000000000000e+01   2.0344059996123516e+00   9.9970405679766872e-01
 -1.1850000000000000e+01   2.0348945093101087e+00   9.9969559330500168e-01
 -1.1799999999999999e+01   2.0353901920719601e+00   9.9968688357627744e-01
 -1.1750000000000000e+01   2.0358931600017915e+00   9.9967792026627145e-01
 -1.1699999999999999e+01   2.0364035271494787e+00   9.9966869580276929e-01
 -1.1650000000000000e+01   2.0369214095501591e+00   9.9965920237920736e-01
 -1.1600000000000000e+01   2.0374469252644198e+00   9.9964943194706024e-01
 -1.1549999999999999e+01   2.0379801944195157e+00   9.9963937620796395e-01
 -1.1500000000000000e+01   2.0385213392516079e+00   9.9962902660556563e-01
 -1.1449999999999999e+01   2.0390704841488589e+00   9.9961837431709344e-01
 -1.1400000000000000e+01   2.0396277556958498e+00   9.9960741024462751e-01
 -1.1350000000000000e+01   2.0401932827188278e+00   9.9959612500607109e-01
 -1.1299999999999999e+01   2.0407671963322649e+00   9.9958450892580164e-01
 -1.1250000000000000e+01   2.0413496299864162e+00   9.9957255202499662e-01
 -1.1199999999999999e+01   2.0419407195162345e+00   9.9956024401161514e-01
 -1.1150000000000000e+01   2.0425406031913229e+00   9.9954757427002960e-01
 -1.1100000000000000e+01   2.0431494217673341e+00   9.9953453185028618e-01
 -1.1049999999999999e+01   2.0437673185384395e+00   9.9952110545698869e-01
 -1.1000000000000000e+01   2.0443944393913096e+00   9.9950728343778283e-01
 -1.0949999999999999e+01   2.0450309328604757e+00   9.9949305377142883e-01
 -1.0900000000000000e+01   2.0456769501848817e+00   9.9947840405545196e-01
 -1.0850000000000000e+01   2.0463326453662143e+00   9.9946332149334216e-01
 -1.0799999999999999e+01   2.0469981752284760e+00   9.9944779288129837e-01
 -1.0750000000000000e+01   2.0476736994791800e+00   9.9943180459449221e-01
 -1.0699999999999999e+01   2.0483593807722076e+00   9.9941534257283215e-01
 -1.0650000000000000e+01   2.0490553847722226e+00   9.9939839230621230e-01
 -1.0600000000000000e+01   2.0497618802207755e+00   9.9938093881922330e-01
 -1.0549999999999999e+01   2.0504790390042134e+00   9.9936296665530278e-01
 -1.0500000000000000e+01   2.0512070362233525e+00   9.9934445986030507e-01
 -1.0449999999999999e+01   2.0519460502649927e+00   9.9932540196546671e-01
 -1.0400000000000000e+01   2.0526962628753451e+00   9.9930577596974313e-01
 -1.0350000000000000e+01   2.0534578592354862e+00   9.9928556432148974e-01
 -1.0299999999999999e+01   2.0542310280387555e+00   9.9926474889946493e-01
 -1.0250000000000000e+01   2.0550159615703087e+00   9.9924331099312358e-01
 -1.0199999999999999e+01   2.0558128557888398e+00   9.9922123128217355e-01
 -1.0150000000000000e+01   2.0566219104104895e+00   9.9919848981536663e-01
 -1.0100000000000000e+01   2.0574433289951126e+00   9.9917506598848982e-01
 -1.0049999999999999e+01   2.0582773190349108e+00   9.9915093852152581e-01
 -1.0000000000000000e+01   2.0591240920454759e+00   9.9912608543494952e-01
 -9.9499999999999993e+00   2.0599838636594554e+00   9.9910048402512097e-01
 -9.9000000000000004e+00   2.0608568537227274e+00   9.9907411083874265e-01
 -9.8499999999999996e+00   2.0617432863933884e+00   9.9904694164633601e-01
 -9.7999999999999989e+00   2.0626433902434838e+00   9.9901895141470065e-01
 -9.7500000000000000e+00   2.0635573983636148e+00   9.9899011427831219e-01
 -9.6999999999999993e+00   2.0644855484705280e+00   9.9896040350961379e-01
 -9.6500000000000004e+00   2.0654280830178302e+00   9.9892979148815297e-01
 -9.5999999999999996e+00   2.0663852493098136e+00   9.9889824966851848e-01
 -9.5499999999999989e+00   2.0673572996186445e+00   9.9886574854702104e-01
 -9.5000000000000000e+00   2.0683444913048996e+00   9.9883225762706862e-01
 -9.4499999999999993e+00   2.0693470869416637e+00   9.9879774538317634e-01
 -9.4000000000000004e+00   2.0703653544422336e+00   9.9876217922355470e-01
 -9.3499999999999996e+00   2.0713995671915715e+00   9.9872552545121407e-01
 -9.2999999999999989e+00   2.0724500041816944e+00   9.9868774922351811e-01
 -9.2500000000000000e+00   2.0735169501510624e+00   9.9864881451012155e-01
 -9.1999999999999993e+00   2.0746006957281025e+00   9.9860868404922076e-01
 -9.1500000000000004e+00   2.0757015375790973e+00   9.9856731930204012e-01
 -9.0999999999999996e+00   2.0768197785604827e+00   9.9852468040547959e-01
 -9.0499999999999989e+00   2.0779557278758114e+00   9.9848072612283811e-01
 -9.0000000000000000e+00   2.0791097012374005e+00   9.9843541379253231e-01
 -8.9499999999999993e+00   2.0802820210330539e+00   9.9838869927471208e-01
 -8.9000000000000004e+00   2.0814730164978124e+00   9.9834053689568680e-01
 -8.8499999999999996e+00   2.0826830238910179e+00   9.9829087939005934e-01
 -8.7999999999999989e+00   2.0839123866789091e+00   9.9823967784046230e-01
 -8.7500000000000000e+00   2.0851614557229041e+00   9.9818688161478897e-01
 -8.6999999999999993e+00   2.0864305894737170e+00   9.9813243830080645e-01
 -8.6500000000000004e+00   2.0877201541716746e+00   9.9807629363802441e-01
 -8.5999999999999996e+00   2.0890305240533054e+00   9.9801839144669846e-01
 -8.5499999999999989e+00   2.0903620815645234e+00   9.9795867355383161e-01
 -8.5000000000000000e+00   2.0917152175805804e+00   9.9789707971603669e-01
 -8.4499999999999993e+00   2.0930903316331326e+00   9.9783354753910836e-01
 -8.4000000000000004e+00   2.0944878321445790e+00   9.9776801239415447e-01
 -8.3499999999999996e+00   2.0959081366699848e+00   9.9770040733012288e-01
 -8.2999999999999989e+00   2.0973516721469223e+00   9.9763066298254954e-01
 -8.2500000000000000e+00   2.0988188751534338e+00   9.9755870747835251e-01
 -8.1999999999999993e+00   2.1003101921744962e+00   9.9748446633647891e-01
 -8.1500000000000004e+00   2.1018260798772608e+00   9.9740786236420742e-01
 -8.0999999999999996e+00   2.1033670053954405e+00   9.9732881554889474e-01
 -8.0500000000000007e+00   2.1049334466231486e+00   9.9724724294494671e-01
 -8.0000000000000000e+00   2.1065258925185999e+00   9.9716305855577891e-01
 -7.9499999999999993e+00   2.1081448434180179e+00   9.9707617321052311e-01
 -7.9000000000000004e+00   2.1097908113601331e+00   9.9698649443522092e-01
 -7.8499999999999996e+00   2.1114643204217138e+00   9.9689392631823137e-01
 -7.8000000000000007e+00   2.1131659070645687e+00   9.9679836936956334e-01
 -7.7500000000000000e+00   2.1148961204943659e+00   9.9669972037383603e-01
 -7.6999999999999993e+00   2.1166555230319029e+00   9.9659787223653828e-01
 -7.6500000000000004e+00   2.1184446904971299e+00   9.9649271382325977e-01
 -7.5999999999999996e+00   2.1202642126065823e+00   9.9638412979152968e-01
 -7.5500000000000007e+00   2.1221146933846473e+00   9.9627200041489339e-01
 -7.5000000000000000e+00   2.1239967515892828e+00   9.9615620139882644e-01
 -7.4499999999999993e+00   2.1259110211527030e+00   9.9603660368807090e-01
 -7.4000000000000004e+00   2.1278581516376880e+00   9.9591307326494849e-01
 -7.3499999999999996e+00   2.1298388087100903e+00   9.9578547093818615e-01
 -7.3000000000000007e+00   2.1318536746282359e+00   9.9565365212175783e-01
 -7.2500000000000000e+00   2.1339034487498503e+00   9.9551746660322404e-01
 -7.1999999999999993e+00   2.1359888480572757e+00   9.9537675830101380e-01
 -7.1500000000000004e+00   2.1381106077016496e+00   9.9523136501007026e-01
 -7.1000000000000014e+00   2.1402694815669037e+00   9.9508111813523803e-01
 -7.0500000000000007e+00   2.1424662428543053e+00   9.9492584241174453e-01
 -7.0000000000000000e+00   2.1447016846884495e+00   9.9476535561208113e-01
 -6.9499999999999993e+00   2.1469766207455105e+00   9.9459946823855760e-01
 -6.8999999999999986e+00   2.1492918859047618e+00   9.9442798320074988e-01
 -6.8500000000000014e+00   2.1516483369242092e+00   9.9425069547703038e-01
 -6.8000000000000007e+00   2.1540468531414443e+00   9.9406739175930459e-01
 -6.7500000000000000e+00   2.1564883372006554e+00   9.9387785008004348e-01
 -6.6999999999999993e+00   2.1589737158069759e+00   9.9368183942063071e-01
 -6.6499999999999986e+00   2.1615039405092440e+00   9.9347911929999666e-01
 -6.6000000000000014e+00   2.1640799885123343e+00   9.9326943934244805e-01
 -6.5500000000000007e+00   2.1667028635203867e+00   9.9305253882352584e-01
 -6.5000000000000000e+00   2.1693735966121008e+00   9.9282814619267035e-01
 -6.4499999999999993e+00   2.1720932471495260e+00   9.9259597857138304e-01
 -6.3999999999999986e+00   2.1748629037216873e+00   9.9235574122550496e-01
 -6.3500000000000014e+00   2.1776836851245203e+00   9.9210712701014259e-01
 -6.3000000000000007e+00   2.1805567413786164e+00   9.9184981578568387e-01
 -6.2500000000000000e+00   2.1834832547863754e+00   9.9158347380324952e-01
 -6.1999999999999993e+00   2.1864644410301972e+00   9.9130775305782404e-01
 -6.1499999999999986e+00   2.1895015503133943e+00   9.9102229060720504e-01
 -6.1000000000000014e+00   2.1925958685456362e+00   9.9072670785478800e-01
 -6.0500000000000007e+00   2.1957487185747522e+00   9.9042060979408564e-01
 -6.0000000000000000e+00   2.1989614614668040e+00   9.9010358421274836e-01
 -5.9499999999999993e+00   2.2022354978364409e+00   9.8977520085371173e-01
 -5.8999999999999986e+00   2.2055722692295605e+00   9.8943501053095229e-01
 -5.8500000000000014e+00   2.2089732595604623e+00   9.8908254419716890e-01
 -5.8000000000000007e+00   2.2124399966056831e+00   9.8871731196054435e-01
 -5.7500000000000000e+00   2.2159740535568067e+00   9.8833880204756042e-01
 -5.6999999999999993e+00   2.2195770506346344e+00   9.8794647970864879e-01
 -5.6499999999999986e+00   2.2232506567671497e+00   9.8753978606325910e-01
 -5.6000000000000014e+00   2.2269965913338003e+00   9.8711813688070893e-01
 -5.5500000000000007e+00   2.2308166259787150e+00   9.8668092129295049e-01
 -5.5000000000000000e+00   2.2347125864954975e+00   9.8622750043514840e-01
 -5.4499999999999993e+00   2.2386863547863647e+00   9.8575720600969940e-01
 -5.3999999999999986e+00   2.2427398708984070e+00   9.8526933876905620e-01
 -5.3500000000000014e+00   2.2468751351398630e+00   9.8476316691241861e-01
 -5.3000000000000007e+00   2.2510942102792897e+00   9.8423792439105495e-01
 -5.2500000000000000e+00   2.2553992238306400e+00   9.8369280911667667e-01
 -5.1999999999999993e+00   2.2597923704271690e+00   9.8312698106695817e-01
 -5.1499999999999986e+00   2.2642759142872704e+00   9.8253956028190681e-01
 -5.1000000000000014e+00   2.2688521917751916e+00   9.8192962474441892e-01
 -5.0500000000000007e+00   2.2735236140597106e+00   9.8129620813792862e-01
 -5.0000000000000000e+00   2.2782926698736872e+00   9.8063829747364373e-01
 -4.9499999999999993e+00   2.2831619283774796e+00   9.7995483057938682e-01
 -4.8999999999999986e+00   2.2881340421290290e+00   9.7924469344159670e-01
 -4.8500000000000014e+00   2.2932117501633842e+00   9.7850671739153128e-01
 -4.8000000000000007e+00   2.2983978811841936e+00   9.7773967612619594e-01
 -4.7500000000000000e+00   2.3036953568695759e+00   9.7694228255396520e-01
 -4.6999999999999993e+00   2.3091071952945037e+00   9.7611318545429138e-01
 -4.6499999999999986e+00   2.3146365144715073e+00   9.7525096594030525e-01
 -4.6000000000000014e+00   2.3202865360111384e+00   9.7435413371249646e-01
 -4.5500000000000007e+00   2.3260605889032395e+00   9.7342112309101814e-01
 -4.5000000000000000e+00   2.3319621134194168e+00   9.7245028881352857e-01
 -4.4499999999999993e+00   2.3379946651365797e+00   9.7143990158480287e-01
 -4.3999999999999986e+00   2.3441619190805909e+00   9.7038814336369117e-01
 -4.3500000000000014e+00   2.3504676739882351e+00   9.6929310237231903e-01
 -4.3000000000000007e+00   2.3569158566846249e+00   9.6815276781177007e-01
 -4.2500000000000000e+00   2.3635105265720129e+00   9.6696502426783448e-01
 -4.1999999999999993e+00   2.3702558802245779e+00   9.6572764578978076e-01
 -4.1499999999999986e+00   2.3771562560821411e+00   9.6443828962452560e-01
 -4.1000000000000014e+00   2.3842161392339163e+00   9.6309448958804600e-01
 -4.0500000000000007e+00   2.3914401662813236e+00   9.6169364905541244e-01
 -4.0000000000000000e+00   2.3988331302664152e+00   9.6023303355047318e-01
 -3.9499999999999993e+00   2.4063999856497436e+00   9.5870976291597210e-01
 -3.8999999999999986e+00   2.4141458533183413e+00   9.5712080304480573e-01
 -3.8500000000000014e+00   2.4220760256008824e+00   9.5546295715324081e-01
 -3.8000000000000007e+00   2.4301959712630841e+00   9.5373285657725293e-01
 -3.7500000000000000e+00   2.4385113404517584e+00   9.5192695107380054e-01
 -3.6999999999999993e+00   2.4470279695508186e+00   9.5004149860981812e-01
 -3.6499999999999986e+00   2.4557518859066452e+00   9.4807255462313411e-01
 -3.6000000000000014e+00   2.4646893123737237e+00   9.4601596074140892e-01
 -3.5500000000000007e+00   2.4738466716240994e+00   9.4386733294769076e-01
 -3.5000000000000000e+00   2.4832305901559937e+00   9.4162204918437253e-01
 -3.4499999999999993e+00   2.4928479019278198e+00   9.3927523639133659e-01
 -3.3999999999999986e+00   2.5027056515336272e+00   9.3682175697903780e-01
 -3.3500000000000014e+00   2.5128110968248225e+00   9.3425619474333066e-01
 -3.3000000000000007e+00   2.5231717108705243e+00   9.3157284023620213e-01
 -3.2500000000000000e+00   2.5337951831353265e+00   9.2876567561538081e-01
 -3.1999999999999993e+00   2.5446894197382424e+00   9.2582835900630422e-01
 -3.1499999999999986e+00   2.5558625426403241e+00   9.2275420842235845e-01
 -3.1000000000000014e+00   2.5673228875908038e+00   9.1953618530390802e-01
 -3.0500000000000007e+00   2.5790790006425310e+00   9.1616687775371186e-01
 -3.0000000000000000e+00   2.5911396330271472e+00   9.1263848356613242e-01
 -2.9499999999999993e+00   2.6035137341588053e+00   9.0894279317042370e-01
 -2.8999999999999986e+00   2.6162104425124966e+00   9.0507117263463821e-01
 -2.8500000000000014e+00   2.6292390740994267e+00   9.0101454690662408e-01
 -2.8000000000000007e+00   2.6426091082376666e+00   8.9676338350249774e-01
 -2.7500000000000000e+00   2.6563301702918585e+00   8.9230767689116508e-01
 -2.6999999999999993e+00   2.6704120110317513e+00   8.8763693386609066e-01
 -2.6499999999999986e+00   2.6848644822363243e+00   8.8274016024279289e-01
 -2.6000000000000014e+00   2.6996975081491872e+00   8.7760584927245444e-01
 -2.5500000000000007e+00   2.7149210523729703e+00   8.7222197221848119e-01
 -2.5000000000000000e+00   2.7305450797766047e+00   8.6657597160354860e-01
 -2.4499999999999993e+00   2.7465795129817137e+00   8.6065475769899691e-01
 -2.3999999999999986e+00   2.7630341829941694e+00   8.5444470889560520e-01
 -2.3500000000000014e+00   2.7799187735566848e+00   8.4793167666345914e-01
 -2.3000000000000007e+00   2.7972427588203792e+00   8.4110099587711762e-01
 -2.2500000000000000e+00   2.8150153339702060e+00   8.3393750134835831e-01
 -2.1999999999999993e+00   2.8332453384939873e+00   8.2642555146951013e-01
 -2.1499999999999986e+00   2.8519411718604450e+00   8.1854905992226301e-01
 -2.1000000000000014e+00   2.8711107014713138e+00   8.1029153644553897e-01
 -2.0500000000000007e+00   2.8907611628792749e+00   8.0163613767649045e-01
 -2.0000000000000000e+00   2.9108990524198370e+00   7.9256572907516076e-01
 -1.9499999999999993e+00   2.9315300125935364e+00   7.8306295890937139e-01
 -1.8999999999999986e+00   2.9526587107563396e+00   7.7311034520501720e-01
 -1.8500000000000014e+00   2.9742887119310000e+00   7.6269037645095827e-01
 -1.8000000000000007e+00   2.9964223468389291e+00   7.5178562668000037e-01
 -1.7500000000000000e+00   3.0190605765673162e+00   7.4037888532157226e-01
 -1.6999999999999993e+00   3.0422028556241147e+00   7.2845330193223512e-01
 -1.6500000000000021e+00   3.0658469954850207e+00   7.1599254555388858e-01
 -1.6000000000000014e+00   3.0899890310903491e+00   7.0298097802568049e-01
 -1.5500000000000007e+00   3.1146230930904122e+00   6.8940384008739053e-01
 -1.5000000000000000e+00   3.1397412889478673e+00   6.7524744856686336e-01
 -1.4499999999999993e+00   3.1653335962636109e+00   6.6049940235482985e-01
 -1.4000000000000021e+00   3.1913877718765811e+00   6.4514879425573901e-01
 -1.3500000000000014e+00   3.2178892803738797e+00   6.2918642518759837e-01
 -1.3000000000000007e+00   3.2448212456131245e+00   6.1260501661754729e-01
 -1.2500000000000000e+00   3.2721644286840403e+00   5.9539941659775231e-01
 -1.1999999999999993e+00   3.2998972354053029e+00   5.7756679434641267e-01
 -1.1500000000000021e+00   3.3279957559573607e+00   5.5910681803980944e-01
 -1.1000000000000014e+00   3.3564338385926207e+00   5.4002181038022201e-01
 -1.0500000000000007e+00   3.3851831985519194e+00   5.2031687661236847e-01
 -1.0000000000000000e+00   3.4142135623731109e+00   4.9999999999998895e-01
 -9.4999999999999929e-01   3.4434928467374686e+00   4.7908210035443988e-01
 -9.0000000000000213e-01   3.4729873699068161e+00   4.5757705202375021e-01
 -8.5000000000000142e-01   3.5026620927109740e+00   4.3550165878236929e-01
 -8.0000000000000071e-01   3.5324808850083160e+00   4.1287558427103210e-01
 -7.5000000000000000e-01   3.5624068126198276e+00   3.8972123796978753e-01
 -6.9999999999999929e-01   3.5924024389824885e+00   3.6606361808065541e-01
 -6.5000000000000213e-01   3.6224301352267396e+00   3.4193011407703605e-01
 -6.0000000000000142e-01   3.6524523920877803e+00   3.1735027297084334e-01
 -5.5000000000000071e-01   3.6824321270289673e+00   2.9235553448519652e-01
 -5.0000000000000000e-01   3.7123329801882536e+00   2.6697894123990340e-01
 -4.4999999999999929e-01   3.7421195932387290e+00   2.4125483071343143e-01
 -4.0000000000000213e-01   3.7717578659504287e+00   2.1521851611069553e-01
 -3.5000000000000142e-01   3.8012151861085979e+00   1.8890596333294235e-01
 -3.0000000000000071e-01   3.8304606294311392e+00   1.6235347102563943e-01
 -2.5000000000000000e-01   3.8594651271791847e+00   1.3559736020112484e-01
 -1.9999999999999929e-01   3.8882016002137072e+00   1.0867367923759896e-01
 -1.5000000000000213e-01   3.9166450592673043e+00   8.1617929196557901e-02
 -1.0000000000000142e-01   3.9447726721303304e+00   5.4464813433763318e-02
 -5.0000000000000711e-02   3.9725637992612355e+00   2.7248014461020133e-02
  0.0000000000000000e+00   4.0000000000000000e+00   0.0000000000000000e+00
