# Columns: x, u, lamda
# time_step 5000
# time   5.0000000000000000e+01
 -2.5149999999999999e+01   9.7913841836273475e-11   8.9062255988974781e-15
 -2.5099999999999998e+01   9.7913841836273475e-11   8.9062255988974781e-15
 -2.5049999999999997e+01   9.7913841836273475e-11   8.9062255988974781e-15
 -2.5000000000000000e+01   9.7913841836273475e-11   8.9062255988974781e-15
 -2.4949999999999999e+01   9.7913836346095592e-11   9.0805484388825200e-15
 -2.4899999999999999e+01   9.7914599586605587e-11   9.1657733116368556e-15
 -2.4849999999999998e+01   9.7916418863401478e-11   9.3007608607559141e-15
 -2.4799999999999997e+01   9.7919055097908354e-11   9.4022036242257422e-15
 -2.4750000000000000e+01   9.7920923121982767e-11   9.5184319625043478e-15
 -2.4699999999999999e+01   9.7919593230381537e-11   9.6207103674665882e-15
 -2.4649999999999999e+01   9.7912869512817183e-11   9.7254240716342408e-15
 -2.4599999999999998e+01   9.7900253904919967e-11   9.8223753056035860e-15
 -2.4549999999999997e+01   9.7882734741315611e-11   9.9170074222960833e-15
 -2.4500000000000000e+01   9.7861730200907335e-11   1.0005679941399011e-14
 -2.4449999999999999e+01   9.7838341746994099e-11   1.0090061351257324e-14
 -2.4399999999999999e+01   9.7813277023765927e-11   1.0168703200133266e-14
 -2.4349999999999998e+01   9.7787072573739680e-11   1.0241965885840016e-14
 -2.4299999999999997e+01   9.7760246272395856e-11   1.0309139480055679e-14
 -2.4250000000000000e+01   9.7733250459392806e-11   1.0370125817019061e-14
 -2.4199999999999999e+01   9.7706353343433202e-11   1.0424455961587171e-14
 -2.4149999999999999e+01   9.7679592124585151e-11   1.0471863797373529e-14
 -2.4099999999999998e+01   9.7652838095609959e-11   1.0511951182747391e-14
 -2.4049999999999997e+01   9.7625910786628982e-11   1.0544383273546210e-14
 -2.4000000000000000e+01   9.7598665928825215e-11   1.0568774543432962e-14
 -2.3949999999999999e+01   9.7571026087160438e-11   1.0584755204785413e-14
 -2.3899999999999999e+01   9.7542969652757271e-11   1.0591932455505441e-14
 -2.3849999999999998e+01   9.7514507384738794e-11   1.0589913043643372e-14
 -2.3799999999999997e+01   9.7485664189946177e-11   1.0578290116088309e-14
 -2.3750000000000000e+01   9.7456468156290357e-11   1.0556650889528627e-14
 -2.3699999999999999e+01   9.7426942964832215e-11   1.0524572210520779e-14
 -2.3649999999999999e+01   9.7397102051398976e-11   1.0481623183552614e-14
 -2.3599999999999998e+01   9.7366946110232211e-11   1.0427363701929444e-14
 -2.3549999999999997e+01   9.7336465287709009e-11   1.0361345380471204e-14
 -2.3500000000000000e+01   9.7305644815600333e-11   1.0283111108629569e-14
 -2.3449999999999999e+01   9.7274470945094097e-11   1.0192195424223808e-14
 -2.3399999999999999e+01   9.7242934471219830e-11   1.0088124428848401e-14
 -2.3349999999999998e+01   9.7211031090283895e-11   9.9704159896017956e-15
 -2.3299999999999997e+01   9.7178759620021792e-11   9.8385797953327098e-15
 -2.3250000000000000e+01   9.7146119711362891e-11   9.6921175194348425e-15
 -2.3199999999999999e+01   9.7113110217457317e-11   9.5305229436569213e-15
 -2.3149999999999999e+01   9.7079728570527730e-11   9.3532821282822759e-15
 -2.3099999999999998e+01   9.7045970937308961e-11   9.1598735799003965e-15
 -2.3049999999999997e+01   9.7011832739983362e-11   8.9497684458913518e-15
 -2.3000000000000000e+01   9.6977309204672726e-11   8.7224307195837819e-15
 -2.2949999999999999e+01   9.6942395748531436e-11   8.4773174663172667e-15
 -2.2899999999999999e+01   9.6907088142931812e-11   8.2138790654217695e-15
 -2.2849999999999998e+01   9.6871382477930735e-11   7.9315594719986966e-15
 -2.2799999999999997e+01   9.6835275007640103e-11   7.6297964972340124e-15
 -2.2750000000000000e+01   9.6798761974289922e-11   7.3080221090147857e-15
 -2.2699999999999999e+01   9.6761839488196911e-11   6.9656627528101371e-15
 -2.2649999999999999e+01   9.6724503494092336e-11   6.6021396938836874e-15
 -2.2599999999999998e+01   9.6686749807134764e-11   6.2168693812168042e-15
 -2.2549999999999997e+01   9.6648574176698627e-11   5.8092638339970953e-15
 -2.2500000000000000e+01   9.6609972338723171e-11   5.3787310512267532e-15
 -2.2449999999999999e+01   9.6570940037585312e-11   4.9246754452140087e-15
 -2.2399999999999999e+01   9.6531473019966775e-11   4.4464982995945636e-15
 -2.2349999999999998e+01   9.6491567014921060e-11   3.9435982526514301e-15
 -2.2299999999999997e+01   9.6451217714635425e-11   3.4153718065976589e-15
 -2.2250000000000000e+01   9.6410420763863843e-11   2.8612138635587672e-15
 -2.2199999999999999e+01   9.6369171758629097e-11   2.2805182890155956e-15
 -2.2149999999999999e+01   9.6327466250471158e-11   1.6726785033790331e-15
 -2.2099999999999998e+01   9.6285299751702118e-11   1.0370881025123256e-15
 -2.2049999999999997e+01   9.6242667738660878e-11   3.7314150789298976e-16
 -2.2000000000000000e+01   9.6199565652100859e-11  -3.1976535278818693e-16
 -2.1949999999999999e+01   9.6155988895436007e-11  -1.0422343338635494e-15
 -2.1899999999999999e+01   9.6111932832157069e-11  -1.7948643279644306e-15
 -2.1849999999999998e+01   9.6067392783511904e-11  -2.5782504895705362e-15
 -2.1799999999999997e+01   9.6022364026994008e-11  -3.3929834250837229e-15
 -2.1750000000000000e+01   9.5976841795577576e-11  -4.2396483486051721e-15
 -2.1699999999999999e+01   9.5930821277315390e-11  -5.1188242026805500e-15
 -2.1649999999999999e+01   9.5884297614865827e-11  -6.0310827431890732e-15
 -2.1599999999999998e+01   9.5837265904690596e-11  -6.9769875876129797e-15
 -2.1549999999999997e+01   9.5789721195922678e-11  -7.9570932259050951e-15
 -2.1500000000000000e+01   9.5741658489042411e-11  -8.9719439931543507e-15
 -2.1449999999999999e+01   9.5693072734513931e-11  -1.0022073003284232e-14
 -2.1399999999999999e+01   9.5643958831440375e-11  -1.1108001042966096e-14
 -2.1349999999999998e+01   9.5594311626250367e-11  -1.2230235425010032e-14
 -2.1299999999999997e+01   9.5544125911387764e-11  -1.3389268800428622e-14
 -2.1250000000000000e+01   9.5493396423941147e-11  -1.4585577928392980e-14
 -2.1199999999999999e+01   9.5442117844194641e-11  -1.5819622403349309e-14
 -2.1149999999999999e+01   9.5390284794081771e-11  -1.7091843338479347e-14
 -2.1099999999999998e+01   9.5337891835562790e-11  -1.8402662004811458e-14
 -2.1049999999999997e+01   9.5284933468927788e-11  -1.9752478425167660e-14
 -2.1000000000000000e+01   9.5231404131049617e-11  -2.1141669922285353e-14
 -2.0949999999999999e+01   9.5177298193565296e-11  -2.2570589620295334e-14
 -2.0899999999999999e+01   9.5122609960999660e-11  -2.4039564898940147e-14
 -2.0849999999999998e+01   9.5067333668817704e-11  -2.5548895799736412e-14
 -2.0799999999999997e+01   9.5011463481397456e-11  -2.7098853383459910e-14
 -2.0750000000000000e+01   9.4954993489923877e-11  -2.8689678038248378e-14
 -2.0699999999999999e+01   9.4897917710186975e-11  -3.0321577737656175e-14
 -2.0649999999999999e+01   9.4840230080303866e-11  -3.1994726248061627e-14
 -2.0599999999999998e+01   9.4781924458369477e-11  -3.3709261284768629e-14
 -2.0549999999999997e+01   9.4722994620013635e-11  -3.5465282616217273e-14
 -2.0500000000000000e+01   9.4663434255860978e-11  -3.7262850115734845e-14
 -2.0449999999999999e+01   9.4603236968905818e-11  -3.9101981760281284e-14
 -2.0399999999999999e+01   9.4542396271790758e-11  -4.0982651575630902e-14
 -2.0349999999999998e+01   9.4480905584001266e-11  -4.2904787527552714e-14
 -2.0299999999999997e+01   9.4418758228959008e-11  -4.4868269358455592e-14
 -2.0250000000000000e+01   9.4355947430999929e-11  -4.6872926369105061e-14
 -2.0199999999999999e+01   9.4292466312256061e-11  -4.8918535145011327e-14
 -2.0149999999999999e+01   9.4228307889434451e-11  -5.1004817227084644e-14
 -2.0099999999999998e+01   9.4163465070492129e-11  -5.3131436726273637e-14
 -2.0049999999999997e+01   9.4097930651195246e-11  -5.5297997881849679e-14
 -2.0000000000000000e+01   9.4031697311566484e-11  -5.7504042563128609e-14
 -1.9949999999999999e+01   9.3964757612225520e-11  -5.9749047714404337e-14
 -1.9899999999999999e+01   9.3897103990600284e-11  -6.2032422742914044e-14
 -1.9849999999999998e+01   9.3828728757016041e-11  -6.4353506849770987e-14
 -1.9799999999999997e+01   9.3759624090666243e-11  -6.6711566303752200e-14
 -1.9750000000000000e+01   9.3689782035467881e-11  -6.9105791657979972e-14
 -1.9699999999999999e+01   9.3619194495776589e-11  -7.1535294909474701e-14
 -1.9649999999999999e+01   9.3547853231977579e-11  -7.3999106601778285e-14
 -1.9599999999999998e+01   9.3475749855946728e-11  -7.6496172870713451e-14
 -1.9549999999999997e+01   9.3402875826374855e-11  -7.9025352433581275e-14
 -1.9500000000000000e+01   9.3329222443947000e-11  -8.1585413522035843e-14
 -1.9449999999999999e+01   9.3254780846385117e-11  -8.4175030759044853e-14
 -1.9399999999999999e+01   9.3179542003353470e-11  -8.6792781980328844e-14
 -1.9349999999999998e+01   9.3103496711217176e-11  -8.9437145000807514e-14
 -1.9299999999999997e+01   9.3026635587652039e-11  -9.2106494326628159e-14
 -1.9250000000000000e+01   9.2948949066112598e-11  -9.4799097813457881e-14
 -1.9199999999999999e+01   9.2870427390146049e-11  -9.7513113271754460e-14
 -1.9149999999999999e+01   9.2791060607547566e-11  -1.0024658501988632e-13
 -1.9099999999999998e+01   9.2710838564356653e-11  -1.0299744038600255e-13
 -1.9049999999999997e+01   9.2629750898695849e-11  -1.0576348615968539e-13
 -1.9000000000000000e+01   9.2547787034449153e-11  -1.0854240499448444e-13
 -1.8949999999999999e+01   9.2464936174782827e-11  -1.1133175176256852e-13
 -1.8899999999999999e+01   9.2381187295500802e-11  -1.1412894986278865e-13
 -1.8849999999999998e+01   9.2296529138228433e-11  -1.1693128748359348e-13
 -1.8799999999999997e+01   9.2210950203428531e-11  -1.1973591382233309e-13
 -1.8750000000000000e+01   9.2124438743249663e-11  -1.2253983526259136e-13
 -1.8699999999999999e+01   9.2036982754206030e-11  -1.2533991151133481e-13
 -1.8649999999999999e+01   9.1948569969674969e-11  -1.2813285169773763e-13
 -1.8599999999999998e+01   9.1859187852212024e-11  -1.3091521043573584e-13
 -1.8549999999999997e+01   9.1768823585694573e-11  -1.3368338385244233e-13
 -1.8500000000000000e+01   9.1677464067290558e-11  -1.3643360558469790e-13
 -1.8449999999999999e+01   9.1585095899246006e-11  -1.3916194274618825e-13
 -1.8399999999999999e+01   9.1491705380488096e-11  -1.4186429186768621e-13
 -1.8349999999999998e+01   9.1397278498045300e-11  -1.4453637481313105e-13
 -1.8299999999999997e+01   9.1301800918283509e-11  -1.4717373467440457e-13
 -1.8250000000000000e+01   9.1205257977952952e-11  -1.4977173164781396e-13
 -1.8199999999999999e+01   9.1107634675046782e-11  -1.5232553889546855e-13
 -1.8149999999999999e+01   9.1008915659476921e-11  -1.5483013839488498e-13
 -1.8099999999999998e+01   9.0909085223568897e-11  -1.5728031678033510e-13
 -1.8049999999999997e+01   9.0808127292365222e-11  -1.5967066117960241e-13
 -1.8000000000000000e+01   9.0706025413737702e-11  -1.6199555505004457e-13
 -1.7949999999999999e+01   9.0602762748302757e-11  -1.6424917401795129e-13
 -1.7899999999999999e+01   9.0498322059157707e-11  -1.6642548172551242e-13
 -1.7849999999999998e+01   9.0392685701431805e-11  -1.6851822568972563e-13
 -1.7799999999999997e+01   9.0285835611646864e-11  -1.7052093317794452e-13
 -1.7750000000000000e+01   9.0177753296889075e-11  -1.7242690710486038e-13
 -1.7699999999999999e+01   9.0068419823784794e-11  -1.7422922195593429e-13
 -1.7649999999999999e+01   8.9957815807296423e-11  -1.7592071974258468e-13
 -1.7600000000000001e+01   8.9845921399340372e-11  -1.7749400599452355e-13
 -1.7549999999999997e+01   8.9732716277223625e-11  -1.7894144579498623e-13
 -1.7500000000000000e+01   8.9618179631891864e-11  -1.8025515986472724e-13
 -1.7449999999999999e+01   8.9502290155994106e-11  -1.8142702070097586e-13
 -1.7399999999999999e+01   8.9385026031766888e-11  -1.8244864877768984e-13
 -1.7350000000000001e+01   8.9266364918753966e-11  -1.8331140881380239e-13
 -1.7299999999999997e+01   8.9146283941356653e-11  -1.8400640611627521e-13
 -1.7250000000000000e+01   8.9024759676209159e-11  -1.8452448300514914e-13
 -1.7199999999999999e+01   8.8901768139380409e-11  -1.8485621532796094e-13
 -1.7149999999999999e+01   8.8777284773412475e-11  -1.8499190907120719e-13
 -1.7100000000000001e+01   8.8651284434204749e-11  -1.8492159707677971e-13
 -1.7049999999999997e+01   8.8523741377746945e-11  -1.8463503587159583e-13
 -1.7000000000000000e+01   8.8394629246693145e-11  -1.8412170261888149e-13
 -1.6949999999999999e+01   8.8263921056792886e-11  -1.8337079219995856e-13
 -1.6899999999999999e+01   8.8131589183188740e-11  -1.8237121443554702e-13
 -1.6850000000000001e+01   8.7997605346574925e-11  -1.8111159145598237e-13
 -1.6799999999999997e+01   8.7861940599218763e-11  -1.7958025523002819e-13
 -1.6750000000000000e+01   8.7724565310859787e-11  -1.7776524526228224e-13
 -1.6699999999999999e+01   8.7585449154497352e-11  -1.7565430646946825e-13
 -1.6649999999999999e+01   8.7444561092068653e-11  -1.7323488724623496e-13
 -1.6600000000000001e+01   8.7301869360025991e-11  -1.7049413773144993e-13
 -1.6549999999999997e+01   8.7157341454815575e-11  -1.6741890828621898e-13
 -1.6500000000000000e+01   8.7010944118273135e-11  -1.6399574819532278e-13
 -1.6449999999999999e+01   8.6862643322947369e-11  -1.6021090460398570e-13
 -1.6399999999999999e+01   8.6712404257352802e-11  -1.5605032170231705e-13
 -1.6350000000000001e+01   8.6560191311157684e-11  -1.5149964017008535e-13
 -1.6299999999999997e+01   8.6405968060329811e-11  -1.4654419689489202e-13
 -1.6250000000000000e+01   8.6249697252250937e-11  -1.4116902497708818e-13
 -1.6199999999999999e+01   8.6091340790806529e-11  -1.3535885403524833e-13
 -1.6149999999999999e+01   8.5930859721458263e-11  -1.2909811082630840e-13
 -1.6100000000000001e+01   8.5768214216317664e-11  -1.2237092019494184e-13
 -1.6049999999999997e+01   8.5603363559231328e-11  -1.1516110636702336e-13
 -1.6000000000000000e+01   8.5436266130893080e-11  -1.0745219460254145e-13
 -1.5949999999999999e+01   8.5266879393999885e-11  -9.9227413223628362e-14
 -1.5899999999999999e+01   8.5095159878462785e-11  -9.0469696033811458e-14
 -1.5850000000000000e+01   8.4921063166686886e-11  -8.1161685145004598e-14
 -1.5799999999999999e+01   8.4744543878941325e-11  -7.1285734229157671e-14
 -1.5750000000000000e+01   8.4565555658835850e-11  -6.0823912211893254e-14
 -1.5699999999999999e+01   8.4384051158919583e-11  -4.9758007425890389e-14
 -1.5649999999999999e+01   8.4199982026418423e-11  -3.8069532242197985e-14
 -1.5600000000000000e+01   8.4013298889134547e-11  -2.5739728198100165e-14
 -1.5549999999999999e+01   8.3823951341525169e-11  -1.2749571640552087e-14
 -1.5500000000000000e+01   8.3631887930982147e-11   9.2022009529785709e-16
 -1.5449999999999999e+01   8.3437056144336314e-11   1.5289181952593539e-14
 -1.5399999999999999e+01   8.3239402394606555e-11   3.0377093843883901e-14
 -1.5350000000000000e+01   8.3038872008012459e-11   4.6203972746054320e-14
 -1.5299999999999999e+01   8.2835409211280270e-11   6.2790064177765366e-14
 -1.5250000000000000e+01   8.2628957119266069e-11   8.0155833037712621e-14
 -1.5199999999999999e+01   8.2419457722920883e-11   9.8321953781480600e-14
 -1.5149999999999999e+01   8.2206851877627726e-11   1.1730929991434052e-13
 -1.5100000000000000e+01   8.1991079291936080e-11   1.3713893277687721e-13
 -1.5049999999999999e+01   8.1772078516717295e-11   1.5783208959985013e-13
 -1.5000000000000000e+01   8.1549786934772497e-11   1.7941017080421342e-13
 -1.4949999999999999e+01   8.1324140750929678e-11   2.0189472652175730e-13
 -1.4899999999999999e+01   8.1095074982658046e-11   2.2530744231137619e-13
 -1.4850000000000000e+01   8.0862523451232486e-11   2.4967012404543767e-13
 -1.4799999999999999e+01   8.0626418773482306e-11   2.7500468194029345e-13
 -1.4750000000000000e+01   8.0386692354153059e-11   3.0133311370449560e-13
 -1.4699999999999999e+01   8.0143274378924715e-11   3.2867748677772131e-13
 -1.4649999999999999e+01   7.9896093808122736e-11   3.5705991963304681e-13
 -1.4600000000000000e+01   7.9645078371154745e-11   3.8650256211462661e-13
 -1.4549999999999999e+01   7.9390154561717437e-11   4.1702757478237083e-13
 -1.4500000000000000e+01   7.9131247633812118e-11   4.4865710723478182e-13
 -1.4449999999999999e+01   7.8868281598613967e-11   4.8141327538053361e-13
 -1.4400000000000000e+01   7.8601179222237123e-11   5.1531813762897818e-13
 -1.4350000000000000e+01   7.8329862024434851e-11   5.5039366996922589e-13
 -1.4299999999999999e+01   7.8054250278283064e-11   5.8666173990696547e-13
 -1.4250000000000000e+01   7.7774263010896210e-11   6.2414407922773933e-13
 -1.4199999999999999e+01   7.7489818005226935e-11   6.6286225555486007e-13
 -1.4150000000000000e+01   7.7200831802998321e-11   7.0283764266972011e-13
 -1.4100000000000000e+01   7.6907219708815396e-11   7.4409138956173587e-13
 -1.4049999999999999e+01   7.6608895795509130e-11   7.8664438817469764e-13
 -1.4000000000000000e+01   7.6305772910770142e-11   8.3051723981583682e-13
 -1.3949999999999999e+01   7.5997762685130201e-11   8.7573022019343175e-13
 -1.3900000000000000e+01   7.5684775541348521e-11   9.2230324304832857e-13
 -1.3850000000000000e+01   7.5366720705259787e-11   9.7025582234426935e-13
 -1.3799999999999999e+01   7.5043506218144887e-11   1.0196070329814706e-12
 -1.3750000000000000e+01   7.4715038950686853e-11   1.0703754699974426e-12
 -1.3699999999999999e+01   7.4381224618578343e-11   1.1225792062185805e-12
 -1.3650000000000000e+01   7.4041967799846819e-11   1.1762357483256245e-12
 -1.3600000000000000e+01   7.3697171953965432e-11   1.2313619912956391e-12
 -1.3549999999999999e+01   7.3346739442817023e-11   1.2879741711827279e-12
 -1.3500000000000000e+01   7.2990571553580270e-11   1.3460878161992889e-12
 -1.3449999999999999e+01   7.2628568523620216e-11   1.4057176960591464e-12
 -1.3400000000000000e+01   7.2260629567456459e-11   1.4668777695435706e-12
 -1.3350000000000000e+01   7.1886652905884085e-11   1.5295811302506914e-12
 -1.3299999999999999e+01   7.1506535797326556e-11   1.5938399504884897e-12
 -1.3250000000000000e+01   7.1120174571503162e-11   1.6596654232711121e-12
 -1.3199999999999999e+01   7.0727464665497054e-11   1.7270677023779039e-12
 -1.3150000000000000e+01   7.0328300662309408e-11   1.7960558404341754e-12
 -1.3100000000000000e+01   6.9922576331988464e-11   1.8666377249723469e-12
 -1.3049999999999999e+01   6.9510184675424032e-11   1.9388200124317770e-12
 -1.3000000000000000e+01   6.9091017970901903e-11   2.0126080600552301e-12
 -1.2949999999999999e+01   6.8664967823513013e-11   2.0880058556396170e-12
 -1.2900000000000000e+01   6.8231925217516577e-11   2.1650159450982966e-12
 -1.2850000000000000e+01   6.7791780571757992e-11   2.2436393577919767e-12
 -1.2799999999999999e+01   6.7344423798245367e-11   2.3238755295848935e-12
 -1.2750000000000000e+01   6.6889744363990316e-11   2.4057222235826992e-12
 -1.2699999999999999e+01   6.6427631356223437e-11   2.4891754485082257e-12
 -1.2650000000000000e+01   6.5957973551096763e-11   2.5742293746710064e-12
 -1.2600000000000000e+01   6.5480659485987870e-11   2.6608762474862338e-12
 -1.2549999999999999e+01   6.4995577535525370e-11   2.7491062984985651e-12
 -1.2500000000000000e+01   6.4502615991455930e-11   2.8389076538660127e-12
 -1.2449999999999999e+01   6.4001663146476518e-11   2.9302662402589293e-12
 -1.2400000000000000e+01   6.3492607382160989e-11   3.0231656881289318e-12
 -1.2350000000000000e+01   6.2975337261110470e-11   3.1175872323024408e-12
 -1.2299999999999999e+01   6.2449741623464317e-11   3.2135096098533596e-12
 -1.2250000000000000e+01   6.1915709687909340e-11   3.3109089552092841e-12
 -1.2199999999999999e+01   6.1373131157329399e-11   3.4097586924455362e-12
 -1.2150000000000000e+01   6.0821896329243486e-11   3.5100294247211895e-12
 -1.2100000000000000e+01   6.0261896211179330e-11   3.6116888208112047e-12
 -1.2049999999999999e+01   5.9693022641137058e-11   3.7147014986887071e-12
 -1.2000000000000000e+01   5.9115168413301750e-11   3.8190289061114207e-12
 -1.1949999999999999e+01   5.8528227409165441e-11   3.9246291981662524e-12
 -1.1900000000000000e+01   5.7932094734225798e-11   4.0314571117259732e-12
 -1.1850000000000000e+01   5.7326666860433052e-11   4.1394638367720334e-12
 -1.1799999999999999e+01   5.6711841774564824e-11   4.2485968845375355e-12
 -1.1750000000000000e+01   5.6087519132708702e-11   4.3587999524244393e-12
 -1.1699999999999999e+01   5.5453600421036693e-11   4.4700127856492244e-12
 -1.1650000000000000e+01   5.4809989123062499e-11   4.5821710355712501e-12
 -1.1600000000000000e+01   5.4156590893577456e-11   4.6952061146582252e-12
 -1.1549999999999999e+01   5.3493313739469289e-11   4.8090450480433587e-12
 -1.1500000000000000e+01   5.2820068207631671e-11   4.9236103216288739e-12
 -1.1449999999999999e+01   5.2136767580179565e-11   5.0388197266908137e-12
 -1.1400000000000000e+01   5.1443328077191513e-11   5.1545862009402499e-12
 -1.1350000000000000e+01   5.0739669067202131e-11   5.2708176659962556e-12
 -1.1299999999999999e+01   5.0025713285678522e-11   5.3874168612262508e-12
 -1.1250000000000000e+01   4.9301387061720256e-11   5.5042811739096240e-12
 -1.1199999999999999e+01   4.8566620553230285e-11   5.6213024656808206e-12
 -1.1150000000000000e+01   4.7821347990812782e-11   5.7383668952084474e-12
 -1.1100000000000000e+01   4.7065507930659663e-11   5.8553547370672581e-12
 -1.1049999999999999e+01   4.6299043516696283e-11   5.9721401967602948e-12
 -1.1000000000000000e+01   4.5521902752262161e-11   6.0885912218488517e-12
 -1.0949999999999999e+01   4.4734038781612372e-11   6.2045693091483442e-12
 -1.0900000000000000e+01   4.3935410181536507e-11   6.3199293079486056e-12
 -1.0850000000000000e+01   4.3125981263398958e-11   6.4345192192176411e-12
 -1.0799999999999999e+01   4.2305722385915434e-11   6.5481799907483335e-12
 -1.0750000000000000e+01   4.1474610278989350e-11   6.6607453082081617e-12
 -1.0699999999999999e+01   4.0632628378941130e-11   6.7720413820524420e-12
 -1.0650000000000000e+01   3.9779767175475896e-11   6.8818867302622775e-12
 -1.0600000000000000e+01   3.8916024570742097e-11   6.9900919568689252e-12
 -1.0549999999999999e+01   3.8041406250850188e-11   7.0964595262269713e-12
 -1.0500000000000000e+01   3.7155926070228065e-11   7.2007835329992234e-12
 -1.0449999999999999e+01   3.6259606449205328e-11   7.3028494678170360e-12
 -1.0400000000000000e+01   3.5352478785230841e-11   7.4024339785803708e-12
 -1.0350000000000000e+01   3.4434583878139016e-11   7.4993046273626056e-12
 -1.0299999999999999e+01   3.3505972369895450e-11   7.5932196428859160e-12
 -1.0250000000000000e+01   3.2566705199266363e-11   7.6839276685336911e-12
 -1.0199999999999999e+01   3.1616854071871090e-11   7.7711675058672596e-12
 -1.0150000000000000e+01   3.0656501946093988e-11   7.8546678536150706e-12
 -1.0100000000000000e+01   2.9685743535347558e-11   7.9341470421031426e-12
 -1.0050000000000001e+01   2.8704685827193704e-11   8.0093127630965510e-12
 -1.0000000000000000e+01   2.7713448619848665e-11   8.0798617950224509e-12
 -9.9499999999999993e+00   2.6712165076613552e-11   8.1454797235461715e-12
 -9.9000000000000004e+00   2.5700982298792511e-11   8.2058406574726282e-12
 -9.8499999999999996e+00   2.4680061917677886e-11   8.2606069399463052e-12
 -9.8000000000000007e+00   2.3649580706206670e-11   8.3094288549239249e-12
 -9.7500000000000000e+00   2.2609731210910881e-11   8.3519443288949311e-12
 -9.6999999999999993e+00   2.1560722404804625e-11   8.3877786278257532e-12
 -9.6500000000000004e+00   2.0502780361872712e-11   8.4165440493048762e-12
 -9.5999999999999996e+00   1.9436148953852188e-11   8.4378396098666803e-12
 -9.5500000000000007e+00   1.8361090570021409e-11   8.4512507274729513e-12
 -9.5000000000000000e+00   1.7277886860735926e-11   8.4563488991320175e-12
 -9.4499999999999993e+00   1.6186839505476471e-11   8.4526913736364889e-12
 -9.4000000000000004e+00   1.5088271006200740e-11   8.4398208194015281e-12
 -9.3499999999999996e+00   1.3982525506820481e-11   8.4172649873866149e-12
 -9.3000000000000007e+00   1.2869969639653111e-11   8.3845363690847976e-12
 -9.2500000000000000e+00   1.1750993399728681e-11   8.3411318495644760e-12
 -9.1999999999999993e+00   1.0626011047864204e-11   8.2865323555497385e-12
 -9.1500000000000004e+00   9.4954620434494004e-12   8.2202024985263380e-12
 -9.1000000000000014e+00   8.3598120079203404e-12   8.1415902128613878e-12
 -9.0500000000000007e+00   7.2195537199320667e-12   8.0501263889259427e-12
 -9.0000000000000000e+00   6.0752081432778364e-12   7.9452245012105369e-12
 -8.9499999999999993e+00   4.9273254886405572e-12   7.8262802314248808e-12
 -8.8999999999999986e+00   3.7764863102979936e-12   7.6926710865738477e-12
 -8.8500000000000014e+00   2.6233026389431348e-12   7.5437560120028696e-12
 -8.8000000000000007e+00   1.4684191518241776e-12   7.3788749994068530e-12
 -8.7500000000000000e+00   3.1251438144780689e-13   7.1973486897976532e-12
 -8.6999999999999993e+00  -8.4369803586689365e-13   6.9984779714261657e-12
 -8.6499999999999986e+00  -1.9994680702527643e-12   6.7815435726558572e-12
 -8.6000000000000014e+00  -3.1540079660017765e-12   6.5458056497856026e-12
 -8.5500000000000007e+00  -4.3064908652922611e-12   6.2905033698204162e-12
 -8.5000000000000000e+00  -5.4560493864648239e-12   6.0148544881895957e-12
 -8.4499999999999993e+00  -6.6017741553278461e-12   5.7180549214125119e-12
 -8.3999999999999986e+00  -7.7427122879242075e-12   5.3992783147130719e-12
 -8.3500000000000014e+00  -8.8778658231404229e-12   5.0576756045845401e-12
 -8.3000000000000007e+00  -1.0006190103488664e-11   4.6923745763071105e-12
 -8.2500000000000000e+00  -1.1126592102338721e-11   4.3024794164211593e-12
 -8.1999999999999993e+00  -1.2237928695824703e-11   3.8870702601597054e-12
 -8.1499999999999986e+00  -1.3339004877598598e-11   3.4452027338440247e-12
 -8.1000000000000014e+00  -1.4428571914549635e-11   2.9759074922468294e-12
 -8.0500000000000007e+00  -1.5505325441554170e-11   2.4781897509276663e-12
 -8.0000000000000000e+00  -1.6567903493267195e-11   1.9510288135455108e-12
 -7.9499999999999993e+00  -1.7614884470914446e-11   1.3933775941536190e-12
 -7.8999999999999986e+00  -1.8644785041990447e-11   8.0416213448178102e-13
 -7.8500000000000014e+00  -1.9656057970716267e-11   1.8228111621105322e-13
 -7.8000000000000007e+00  -2.0647089877061210e-11  -4.7339463175414923e-13
 -7.7500000000000000e+00  -2.1616198922084189e-11  -1.1640226310120148e-12
 -7.6999999999999993e+00  -2.2561632417302902e-11  -1.8907892563832310e-12
 -7.6499999999999986e+00  -2.3481564355756210e-11  -2.6549102436212656e-12
 -7.6000000000000014e+00  -2.4374092862384507e-11  -3.4576312021102940e-12
 -7.5500000000000007e+00  -2.5237237561316352e-11  -4.3002281325489333e-12
 -7.5000000000000000e+00  -2.6068936857617111e-11  -5.1840079496191272e-12
 -7.4499999999999993e+00  -2.6867045131029539e-11  -6.1103090096408186e-12
 -7.3999999999999986e+00  -2.7629329839215489e-11  -7.0805016432146755e-12
 -7.3500000000000014e+00  -2.8353468527995446e-11  -8.0959886928569410e-12
 -7.3000000000000007e+00  -2.9037045746078029e-11  -9.1582060556325448e-12
 -7.2500000000000000e+00  -2.9677549861776558e-11  -1.0268623230794993e-11
 -7.1999999999999993e+00  -3.0272369779226452e-11  -1.1428743872444265e-11
 -7.1499999999999986e+00  -3.0818791551646095e-11  -1.2640106347216916e-11
 -7.1000000000000014e+00  -3.1313994889226252e-11  -1.3904284297026059e-11
 -7.0500000000000007e+00  -3.1755049559292859e-11  -1.5222887206872491e-11
 -7.0000000000000000e+00  -3.2138911676464385e-11  -1.6597560977752645e-11
 -6.9499999999999993e+00  -3.2462419880622830e-11  -1.8029988504693495e-11
 -6.8999999999999986e+00  -3.2722291400637875e-11  -1.9521890259949714e-11
 -6.8500000000000014e+00  -3.2915118001928953e-11  -2.1075024881404176e-11
 -6.8000000000000007e+00  -3.3037361816124844e-11  -2.2691189766218739e-11
 -6.7500000000000000e+00  -3.3085351051286449e-11  -2.4372221669789359e-11
 -6.6999999999999993e+00  -3.3055275581400101e-11  -2.6119997310066757e-11
 -6.6499999999999986e+00  -3.2943182414129421e-11  -2.7936433977312096e-11
 -6.6000000000000014e+00  -3.2744971036139788e-11  -2.9823490149365598e-11
 -6.5500000000000007e+00  -3.2456388635681876e-11  -3.1783166112515735e-11
 -6.5000000000000000e+00  -3.2073025202549668e-11  -3.3817504588066834e-11
 -6.4499999999999993e+00  -3.1590308506014454e-11  -3.5928591364713703e-11
 -6.3999999999999986e+00  -3.1003498951891389e-11  -3.8118555936844011e-11
 -6.3500000000000014e+00  -3.0307684320520840e-11  -4.0389572148901539e-11
 -6.3000000000000007e+00  -2.9497774388154796e-11  -4.2743858845956982e-11
 -6.2500000000000000e+00  -2.8568495435034658e-11  -4.5183680530646959e-11
 -6.1999999999999993e+00  -2.7514384644342492e-11  -4.7711348026657167e-11
 -6.1499999999999986e+00  -2.6329784397210727e-11  -5.0329219148941111e-11
 -6.1000000000000014e+00  -2.5008836470097637e-11  -5.3039699380882162e-11
 -6.0500000000000007e+00  -2.3545476142090667e-11  -5.5845242558623515e-11
 -6.0000000000000000e+00  -2.1933426221097939e-11  -5.8748351562807513e-11
 -5.9499999999999993e+00  -2.0166190999445936e-11  -6.1751579017983249e-11
 -5.8999999999999986e+00  -1.8237050151134066e-11  -6.4857527999957986e-11
 -5.8500000000000014e+00  -1.6139052584920612e-11  -6.8068852751384489e-11
 -5.8000000000000007e+00  -1.3865010269550687e-11  -7.1388259405891551e-11
 -5.7500000000000000e+00  -1.1407492049803347e-11  -7.4818506721078320e-11
 -5.6999999999999993e+00  -8.7588174746562198e-12  -7.8362406820704028e-11
 -5.6499999999999986e+00  -5.9110506617657867e-12  -8.2022825946412223e-11
 -5.6000000000000014e+00  -2.8559942256683202e-12  -8.5802685219331291e-11
 -5.5500000000000007e+00   4.1481669935274082e-13  -8.9704961411889829e-11
 -5.5000000000000000e+00   3.9101203068764858e-12  -9.3732687730173513e-11
 -5.4499999999999993e+00   7.6389337972610457e-12  -9.7888954607128961e-11
 -5.3999999999999986e+00   1.1610558843940613e-11  -1.0217691050688505e-10
 -5.3500000000000014e+00   1.5834586797935086e-11  -1.0659976274041171e-10
 -5.3000000000000007e+00   2.0320903575629132e-11  -1.1116077829266466e-10
 -5.2500000000000000e+00   2.5079694168520915e-11  -1.1586328466126899e-10
 -5.1999999999999993e+00   3.0121446706641982e-11  -1.2071067070666704e-10
 -5.1499999999999986e+00   3.5456955999650361e-11  -1.2570638751349156e-10
 -5.1000000000000014e+00   4.1097326471128440e-11  -1.3085394926271307e-10
 -5.0500000000000007e+00   4.7053974392302847e-11  -1.3615693411384288e-10
 -5.0000000000000000e+00   5.3338629311161846e-11  -1.4161898509613664e-10
 -4.9499999999999993e+00   5.9963334561685819e-11  -1.4724381100732139e-10
 -4.8999999999999986e+00   6.6940446725529333e-11  -1.5303518731784843e-10
 -4.8500000000000014e+00   7.4282633904890433e-11  -1.5899695707802905e-10
 -4.8000000000000007e+00   8.2002872650348104e-11  -1.6513303182461759e-10
 -4.7500000000000000e+00   9.0114443371016262e-11  -1.7144739248243387e-10
 -4.6999999999999993e+00   9.8630924036297787e-11  -1.7794409025543154e-10
 -4.6499999999999986e+00   1.0756618195866482e-10  -1.8462724750017314e-10
 -4.6000000000000014e+00   1.1693436342506167e-10  -1.9150105857291415e-10
 -4.5500000000000007e+00   1.2674988092052604e-10  -1.9856979063936862e-10
 -4.5000000000000000e+00   1.3702739766122945e-10  -2.0583778443364739e-10
 -4.4499999999999993e+00   1.4778180912510898e-10  -2.1330945494974204e-10
 -4.3999999999999986e+00   1.5902822123632854e-10  -2.2098929204516190e-10
 -4.3500000000000014e+00   1.7078192482467178e-10  -2.2888186093179332e-10
 -4.3000000000000007e+00   1.8305836594229974e-10  -2.3699180252358363e-10
 -4.2500000000000000e+00   1.9587311157774599e-10  -2.4532383360407979e-10
 -4.1999999999999993e+00   2.0924181026016644e-10  -2.5388274676894428e-10
 -4.1499999999999986e+00   2.2318014699526725e-10  -2.6267341008908624e-10
 -4.1000000000000014e+00   2.3770379191752656e-10  -2.7170076642865093e-10
 -4.0500000000000007e+00   2.5282834198076674e-10  -2.8096983233845829e-10
 -4.0000000000000000e+00   2.6856925494024796e-10  -2.9048569642911126e-10
 -3.9499999999999993e+00   2.8494177480361869e-10  -3.0025351710839691e-10
 -3.8999999999999986e+00   3.0196084784458707e-10  -3.1027851954414129e-10
 -3.8500000000000014e+00   3.1964102818135976e-10  -3.2056599168562176e-10
 -3.8000000000000007e+00   3.3799637182095580e-10  -3.3112127914309967e-10
 -3.7500000000000000e+00   3.5704031795965368e-10  -3.4194977868497126e-10
 -3.6999999999999993e+00   3.7678555620824493e-10  -3.5305693006421640e-10
 -3.6500000000000021e+00   3.9724387827765040e-10  -3.6444820582878476e-10
 -3.6000000000000014e+00   4.1842601251503023e-10  -3.7612909870260350e-10
 -3.5500000000000007e+00   4.4034143952209946e-10  -3.8810510604298591e-10
 -3.5000000000000000e+00   4.6299818691542748e-10  -4.0038171078403206e-10
 -3.4499999999999993e+00   4.8640260110276090e-10  -4.1296435816139874e-10
 -3.4000000000000021e+00   5.1055909374995871e-10  -4.2585842737840144e-10
 -3.3500000000000014e+00   5.3546986040059117e-10  -4.3906919721316903e-10
 -3.3000000000000007e+00   5.6113456848602641e-10  -4.5260180437733850e-10
 -3.2500000000000000e+00   5.8755001173035280e-10  -4.6646119321386715e-10
 -3.1999999999999993e+00   6.1470972771566379e-10  -4.8065205505974244e-10
 -3.1500000000000021e+00   6.4260357513492198e-10  -4.9517875529297453e-10
 -3.1000000000000014e+00   6.7121726703026487e-10  -5.1004524572616203e-10
 -3.0500000000000007e+00   7.0053185610610628e-10  -5.2525495959483069e-10
 -3.0000000000000000e+00   7.3052316803512276e-10  -5.4081068591146356e-10
 -2.9499999999999993e+00   7.6116117856336592e-10  -5.5671441941007627e-10
 -2.9000000000000021e+00   7.9240933019799040e-10  -5.7296718168709906e-10
 -2.8500000000000014e+00   8.2422378436654093e-10  -5.8956880845038728e-10
 -2.8000000000000007e+00   8.5655260522139709e-10  -6.0651769702149299e-10
 -2.7500000000000000e+00   8.8933487179254014e-10  -6.2381050740509599e-10
 -2.6999999999999993e+00   9.2249971604991320e-10  -6.4144180936083321e-10
 -2.6500000000000021e+00   9.5596528572837879e-10  -6.5940366701654413e-10
 -2.6000000000000014e+00   9.8963763262384265e-10  -6.7768515169585991e-10
 -2.5500000000000007e+00   1.0234095296471128e-09  -6.9627177286875515e-10
 -2.5000000000000000e+00   1.0571592234119946e-09  -7.1514481657478233e-10
 -2.4499999999999993e+00   1.0907491337568267e-09  -7.3428058045993400e-10
 -2.4000000000000021e+00   1.1240245176035088e-09  -7.5364949490581194e-10
 -2.3500000000000014e+00   1.1568121222145755e-09  -7.7321512087307851e-10
 -2.3000000000000007e+00   1.1889188624897404e-09  -7.9293301736198742e-10
 -2.2500000000000000e+00   1.2201305686960832e-09  -8.1274947522299760e-10
 -2.1999999999999993e+00   1.2502108651273256e-09  -8.3260011992198510e-10
 -2.1500000000000021e+00   1.2789002566763522e-09  -8.5240839433705966e-10
 -2.1000000000000014e+00   1.3059155189901968e-09  -8.7208394433264138e-10
 -2.0500000000000007e+00   1.3309495082151801e-09  -8.9152094528993715e-10
 -2.0000000000000000e+00   1.3536715272881679e-09  -9.1059642741111717e-10
 -1.9499999999999993e+00   1.3737284055769258e-09  -9.2916868161434018e-10
 -1.9000000000000021e+00   1.3907464648756111e-09  -9.4707585586093190e-10
 -1.8500000000000014e+00   1.4043345538242275e-09  -9.6413488270576557e-10
 -1.8000000000000007e+00   1.4140883302730643e-09  -9.8014091057607072e-10
 -1.7500000000000000e+00   1.4195959516735804e-09  -9.9486744025142183e-10
 -1.6999999999999993e+00   1.4204452915971066e-09  -1.0080673891887095e-09
 -1.6500000000000021e+00   1.4162327307594103e-09  -1.0194753131553570e-09
 -1.6000000000000014e+00   1.4065734699395085e-09  -1.0288109994516148e-09
 -1.5500000000000007e+00   1.3911131796887370e-09  -1.0357846010102823e-09
 -1.5000000000000000e+00   1.3695406425624862e-09  -1.0401033994475647e-09
 -1.4499999999999993e+00   1.3416008692278994e-09  -1.0414801647983638e-09
 -1.4000000000000021e+00   1.3071079990292347e-09  -1.0396429231856668e-09
 -1.3500000000000014e+00   1.2659571538676932e-09  -1.0343457619791644e-09
 -1.3000000000000007e+00   1.2181343308257023e-09  -1.0253801149059661e-09
 -1.2500000000000000e+00   1.1637234219070350e-09  -1.0125858047124918e-09
 -1.1999999999999993e+00   1.1029095588590979e-09  -9.9586101013760983e-10
 -1.1500000000000021e+00   1.0359782029966529e-09  -9.7517029700498119e-10
 -1.1000000000000014e+00   9.6330972044115677e-10  -9.5054993061270332e-10
 -1.0500000000000007e+00   8.8536956788693638e-10  -9.2210987239853765e-10
 -1.0000000000000000e+00   8.0269461225894258e-10  -8.9003214192220406e-10
 -9.4999999999999929e-01   7.1587646160340552e-10  -8.5456555997050703e-10
 -9.0000000000000213e-01   6.2554294130054657e-10  -8.1601723129560824e-10
 -8.5000000000000142e-01   5.3233897253366322e-10  -7.7474142435996672e-10
 -8.0000000000000071e-01   4.3690808657636605e-10  -7.3112671698652489e-10
 -7.5000000000000000e-01   3.3987565161090222e-10  -6.8558237489838154e-10
 -6.9999999999999929e-01   2.4183463369622165e-10  -6.3852491037917436e-10
 -6.5000000000000213e-01   1.4333440423067707e-10  -5.9036564675610065e-10
 -6.0000000000000142e-01   4.4872794868917820e-11  -5.4149992158061549e-10
 -5.5000000000000071e-01  -5.3108681853915412e-11  -4.9229833418195877e-10
 -5.0000000000000000e-01  -1.5022673704603372e-10  -4.4310021643082810e-10
 -4.4999999999999929e-01  -2.4615578544437248e-10  -3.9420930699331459e-10
 -4.0000000000000213e-01  -3.4062549356529729e-10  -3.4589145482532861e-10
 -3.5000000000000142e-01  -4.3341695426470289e-10  -2.9837407565957374e-10
 -3.0000000000000071e-01  -5.2435790924471424e-10  -2.5184702951254812e-10
 -2.5000000000000000e-01  -6.1331755949313959e-10  -2.0646457765706834e-10
 -1.9999999999999929e-01  -7.0020109642529272e-10  -1.6234808966820804e-10
 -1.5000000000000213e-01  -7.8494458359440500e-10  -1.1958921893579625e-10
 -1.0000000000000142e-01  -8.6750973479753430e-10  -7.8253289479814690e-11
 -5.0000000000000711e-02  -9.4787983246685349e-10  -3.8382689408100498e-11
  0.0000000000000000e+00  -1.0260550887848251e-09   0.0000000000000000e+00
