# Columns: x, u, lamda
# time_step 6000
# time   6.0000000000000000e+01
 -2.5149999999999999e+01   9.8381027001466454e-11  -9.3435590107404857e-15
 -2.5099999999999998e+01   9.8381027001466454e-11  -9.3435590107404857e-15
 -2.5049999999999997e+01   9.8381027001466454e-11  -9.3435590107404857e-15
 -2.5000000000000000e+01   9.8381027001466454e-11  -9.3435590107404857e-15
 -2.4949999999999999e+01   9.8382127091522294e-11  -9.7437715144927229e-15
 -2.4899999999999999e+01   9.8384045988967126e-11  -9.9552046576153663e-15
 -2.4849999999999998e+01   9.8386707899126263e-11  -1.0284155206105217e-14
 -2.4799999999999997e+01   9.8389046283196101e-11  -1.0550009755976705e-14
 -2.4750000000000000e+01   9.8390369417018836e-11  -1.0856599095571896e-14
 -2.4699999999999999e+01   9.8390337177428254e-11  -1.1143578192009612e-14
 -2.4649999999999999e+01   9.8388808366941888e-11  -1.1445452715304784e-14
 -2.4599999999999998e+01   9.8384610046050759e-11  -1.1741723135503877e-14
 -2.4549999999999997e+01   9.8376382800631571e-11  -1.2043760418240125e-14
 -2.4500000000000000e+01   9.8363778234671650e-11  -1.2344603071913758e-14
 -2.4449999999999999e+01   9.8347622317636656e-11  -1.2647867777910994e-14
 -2.4399999999999999e+01   9.8329212930065669e-11  -1.2951041860871726e-14
 -2.4349999999999998e+01   9.8309648520331591e-11  -1.3255130514553021e-14
 -2.4299999999999997e+01   9.8289583624532661e-11  -1.3559085743445419e-14
 -2.4250000000000000e+01   9.8269346754027523e-11  -1.3863022049624181e-14
 -2.4199999999999999e+01   9.8249118471117892e-11  -1.4166359629563030e-14
 -2.4149999999999999e+01   9.8229007045505359e-11  -1.4468895430753708e-14
 -2.4099999999999998e+01   9.8209032840855135e-11  -1.4770184494847234e-14
 -2.4049999999999997e+01   9.8189115068649928e-11  -1.5069896311816832e-14
 -2.4000000000000000e+01   9.8169108098359566e-11  -1.5367608643542165e-14
 -2.3949999999999999e+01   9.8148868157112551e-11  -1.5662925849342151e-14
 -2.3899999999999999e+01   9.8128304448914490e-11  -1.5955410050449203e-14
 -2.3849999999999998e+01   9.8107390881997668e-11  -1.6244620232113811e-14
 -2.3799999999999997e+01   9.8086146497555012e-11  -1.6530089109158968e-14
 -2.3750000000000000e+01   9.8064607435108258e-11  -1.6811335871818085e-14
 -2.3699999999999999e+01   9.8042806968652482e-11  -1.7087858247643977e-14
 -2.3649999999999999e+01   9.8020767173456787e-11  -1.7359136484917158e-14
 -2.3599999999999998e+01   9.7998497905469215e-11  -1.7624630467501958e-14
 -2.3549999999999997e+01   9.7975998505732421e-11  -1.7883780790203227e-14
 -2.3500000000000000e+01   9.7953260461722062e-11  -1.8136007556320360e-14
 -2.3449999999999999e+01   9.7930270946550574e-11  -1.8380710492091112e-14
 -2.3399999999999999e+01   9.7907016823888444e-11  -1.8617268308418111e-14
 -2.3349999999999998e+01   9.7883487899278042e-11  -1.8845038502734542e-14
 -2.3299999999999997e+01   9.7859678280815856e-11  -1.9063356914920393e-14
 -2.3250000000000000e+01   9.7835585696368822e-11  -1.9271537433041746e-14
 -2.3199999999999999e+01   9.7811209618107743e-11  -1.9468871621796845e-14
 -2.3149999999999999e+01   9.7786549365349298e-11  -1.9654628405219220e-14
 -2.3099999999999998e+01   9.7761602972849058e-11  -1.9828053728931047e-14
 -2.3049999999999997e+01   9.7736366975054682e-11  -1.9988370246030604e-14
 -2.3000000000000000e+01   9.7710836805693894e-11  -2.0134777002433046e-14
 -2.2949999999999999e+01   9.7685007395862269e-11  -2.0266449136775169e-14
 -2.2899999999999999e+01   9.7658873669563664e-11  -2.0382537587376009e-14
 -2.2849999999999998e+01   9.7632430812199193e-11  -2.0482168811773934e-14
 -2.2799999999999997e+01   9.7605674318387954e-11  -2.0564444516861379e-14
 -2.2750000000000000e+01   9.7578599889808524e-11  -2.0628441402038523e-14
 -2.2699999999999999e+01   9.7551203270523207e-11  -2.0673210915263560e-14
 -2.2649999999999999e+01   9.7523480096302327e-11  -2.0697779023452237e-14
 -2.2599999999999998e+01   9.7495425805978760e-11  -2.0701145997759094e-14
 -2.2549999999999997e+01   9.7467035626543304e-11  -2.0682286214924215e-14
 -2.2500000000000000e+01   9.7438304612144781e-11  -2.0640147975489104e-14
 -2.2449999999999999e+01   9.7409227701915446e-11  -2.0573653339964236e-14
 -2.2399999999999999e+01   9.7379799765448509e-11  -2.0481697983895580e-14
 -2.2349999999999998e+01   9.7350015620993431e-11  -2.0363151072944140e-14
 -2.2299999999999997e+01   9.7319870028561224e-11  -2.0216855158986509e-14
 -2.2250000000000000e+01   9.7289357670018071e-11  -2.0041626098353369e-14
 -2.2199999999999999e+01   9.7258473129144762e-11  -1.9836252993374212e-14
 -2.2149999999999999e+01   9.7227210879334132e-11  -1.9599498158313392e-14
 -2.2099999999999998e+01   9.7195565280256433e-11  -1.9330097110975980e-14
 -2.2049999999999997e+01   9.7163530580505776e-11  -1.9026758591138648e-14
 -2.2000000000000000e+01   9.7131100922008178e-11  -1.8688164607107949e-14
 -2.1949999999999999e+01   9.7098270342980130e-11  -1.8312970511650644e-14
 -2.1899999999999999e+01   9.7065032778171669e-11  -1.7899805108646122e-14
 -2.1849999999999998e+01   9.7031382056795600e-11  -1.7447270791802605e-14
 -2.1799999999999997e+01   9.6997311899271891e-11  -1.6953943716785414e-14
 -2.1750000000000000e+01   9.6962815913983263e-11  -1.6418374008219066e-14
 -2.1699999999999999e+01   9.6927887594739070e-11  -1.5839086002952548e-14
 -2.1649999999999999e+01   9.6892520319106320e-11  -1.5214578531111164e-14
 -2.1599999999999998e+01   9.6856707347360185e-11  -1.4543325236417677e-14
 -2.1549999999999997e+01   9.6820441821604586e-11  -1.3823774937318043e-14
 -2.1500000000000000e+01   9.6783716764725181e-11  -1.3054352030500555e-14
 -2.1449999999999999e+01   9.6746525079047117e-11  -1.2233456938388724e-14
 -2.1399999999999999e+01   9.6708859544813245e-11  -1.1359466602284453e-14
 -2.1349999999999998e+01   9.6670712818611045e-11  -1.0430735022777800e-14
 -2.1299999999999997e+01   9.6632077431845016e-11  -9.4455938491540348e-15
 -2.1250000000000000e+01   9.6592945789345358e-11  -8.4023530195378884e-15
 -2.1199999999999999e+01   9.6553310168078645e-11  -7.2993014534936210e-15
 -2.1149999999999999e+01   9.6513162715946871e-11  -6.1347077989386266e-15
 -2.1099999999999998e+01   9.6472495450611127e-11  -4.9068212351219264e-15
 -2.1049999999999997e+01   9.6431300258344465e-11  -3.6138723336018648e-15
 -2.1000000000000000e+01   9.6389568892880711e-11  -2.2540739790181964e-15
 -2.0949999999999999e+01   9.6347292974321965e-11  -8.2562235168039892e-16
 -2.0899999999999999e+01   9.6304463988082135e-11   6.7330202620103555e-16
 -2.0849999999999998e+01   9.6261073283893018e-11   2.2445331785577710e-15
 -2.0799999999999997e+01   9.6217112074881086e-11   3.8899184958590689e-15
 -2.0750000000000000e+01   9.6172571436702476e-11   5.6113174857943572e-15
 -2.0699999999999999e+01   9.6127442306770663e-11   7.4106004521753164e-15
 -2.0649999999999999e+01   9.6081715483538903e-11   9.2896471000226414e-15
 -2.0599999999999998e+01   9.6035381625829912e-11   1.1250345064682827e-14
 -2.0549999999999997e+01   9.5988431252254856e-11   1.3294588362857343e-14
 -2.0500000000000000e+01   9.5940854740727245e-11   1.5424275763396023e-14
 -2.0449999999999999e+01   9.5892642328047970e-11   1.7641309075681478e-14
 -2.0399999999999999e+01   9.5843784109591947e-11   1.9947591353364153e-14
 -2.0349999999999998e+01   9.5794270039067361e-11   2.2345025011297583e-14
 -2.0299999999999997e+01   9.5744089928376983e-11   2.4835509853354373e-14
 -2.0250000000000000e+01   9.5693233447608102e-11   2.7420941008914661e-14
 -2.0199999999999999e+01   9.5641690125112565e-11   3.0103206775755353e-14
 -2.0149999999999999e+01   9.5589449347696480e-11   3.2884186367005121e-14
 -2.0099999999999998e+01   9.5536500360922123e-11   3.5765747559915697e-14
 -2.0049999999999997e+01   9.5482832269545549e-11   3.8749744244077181e-14
 -2.0000000000000000e+01   9.5428434038080747e-11   4.1838013866798639e-14
 -1.9949999999999999e+01   9.5373294491476655e-11   4.5032374773294086e-14
 -1.9899999999999999e+01   9.5317402315953383e-11   4.8334623439305678e-14
 -1.9849999999999998e+01   9.5260746059983552e-11   5.1746531593872880e-14
 -1.9799999999999997e+01   9.5203314135416347e-11   5.5269843229833947e-14
 -1.9750000000000000e+01   9.5145094818739171e-11   5.8906271499763447e-14
 -1.9699999999999999e+01   9.5086076252530061e-11   6.2657495494910428e-14
 -1.9649999999999999e+01   9.5026246447065076e-11   6.6525156904902328e-14
 -1.9599999999999998e+01   9.4965593282093861e-11   7.0510856555751452e-14
 -1.9549999999999997e+01   9.4904104508796385e-11   7.4616150823917809e-14
 -1.9500000000000000e+01   9.4841767751938272e-11   7.8842547924038416e-14
 -1.9449999999999999e+01   9.4778570512211415e-11   8.3191504068067542e-14
 -1.9399999999999999e+01   9.4714500168766340e-11   8.7664419493484190e-14
 -1.9349999999999998e+01   9.4649543981958337e-11   9.2262634358314566e-14
 -1.9299999999999997e+01   9.4583689096314379e-11   9.6987424500704742e-14
 -1.9250000000000000e+01   9.4516922543707633e-11   1.0183999706083467e-13
 -1.9199999999999999e+01   9.4449231246763496e-11   1.0682148596293166e-13
 -1.9149999999999999e+01   9.4380602022506731e-11   1.1193294725525855e-13
 -1.9099999999999998e+01   9.4311021586251693e-11   1.1717535430591501e-13
 -1.9049999999999997e+01   9.4240476555739866e-11   1.2254959285237467e-13
 -1.9000000000000000e+01   9.4168953455536434e-11   1.2805645590269040e-13
 -1.8949999999999999e+01   9.4096438721685696e-11   1.3369663848638905e-13
 -1.8899999999999999e+01   9.4022918706641870e-11   1.3947073225307327e-13
 -1.8849999999999998e+01   9.3948379684491644e-11   1.4537921991685330e-13
 -1.8799999999999997e+01   9.3872807856466043e-11   1.5142246954476917e-13
 -1.8750000000000000e+01   9.3796189356747300e-11   1.5760072868741887e-13
 -1.8699999999999999e+01   9.3718510258572840e-11   1.6391411835011059e-13
 -1.8649999999999999e+01   9.3639756580667594e-11   1.7036262680286836e-13
 -1.8599999999999998e+01   9.3559914294009510e-11   1.7694610322778349e-13
 -1.8549999999999997e+01   9.3478969328916625e-11   1.8366425120222359e-13
 -1.8500000000000000e+01   9.3396907582470848e-11   1.9051662201651077e-13
 -1.8449999999999999e+01   9.3313714926297863e-11   1.9750260782479662e-13
 -1.8399999999999999e+01   9.3229377214711717e-11   2.0462143462794408e-13
 -1.8349999999999998e+01   9.3143880293227325e-11   2.1187215508734019e-13
 -1.8299999999999997e+01   9.3057210007446789e-11   2.1925364116867098e-13
 -1.8250000000000000e+01   9.2969352212339257e-11   2.2676457661480077e-13
 -1.8199999999999999e+01   9.2880292781922932e-11   2.3440344924704366e-13
 -1.8149999999999999e+01   9.2790017619349468e-11   2.4216854309422650e-13
 -1.8099999999999998e+01   9.2698512667395589e-11   2.5005793034908926e-13
 -1.8049999999999997e+01   9.2605763919387490e-11   2.5806946315168763e-13
 -1.8000000000000000e+01   9.2511757430562668e-11   2.6620076519968054e-13
 -1.7949999999999999e+01   9.2416479329893657e-11   2.7444922318542657e-13
 -1.7899999999999999e+01   9.2319915832349529e-11   2.8281197806015686e-13
 -1.7849999999999998e+01   9.2222053251620376e-11   2.9128591612543314e-13
 -1.7799999999999997e+01   9.2122878013322708e-11   2.9986765995250715e-13
 -1.7750000000000000e+01   9.2022376668687622e-11   3.0855355913024245e-13
 -1.7699999999999999e+01   9.1920535908761000e-11   3.1733968084247699e-13
 -1.7649999999999999e+01   9.1817342579098603e-11   3.2622180027600976e-13
 -1.7600000000000001e+01   9.1712783694968881e-11   3.3519539086043854e-13
 -1.7549999999999997e+01   9.1606846457079000e-11   3.4425561434146604e-13
 -1.7500000000000000e+01   9.1499518267846576e-11   3.5339731068939216e-13
 -1.7449999999999999e+01   9.1390786748219653e-11   3.6261498784486692e-13
 -1.7399999999999999e+01   9.1280639755058109e-11   3.7190281130410112e-13
 -1.7350000000000001e+01   9.1169065399064165e-11   3.8125459354614788e-13
 -1.7299999999999997e+01   9.1056052063284722e-11   3.9066378330495381e-13
 -1.7250000000000000e+01   9.0941588422208000e-11   4.0012345468932767e-13
 -1.7199999999999999e+01   9.0825663461463173e-11   4.0962629615415418e-13
 -1.7149999999999999e+01   9.0708266498122785e-11   4.1916459932653981e-13
 -1.7100000000000001e+01   9.0589387201609437e-11   4.2873024769085572e-13
 -1.7049999999999997e+01   9.0469015615218804e-11   4.3831470513698912e-13
 -1.7000000000000000e+01   9.0347142178295002e-11   4.4790900437638481e-13
 -1.6949999999999999e+01   9.0223757749043416e-11   4.5750373523095054e-13
 -1.6899999999999999e+01   9.0098853627980549e-11   4.6708903280006733e-13
 -1.6850000000000001e+01   8.9972421582050054e-11   4.7665456551143927e-13
 -1.6799999999999997e+01   8.9844453869419352e-11   4.8618952306186453e-13
 -1.6750000000000000e+01   8.9714943264949579e-11   4.9568260425441279e-13
 -1.6699999999999999e+01   8.9583883086341670e-11   5.0512200473886615e-13
 -1.6649999999999999e+01   8.9451267220979155e-11   5.1449540466271114e-13
 -1.6600000000000001e+01   8.9317090153469916e-11   5.2378995624045401e-13
 -1.6549999999999997e+01   8.9181346993907419e-11   5.3299227124935028e-13
 -1.6500000000000000e+01   8.9044033506843862e-11   5.4208840846026755e-13
 -1.6449999999999999e+01   8.8905146140977344e-11   5.5106386101270632e-13
 -1.6399999999999999e+01   8.8764682059573846e-11   5.5990354374359066e-13
 -1.6350000000000001e+01   8.8622639171638987e-11   5.6859178047989326e-13
 -1.6299999999999997e+01   8.8479016163822708e-11   5.7711229130574133e-13
 -1.6250000000000000e+01   8.8333812533065350e-11   5.8544817981504536e-13
 -1.6199999999999999e+01   8.8187028619998570e-11   5.9358192036138356e-13
 -1.6149999999999999e+01   8.8038665643113797e-11   6.0149534531731001e-13
 -1.6100000000000001e+01   8.7888725733688033e-11   6.0916963235595695e-13
 -1.6049999999999997e+01   8.7737211971478546e-11   6.1658529176822339e-13
 -1.6000000000000000e+01   8.7584128421187806e-11   6.2372215382962422e-13
 -1.5949999999999999e+01   8.7429480169695675e-11   6.3055935623136877e-13
 -1.5899999999999999e+01   8.7273273364070462e-11   6.3707533159091421e-13
 -1.5850000000000000e+01   8.7115515250361626e-11   6.4324779505791760e-13
 -1.5799999999999999e+01   8.6956214213167819e-11   6.4905373203215307e-13
 -1.5750000000000000e+01   8.6795379815980679e-11   6.5446938601064716e-13
 -1.5699999999999999e+01   8.6633022842310252e-11   6.5947024658200253e-13
 -1.5649999999999999e+01   8.6469155337592554e-11   6.6403103758659561e-13
 -1.5600000000000000e+01   8.6303790651869678e-11   6.6812570546209981e-13
 -1.5549999999999999e+01   8.6136943483247417e-11   6.7172740779447467e-13
 -1.5500000000000000e+01   8.5968629922125920e-11   6.7480850209543567e-13
 -1.5449999999999999e+01   8.5798867496194749e-11   6.7734053482813173e-13
 -1.5399999999999999e+01   8.5627675216190970e-11   6.7929423070361595e-13
 -1.5350000000000000e+01   8.5455073622423594e-11   6.8063948227149335e-13
 -1.5299999999999999e+01   8.5281084832045230e-11   6.8134533982906086e-13
 -1.5250000000000000e+01   8.5105732587067990e-11   6.8138000167399058e-13
 -1.5199999999999999e+01   8.4929042303119315e-11   6.8071080472663552e-13
 -1.5149999999999999e+01   8.4751041118920776e-11   6.7930421554887581e-13
 -1.5100000000000000e+01   8.4571757946482376e-11   6.7712582178735639e-13
 -1.5049999999999999e+01   8.4391223522009458e-11   6.7414032406992999e-13
 -1.5000000000000000e+01   8.4209470457505807e-11   6.7031152838511627e-13
 -1.4949999999999999e+01   8.4026533293049206e-11   6.6560233897535583e-13
 -1.4899999999999999e+01   8.3842448549732534e-11   6.5997475177581579e-13
 -1.4850000000000000e+01   8.3657254783254197e-11   6.5338984843163478e-13
 -1.4799999999999999e+01   8.3470992638136808e-11   6.4580779092747264e-13
 -1.4750000000000000e+01   8.3283704902568808e-11   6.3718781686429577e-13
 -1.4699999999999999e+01   8.3095436563832095e-11   6.2748823541957611e-13
 -1.4649999999999999e+01   8.2906234864295985e-11   6.1666642402798230e-13
 -1.4600000000000000e+01   8.2716149357966475e-11   6.0467882582096477e-13
 -1.4549999999999999e+01   8.2525231967555145e-11   5.9148094786477841e-13
 -1.4500000000000000e+01   8.2333537042047149e-11   5.7702736023756511e-13
 -1.4449999999999999e+01   8.2141121414735106e-11   5.6127169598751776e-13
 -1.4400000000000000e+01   8.1948044461689367e-11   5.4416665201521370e-13
 -1.4350000000000000e+01   8.1754368160643209e-11   5.2566399092457437e-13
 -1.4299999999999999e+01   8.1560157150253682e-11   5.0571454388819366e-13
 -1.4250000000000000e+01   8.1365478789702571e-11   4.8426821457402078e-13
 -1.4199999999999999e+01   8.1170403218595708e-11   4.6127398418181363e-13
 -1.4150000000000000e+01   8.0975003417124544e-11   4.3667991763905723e-13
 -1.4100000000000000e+01   8.0779355266456176e-11   4.1043317100748531e-13
 -1.4049999999999999e+01   8.0583537609307069e-11   3.8248000015275306e-13
 -1.4000000000000000e+01   8.0387632310651191e-11   3.5276577073122126e-13
 -1.3949999999999999e+01   8.0191724318512263e-11   3.2123496954931489e-13
 -1.3900000000000000e+01   7.9995901724792753e-11   2.8783121735237394e-13
 -1.3850000000000000e+01   7.9800255826091859e-11   2.5249728310147177e-13
 -1.3799999999999999e+01   7.9604881184455443e-11   2.1517509979821309e-13
 -1.3750000000000000e+01   7.9409875688001994e-11   1.7580578191907860e-13
 -1.3699999999999999e+01   7.9215340611362687e-11   1.3432964452253281e-13
 -1.3650000000000000e+01   7.9021380675872396e-11   9.0686224093691370e-14
 -1.3600000000000000e+01   7.8828104109447167e-11   4.4814301193054726e-14
 -1.3549999999999999e+01   7.8635622706082100e-11  -3.3480750225211544e-15
 -1.3500000000000000e+01   7.8444051884906854e-11  -5.3863560336746924e-14
 -1.3449999999999999e+01   7.8253510748707705e-11  -1.0679548699697194e-13
 -1.3400000000000000e+01   7.8064122141845243e-11  -1.6220783315010410e-13
 -1.3350000000000000e+01   7.7876012707492817e-11  -2.2016519011601322e-13
 -1.3299999999999999e+01   7.7689312944112424e-11  -2.8073272742139203e-13
 -1.3250000000000000e+01   7.7504157261079249e-11  -3.4397615551506120e-13
 -1.3199999999999999e+01   7.7320684033361220e-11  -4.0996168608384833e-13
 -1.3150000000000000e+01   7.7139035655162805e-11  -4.7875598988621198e-13
 -1.3100000000000000e+01   7.6959358592435766e-11  -5.5042615201877993e-13
 -1.3049999999999999e+01   7.6781803434155702e-11  -6.2503962452899013e-13
 -1.3000000000000000e+01   7.6606524942257893e-11  -7.0266417628493465e-13
 -1.2949999999999999e+01   7.6433682100124844e-11  -7.8336784001145997e-13
 -1.2900000000000000e+01   7.6263438159511866e-11  -8.6721885639940582e-13
 -1.2850000000000000e+01   7.6095960685792151e-11  -9.5428561519273649e-13
 -1.2799999999999999e+01   7.5931421601400762e-11  -1.0446365931560968e-12
 -1.2750000000000000e+01   7.5769997227350752e-11  -1.1383402888230876e-12
 -1.2699999999999999e+01   7.5611868322690191e-11  -1.2354651539232643e-12
 -1.2650000000000000e+01   7.5457220121762371e-11  -1.3360795213835325e-12
 -1.2600000000000000e+01   7.5306242369131621e-11  -1.4402515297972757e-12
 -1.2549999999999999e+01   7.5159129352024814e-11  -1.5480490442520630e-12
 -1.2500000000000000e+01   7.5016079930139998e-11  -1.6595395734044096e-12
 -1.2449999999999999e+01   7.4877297562666878e-11  -1.7747901826874812e-12
 -1.2400000000000000e+01   7.4742990332353776e-11  -1.8938674035351074e-12
 -1.2350000000000000e+01   7.4613370966456781e-11  -2.0168371385028734e-12
 -1.2299999999999999e+01   7.4488656854393439e-11  -2.1437645621643436e-12
 -1.2250000000000000e+01   7.4369070061921904e-11  -2.2747140176578205e-12
 -1.2199999999999999e+01   7.4254837341661093e-11  -2.4097489087562271e-12
 -1.2150000000000000e+01   7.4146190139753426e-11  -2.5489315873298757e-12
 -1.2100000000000000e+01   7.4043364598476922e-11  -2.6923232360690384e-12
 -1.2049999999999999e+01   7.3946601554598722e-11  -2.8399837463302002e-12
 -1.2000000000000000e+01   7.3856146533252686e-11  -2.9919715909669469e-12
 -1.1949999999999999e+01   7.3772249737123734e-11  -3.1483436920033159e-12
 -1.1900000000000000e+01   7.3695166030708747e-11  -3.3091552830042642e-12
 -1.1850000000000000e+01   7.3625154919418078e-11  -3.4744597659947423e-12
 -1.1799999999999999e+01   7.3562480523265459e-11  -3.6443085627754893e-12
 -1.1750000000000000e+01   7.3507411544897020e-11  -3.8187509604803782e-12
 -1.1699999999999999e+01   7.3460221231699483e-11  -3.9978339512165727e-12
 -1.1650000000000000e+01   7.3421187331714816e-11  -4.1816020656252958e-12
 -1.1600000000000000e+01   7.3390592043081347e-11  -4.3700972001973477e-12
 -1.1549999999999999e+01   7.3368721956706013e-11  -4.5633584381737648e-12
 -1.1500000000000000e+01   7.3355867991868193e-11  -4.7614218638582140e-12
 -1.1449999999999999e+01   7.3352325324442727e-11  -4.9643203701637813e-12
 -1.1400000000000000e+01   7.3358393307416920e-11  -5.1720834592127748e-12
 -1.1350000000000000e+01   7.3374375383374057e-11  -5.3847370358040179e-12
 -1.1299999999999999e+01   7.3400578988594218e-11  -5.6023031935578636e-12
 -1.1250000000000000e+01   7.3437315448415103e-11  -5.8247999935447576e-12
 -1.1199999999999999e+01   7.3484899863480844e-11  -6.0522412351986837e-12
 -1.1150000000000000e+01   7.3543650986492767e-11  -6.2846362193121551e-12
 -1.1100000000000000e+01   7.3613891089065905e-11  -6.5219895029046684e-12
 -1.1049999999999999e+01   7.3695945818277131e-11  -6.7643006457515541e-12
 -1.1000000000000000e+01   7.3790144042481803e-11  -7.0115639483551157e-12
 -1.0949999999999999e+01   7.3896817685957775e-11  -7.2637681811346517e-12
 -1.0900000000000000e+01   7.4016301551913139e-11  -7.5208963046065566e-12
 -1.0850000000000000e+01   7.4148933133384717e-11  -7.7829251803200790e-12
 -1.0799999999999999e+01   7.4295052411532518e-11  -8.0498252723085085e-12
 -1.0750000000000000e+01   7.4455001640819273e-11  -8.3215603388095866e-12
 -1.0699999999999999e+01   7.4629125120547755e-11  -8.5980871140027353e-12
 -1.0650000000000000e+01   7.4817768952201528e-11  -8.8793549795041933e-12
 -1.0600000000000000e+01   7.5021280782025487e-11  -9.1653056253546078e-12
 -1.0549999999999999e+01   7.5240009528247299e-11  -9.4558727002265903e-12
 -1.0500000000000000e+01   7.5474305092330142e-11  -9.7509814505726785e-12
 -1.0449999999999999e+01   7.5724518053615361e-11  -1.0050548348426633e-11
 -1.0400000000000000e+01   7.5990999346691831e-11  -1.0354480707563291e-11
 -1.0350000000000000e+01   7.6274099920806142e-11  -1.0662676287714158e-11
 -1.0299999999999999e+01   7.6574170380598689e-11  -1.0975022886527562e-11
 -1.0250000000000000e+01   7.6891560607422300e-11  -1.1291397918953483e-11
 -1.0199999999999999e+01   7.7226619360472510e-11  -1.1611667983724132e-11
 -1.0150000000000000e+01   7.7579693856923690e-11  -1.1935688416591917e-11
 -1.0100000000000000e+01   7.7951129330235987e-11  -1.2263302829976562e-11
 -1.0050000000000001e+01   7.8341268565766923e-11  -1.2594342638662932e-11
 -1.0000000000000000e+01   7.8750451412783503e-11  -1.2928626571180426e-11
 -9.9499999999999993e+00   7.9179014271935889e-11  -1.3265960166483563e-11
 -9.9000000000000004e+00   7.9627289557213023e-11  -1.3606135255541807e-11
 -9.8499999999999996e+00   8.0095605131365370e-11  -1.3948929427434382e-11
 -9.8000000000000007e+00   8.0584283713727329e-11  -1.4294105479533201e-11
 -9.7500000000000000e+00   8.1093642259334574e-11  -1.4641410851343580e-11
 -9.6999999999999993e+00   8.1623991308187277e-11  -1.4990577041558502e-11
 -9.6500000000000004e+00   8.2175634303462886e-11  -1.5341319007867603e-11
 -9.5999999999999996e+00   8.2748866877423424e-11  -1.5693334549046694e-11
 -9.5500000000000007e+00   8.3343976103712966e-11  -1.6046303668837645e-11
 -9.5000000000000000e+00   8.3961239714686089e-11  -1.6399887921111575e-11
 -9.4499999999999993e+00   8.4600925282348921e-11  -1.6753729735790682e-11
 -9.4000000000000004e+00   8.5263289361435137e-11  -1.7107451724985532e-11
 -9.3499999999999996e+00   8.5948576593069503e-11  -1.7460655968785129e-11
 -9.3000000000000007e+00   8.6657018767409057e-11  -1.7812923280116809e-11
 -9.2500000000000000e+00   8.7388833843576831e-11  -1.8163812448071326e-11
 -9.1999999999999993e+00   8.8144224925129965e-11  -1.8512859459066116e-11
 -9.1500000000000004e+00   8.8923379189226943e-11  -1.8859576695196050e-11
 -9.1000000000000014e+00   8.9726466767577466e-11  -1.9203452109095815e-11
 -9.0500000000000007e+00   9.0553639577173092e-11  -1.9543948374611991e-11
 -9.0000000000000000e+00   9.1405030098704501e-11  -1.9880502012555266e-11
 -8.9499999999999993e+00   9.2280750100474550e-11  -2.0212522490773979e-11
 -8.8999999999999986e+00   9.3180889305521755e-11  -2.0539391297759641e-11
 -8.8500000000000014e+00   9.4105513999564406e-11  -2.0860460988962723e-11
 -8.8000000000000007e+00   9.5054665577259502e-11  -2.1175054204962886e-11
 -8.7500000000000000e+00   9.6028359024163244e-11  -2.1482462660602007e-11
 -8.6999999999999993e+00   9.7026581331657211e-11  -2.1781946104150292e-11
 -8.6499999999999986e+00   9.8049289841978224e-11  -2.2072731245535874e-11
 -8.6000000000000014e+00   9.9096410520360357e-11  -2.2354010652625991e-11
 -8.5500000000000007e+00   1.0016783615115542e-10  -2.2624941614503305e-11
 -8.5000000000000000e+00   1.0126342445465187e-10  -2.2884644970633675e-11
 -8.4499999999999993e+00   1.0238299612116125e-10  -2.3132203904772061e-11
 -8.3999999999999986e+00   1.0352633275878307e-10  -2.3366662702400389e-11
 -8.3500000000000014e+00   1.0469317475109010e-10  -2.3587025470435826e-11
 -8.3000000000000007e+00   1.0588321902080330e-10  -2.3792254817888697e-11
 -8.2500000000000000e+00   1.0709611669533754e-10  -2.3981270496087304e-11
 -8.1999999999999993e+00   1.0833147066990902e-10  -2.4152947997020748e-11
 -8.1499999999999986e+00   1.0958883306369500e-10  -2.4306117108281085e-11
 -8.1000000000000014e+00   1.1086770256432675e-10  -2.4439560423012281e-11
 -8.0500000000000007e+00   1.1216752165577417e-10  -2.4552011803195098e-11
 -8.0000000000000000e+00   1.1348767372445020e-10  -2.4642154794513926e-11
 -7.9499999999999993e+00   1.1482748003812568e-10  -2.4708620990963604e-11
 -7.8999999999999986e+00   1.1618619659199105e-10  -2.4749988347261179e-11
 -7.8500000000000014e+00   1.1756301081593874e-10  -2.4764779437028178e-11
 -7.8000000000000007e+00   1.1895703813686952e-10  -2.4751459654604387e-11
 -7.7500000000000000e+00   1.2036731838953895e-10  -2.4708435358242345e-11
 -7.6999999999999993e+00   1.2179281206916227e-10  -2.4634051952313567e-11
 -7.6499999999999986e+00   1.2323239641868699e-10  -2.4526591906031945e-11
 -7.6000000000000014e+00   1.2468486134332065e-10  -2.4384272706066011e-11
 -7.5500000000000007e+00   1.2614890514456765e-10  -2.4205244740270110e-11
 -7.5000000000000000e+00   1.2762313006567799e-10  -2.3987589109613668e-11
 -7.4499999999999993e+00   1.2910603764005360e-10  -2.3729315365227409e-11
 -7.3999999999999986e+00   1.3059602383378214e-10  -2.3428359167314888e-11
 -7.3500000000000014e+00   1.3209137397308156e-10  -2.3082579862496205e-11
 -7.3000000000000007e+00   1.3359025744704013e-10  -2.2689757975957809e-11
 -7.2500000000000000e+00   1.3509072217562144e-10  -2.2247592614576758e-11
 -7.1999999999999993e+00   1.3659068883248077e-10  -2.1753698776968961e-11
 -7.1499999999999986e+00   1.3808794481170131e-10  -2.1205604566177715e-11
 -7.1000000000000014e+00   1.3958013792710875e-10  -2.0600748300470831e-11
 -7.0500000000000007e+00   1.4106476983236345e-10  -1.9936475517449788e-11
 -7.0000000000000000e+00   1.4253918914955821e-10  -1.9210035866392226e-11
 -6.9499999999999993e+00   1.4400058429357172e-10  -1.8418579883448530e-11
 -6.8999999999999986e+00   1.4544597597894094e-10  -1.7559155643992291e-11
 -6.8500000000000014e+00   1.4687220939552239e-10  -1.6628705286082328e-11
 -6.8000000000000007e+00   1.4827594603871611e-10  -1.5624061398628818e-11
 -6.7500000000000000e+00   1.4965365517952703e-10  -1.4541943267466303e-11
 -6.6999999999999993e+00   1.5100160495924231e-10  -1.3378952972120514e-11
 -6.6499999999999986e+00   1.5231585309300721e-10  -1.2131571325611690e-11
 -6.6000000000000014e+00   1.5359223716609916e-10  -1.0796153649162813e-11
 -6.5500000000000007e+00   1.5482636450622287e-10  -9.3689253731746175e-12
 -6.5000000000000000e+00   1.5601360161469561e-10  -7.8459774552881545e-12
 -6.4499999999999993e+00   1.5714906313895451e-10  -6.2232616057774248e-12
 -6.3999999999999986e+00   1.5822760036841383e-10  -4.4965853098970420e-12
 -6.3500000000000014e+00   1.5924378923533208e-10  -2.6616066361497586e-12
 -6.3000000000000007e+00   1.6019191780202231e-10  -7.1382881873347065e-13
 -6.2500000000000000e+00   1.6106597321547064e-10   1.3514053983264595e-12
 -6.1999999999999993e+00   1.6185962811022605e-10   3.5389196686590821e-12
 -6.1499999999999986e+00   1.6256622644029554e-10   5.8537102168039793e-12
 -6.1000000000000014e+00   1.6317876872074766e-10   8.3009522923211598e-12
 -6.0500000000000007e+00   1.6368989665980160e-10   1.0886006920816261e-11
 -6.0000000000000000e+00   1.6409187716238232e-10   1.3614427968991683e-11
 -5.9499999999999993e+00   1.6437658568647093e-10   1.6491969541953995e-11
 -5.8999999999999986e+00   1.6453548893410176e-10   1.9524593732203369e-11
 -5.8500000000000014e+00   1.6455962685957466e-10   2.2718478741005848e-11
 -5.8000000000000007e+00   1.6443959397840070e-10   2.6080027394208978e-11
 -5.7500000000000000e+00   1.6416551996170584e-10   2.9615876076010170e-11
 -5.6999999999999993e+00   1.6372704950232681e-10   3.3332904105729844e-11
 -5.6499999999999986e+00   1.6311332144068615e-10   3.7238243584282592e-11
 -5.6000000000000014e+00   1.6231294714078087e-10   4.1339289738783827e-11
 -5.5500000000000007e+00   1.6131398810931074e-10   4.5643711795580465e-11
 -5.5000000000000000e+00   1.6010393285417859e-10   5.0159464413956759e-11
 -5.4499999999999993e+00   1.5866967298238229e-10   5.4894799714841926e-11
 -5.3999999999999986e+00   1.5699747854176665e-10   5.9858279941039396e-11
 -5.3500000000000014e+00   1.5507297261630167e-10   6.5058790787807402e-11
 -5.3000000000000007e+00   1.5288110519061251e-10   7.0505555445047788e-11
 -5.2500000000000000e+00   1.5040612630650805e-10   7.6208149394902705e-11
 -5.1999999999999993e+00   1.4763155854238173e-10   8.2176516011211295e-11
 -5.1499999999999986e+00   1.4454016885573175e-10   8.8420983010034976e-11
 -5.1000000000000014e+00   1.4111393983983789e-10   9.4952279803306044e-11
 -5.0500000000000007e+00   1.3733404045802654e-10   1.0178155581057665e-10
 -5.0000000000000000e+00   1.3318079633317314e-10   1.0892039978681972e-10
 -4.9499999999999993e+00   1.2863365968636942e-10   1.1638086022723030e-10
 -4.8999999999999986e+00   1.2367117903730539e-10   1.2417546691295752e-10
 -4.8500000000000014e+00   1.1827096880019026e-10   1.3231725366461207e-10
 -4.8000000000000007e+00   1.1240967893332267e-10   1.4081978237318005e-10
 -4.7500000000000000e+00   1.0606296482811942e-10   1.4969716838054897e-10
 -4.6999999999999993e+00   9.9205457654988771e-11   1.5896410728411510e-10
 -4.6499999999999986e+00   9.1810735419406040e-11   1.6863590324177010e-10
 -4.6000000000000014e+00   8.3851295022514827e-11   1.7872849885479607e-10
 -4.5500000000000007e+00   7.5298525667207290e-11   1.8925850670664880e-10
 -4.5000000000000000e+00   6.6122684003709606e-11   2.0024324263503226e-10
 -4.4499999999999993e+00   5.6292871469083802e-11   2.1170076081277816e-10
 -4.3999999999999986e+00   4.5777014343754353e-11   2.2364989070948400e-10
 -4.3500000000000014e+00   3.4541847126312267e-11   2.3611027600019589e-10
 -4.3000000000000007e+00   2.2552899916738497e-11   2.4910241547911739e-10
 -4.2500000000000000e+00   9.7744905992823253e-12   2.6264770602473924e-10
 -4.1999999999999993e+00  -3.8302772687846672e-12   2.7676848764712932e-10
 -4.1499999999999986e+00  -1.8299509825547663e-11   2.9148809062744887e-10
 -4.1000000000000014e+00  -3.3672510344257119e-11   3.0683088473291695e-10
 -4.0500000000000007e+00  -4.9989757389753283e-11   3.2282233045603766e-10
 -4.0000000000000000e+00  -6.7292872144414993e-11   3.3948903218324712e-10
 -3.9499999999999993e+00  -8.5624573137974018e-11   3.5685879314320783e-10
 -3.8999999999999986e+00  -1.0502861636713705e-10   3.7496067191632183e-10
 -3.8500000000000014e+00  -1.2554971850877023e-10   3.9382504020171673e-10
 -3.8000000000000007e+00  -1.4723346060999977e-10   4.1348364143244607e-10
 -3.7500000000000000e+00  -1.7012616927502157e-10   4.3396964969969952e-10
 -3.6999999999999993e+00  -1.9427477195625029e-10   4.5531772828737481e-10
 -3.6500000000000021e+00  -2.1972662249067868e-10   4.7756408692336641e-10
 -3.6000000000000014e+00  -2.4652929249447503e-10   5.0074653661616577e-10
 -3.5500000000000007e+00  -2.7473032363293710e-10   5.2490454065627246e-10
 -3.5000000000000000e+00  -3.0437693511162258e-10   5.5007926001133851e-10
 -3.4499999999999993e+00  -3.3551567998023941e-10   5.7631359091994656e-10
 -3.4000000000000021e+00  -3.6819204299620533e-10   6.0365219197736844e-10
 -3.3500000000000014e+00  -4.0244997185262351e-10   6.3214149739116470e-10
 -3.3000000000000007e+00  -4.3833133252969197e-10   6.6182971234596479e-10
 -3.2500000000000000e+00  -4.7587527837502083e-10   6.9276678553326455e-10
 -3.1999999999999993e+00  -5.1511752125554828e-10   7.2500435284852136e-10
 -3.1500000000000021e+00  -5.5608949175477412e-10   7.5859564500600500e-10
 -3.1000000000000014e+00  -5.9881737392328433e-10   7.9359535034044706e-10
 -3.0500000000000007e+00  -6.4332099854662476e-10   8.3005942231956181e-10
 -3.0000000000000000e+00  -6.8961257730375927e-10   8.6804481924710041e-10
 -2.9499999999999993e+00  -7.3769525860029235e-10   9.0760916125599064e-10
 -2.9000000000000021e+00  -7.8756148434525120e-10   9.4881028694101000e-10
 -2.8500000000000014e+00  -8.3919112560132166e-10   9.9170568883162466e-10
 -2.8000000000000007e+00  -8.9254937401905633e-10   1.0363518033404326e-09
 -2.7500000000000000e+00  -9.4758436546056492e-10   1.0828031268420981e-09
 -2.6999999999999993e+00  -1.0042245124879334e-09   1.1311111251723892e-09
 -2.6500000000000021e+00  -1.0623755237780425e-09   1.1813228991618716e-09
 -2.6000000000000014e+00  -1.1219170914699058e-09   1.2334795639730137e-09
 -2.5500000000000007e+00  -1.1826992325126564e-09   1.2876142952217062e-09
 -2.5000000000000000e+00  -1.2445382779574908e-09   1.3437499904856983e-09
 -2.4499999999999993e+00  -1.3072125156707889e-09   1.4018964913465739e-09
 -2.4000000000000021e+00  -1.3704575081390220e-09   1.4620473093014194e-09
 -2.3500000000000014e+00  -1.4339611290336838e-09   1.5241757996994422e-09
 -2.3000000000000007e+00  -1.4973583912568568e-09   1.5882307326063114e-09
 -2.2500000000000000e+00  -1.5602261765736138e-09   1.6541312198338881e-09
 -2.1999999999999993e+00  -1.6220780238243783e-09   1.7217609753392621e-09
 -2.1500000000000021e+00  -1.6823591899381776e-09   1.7909619142059756e-09
 -2.1000000000000014e+00  -1.7404422657283870e-09   1.8615271361608424e-09
 -2.0500000000000007e+00  -1.7956237058480000e-09   1.9331933958163081e-09
 -2.0000000000000000e+00  -1.8471217167552094e-09   2.0056332360384577e-09
 -1.9499999999999993e+00  -1.8940760331993460e-09   2.0784470546424890e-09
 -1.9000000000000021e+00  -1.9355501946278028e-09   2.1511554879451347e-09
 -1.8500000000000014e+00  -1.9705369963740277e-09   2.2231926247254175e-09
 -1.8000000000000007e+00  -1.9979678207872705e-09   2.2939007039781799e-09
 -1.7500000000000000e+00  -2.0167265310511546e-09   2.3625270872303426e-09
 -1.6999999999999993e+00  -2.0256685131427634e-09   2.4282244124395716e-09
 -1.6500000000000021e+00  -2.0236452570194210e-09   2.4900549061924871e-09
 -1.6000000000000014e+00  -2.0095345587334560e-09   2.5469998230052961e-09
 -1.5500000000000007e+00  -1.9822759929389723e-09   2.5979748614452591e-09
 -1.5000000000000000e+00  -1.9409107594184219e-09   2.6418521461681770e-09
 -1.4499999999999993e+00  -1.8846243808162433e-09   2.6774889438310604e-09
 -1.4000000000000021e+00  -1.8127900827112125e-09   2.7037627013977903e-09
 -1.3500000000000014e+00  -1.7250101096450747e-09   2.7196112902642363e-09
 -1.3000000000000007e+00  -1.6211518287565943e-09   2.7240765775471432e-09
 -1.2500000000000000e+00  -1.5013753552270294e-09   2.7163487296897216e-09
 -1.1999999999999993e+00  -1.3661496878653057e-09   2.6958081084438843e-09
 -1.1500000000000021e+00  -1.2162550077354905e-09   2.6620613705082726e-09
 -1.1000000000000014e+00  -1.0527698374469666e-09   2.6149685255567336e-09
 -1.0500000000000007e+00  -8.7704307636146572e-10   2.5546582807246604e-09
 -1.0000000000000000e+00  -6.9065234468827077e-10   2.4815299628704375e-09
 -9.4999999999999929e-01  -4.9535137927404023e-10   2.3962415440491362e-09
 -9.0000000000000213e-01  -2.9301022604004797e-10   2.2996846221021256e-09
 -8.5000000000000142e-01  -8.5552520438800353e-11   2.1929484259822218e-09
 -8.0000000000000071e-01   1.2510582567556775e-10   2.0772758447035845e-09
 -7.5000000000000000e-01   3.3711267586972092e-10   1.9540149994239033e-09
 -6.9999999999999929e-01   5.4872744572983047e-10   1.8245699506716397e-09
 -6.5000000000000213e-01   7.5835865341955777e-10   1.6903537983529296e-09
 -6.0000000000000142e-01   9.6459039557213154e-10   1.5527467934289697e-09
 -5.5000000000000071e-01   1.1661979150385279e-09   1.4130612715199005e-09
 -5.0000000000000000e-01   1.3621532043897870e-09   1.2725143740027094e-09
 -4.4999999999999929e-01   1.5516221723142456e-09   1.1322087534614144e-09
 -4.0000000000000213e-01   1.7339551027690133e-09   9.9312083816633125e-10
 -3.5000000000000142e-01   1.9086723487301087e-09   8.5609579414695216e-10
 -3.0000000000000071e-01   2.0754468014416973e-09   7.2184806263094553e-10
 -2.5000000000000000e-01   2.2340849860424998e-09   5.9096626289273339e-10
 -1.9999999999999929e-01   2.3845073762768927e-09   4.6392126110297717e-10
 -1.5000000000000213e-01   2.5267299919923875e-09   3.4107634567881804e-10
 -1.0000000000000142e-01   2.6608459248698360e-09   2.2269853507164863e-10
 -5.0000000000000711e-02   2.7870108388528418e-09   1.0897020666296615e-10
  0.0000000000000000e+00   2.9054268754421063e-09   0.0000000000000000e+00
