# Columns: x, u, lamda
# time_step 8000
# time   8.0000000000000000e+01
 -2.5149999999999999e+01   9.5928442501166675e-11   4.7461422903970998e-15
 -2.5099999999999998e+01   9.5928442501166675e-11   4.7461422903970998e-15
 -2.5049999999999997e+01   9.5928442501166675e-11   4.7461422903970998e-15
 -2.5000000000000000e+01   9.5928442501166675e-11   4.7461422903970998e-15
 -2.4949999999999999e+01   9.5929106834047323e-11   4.3012304072173932e-15
 -2.4899999999999999e+01   9.5930296718965189e-11   4.0390871376147667e-15
 -2.4849999999999998e+01   9.5932527357131433e-11   3.6405164874398538e-15
 -2.4799999999999997e+01   9.5934560426499746e-11   3.2880384657930896e-15
 -2.4750000000000000e+01   9.5933925095671434e-11   2.8782960341816655e-15
 -2.4699999999999999e+01   9.5927414672825820e-11   2.4687025240225039e-15
 -2.4649999999999999e+01   9.5912754590131647e-11   2.0261664985040438e-15
 -2.4599999999999998e+01   9.5888964698307464e-11   1.5687028886381913e-15
 -2.4549999999999997e+01   9.5856888440646912e-11   1.0854840334826447e-15
 -2.4500000000000000e+01   9.5818645051397525e-11   5.8179274459201823e-16
 -2.4449999999999999e+01   9.5776352908530858e-11   5.3853127721050147e-17
 -2.4399999999999999e+01   9.5731305191348756e-11  -4.9702864884181390e-16
 -2.4349999999999998e+01   9.5684093660827499e-11  -1.0723965269317175e-15
 -2.4299999999999997e+01   9.5635131601352763e-11  -1.6721966098133873e-15
 -2.4250000000000000e+01   9.5584968356030096e-11  -2.2972678784695632e-15
 -2.4199999999999999e+01   9.5534214538644552e-11  -2.9479472333605137e-15
 -2.4149999999999999e+01   9.5483311098067077e-11  -3.6248485742819764e-15
 -2.4099999999999998e+01   9.5432404920461245e-11  -4.3284265405546669e-15
 -2.4049999999999997e+01   9.5381406597744759e-11  -5.0592189073798683e-15
 -2.4000000000000000e+01   9.5330134244536143e-11  -5.8177103355343803e-15
 -2.3949999999999999e+01   9.5278425528007371e-11  -6.6044070895667727e-15
 -2.3899999999999999e+01   9.5226173842342754e-11  -7.4197942907765790e-15
 -2.3849999999999998e+01   9.5173316075678503e-11  -8.2643584259548210e-15
 -2.3799999999999997e+01   9.5119814776283401e-11  -9.1385735796298529e-15
 -2.3750000000000000e+01   9.5065653388659476e-11  -1.0042907726512433e-14
 -2.3699999999999999e+01   9.5010837888534074e-11  -1.0977817869987455e-14
 -2.3649999999999999e+01   9.4955392861720499e-11  -1.1943751293024836e-14
 -2.3599999999999998e+01   9.4899349431522608e-11  -1.2941143385059456e-14
 -2.3549999999999997e+01   9.4842731644626955e-11  -1.3970417299546233e-14
 -2.3500000000000000e+01   9.4785548777477338e-11  -1.5031982550589956e-14
 -2.3449999999999999e+01   9.4727795749764293e-11  -1.6126234135159615e-14
 -2.3399999999999999e+01   9.4669458654569492e-11  -1.7253551312049497e-14
 -2.3349999999999998e+01   9.4610520986479455e-11  -1.8414296511566569e-14
 -2.3299999999999997e+01   9.4550967845357902e-11  -1.9608814117119273e-14
 -2.3250000000000000e+01   9.4490787699695960e-11  -2.0837429258121926e-14
 -2.3199999999999999e+01   9.4429972499926934e-11  -2.2100446537765230e-14
 -2.3149999999999999e+01   9.4368516967012408e-11  -2.3398148735764646e-14
 -2.3099999999999998e+01   9.4306417510351647e-11  -2.4730795463679756e-14
 -2.3049999999999997e+01   9.4243671030069626e-11  -2.6098621783843983e-14
 -2.3000000000000000e+01   9.4180273872998005e-11  -2.7501836785245222e-14
 -2.2949999999999999e+01   9.4116221210667163e-11  -2.8940622119095236e-14
 -2.2899999999999999e+01   9.4051506957992911e-11  -3.0415130491958428e-14
 -2.2849999999999998e+01   9.3986124125139181e-11  -3.1925484116894357e-14
 -2.2799999999999997e+01   9.3920065344450921e-11  -3.3471773121742547e-14
 -2.2750000000000000e+01   9.3853323317398562e-11  -3.5054053914400983e-14
 -2.2699999999999999e+01   9.3785891043579797e-11  -3.6672347504535824e-14
 -2.2649999999999999e+01   9.3717761830182872e-11  -3.8326637781439957e-14
 -2.2599999999999998e+01   9.3648929164057164e-11  -4.0016869747590194e-14
 -2.2549999999999997e+01   9.3579386544508346e-11  -4.1742947707654327e-14
 -2.2500000000000000e+01   9.3509127347231889e-11  -4.3504733412601079e-14
 -2.2449999999999999e+01   9.3438144750331247e-11  -4.5302044158691309e-14
 -2.2399999999999999e+01   9.3366431721635776e-11  -4.7134650841102612e-14
 -2.2349999999999998e+01   9.3293981048309001e-11  -4.9002275962051177e-14
 -2.2299999999999997e+01   9.3220785383444274e-11  -5.0904591593219119e-14
 -2.2250000000000000e+01   9.3146837287222854e-11  -5.2841217292381930e-14
 -2.2199999999999999e+01   9.3072129249188240e-11  -5.4811717974200678e-14
 -2.2149999999999999e+01   9.2996653688920464e-11  -5.6815601735073726e-14
 -2.2099999999999998e+01   9.2920402941134229e-11  -5.8852317632134453e-14
 -2.2049999999999997e+01   9.2843369235015776e-11  -6.0921253416392494e-14
 -2.2000000000000000e+01   9.2765544676409000e-11  -6.3021733220165414e-14
 -2.1949999999999999e+01   9.2686921237228735e-11  -6.5153015198924832e-14
 -2.1899999999999999e+01   9.2607490752030882e-11  -6.7314289127795855e-14
 -2.1849999999999998e+01   9.2527244918899525e-11  -6.9504673952972011e-14
 -2.1799999999999997e+01   9.2446175301136999e-11  -7.1723215298340219e-14
 -2.1750000000000000e+01   9.2364273327290278e-11  -7.3968882927741394e-14
 -2.1699999999999999e+01   9.2281530288572976e-11  -7.6240568163264051e-14
 -2.1649999999999999e+01   9.2197937334065815e-11  -7.8537081260118806e-14
 -2.1599999999999998e+01   9.2113485464737825e-11  -8.0857148738649067e-14
 -2.1549999999999997e+01   9.2028165527303974e-11  -8.3199410674117067e-14
 -2.1500000000000000e+01   9.1941968208576571e-11  -8.5562417944997927e-14
 -2.1449999999999999e+01   9.1854884030470284e-11  -8.7944629440552747e-14
 -2.1399999999999999e+01   9.1766903345495285e-11  -9.0344409228585124e-14
 -2.1349999999999998e+01   9.1678016332360710e-11  -9.2760023684288194e-14
 -2.1299999999999997e+01   9.1588212991349138e-11  -9.5189638581239327e-14
 -2.1250000000000000e+01   9.1497483139329910e-11  -9.7631316145670776e-14
 -2.1199999999999999e+01   9.1405816404379921e-11  -1.0008301207518647e-13
 -2.1149999999999999e+01   9.1313202220132154e-11  -1.0254257252327744e-13
 -2.1099999999999998e+01   9.1219629819948400e-11  -1.0500773105097199e-13
 -2.1049999999999997e+01   9.1125088231023850e-11  -1.0747610554717616e-13
 -2.1000000000000000e+01   9.1029566268418237e-11  -1.0994519511922762e-13
 -2.0949999999999999e+01   9.0933052529038696e-11  -1.1241237695544592e-13
 -2.0899999999999999e+01   9.0835535385499829e-11  -1.1487490316139339e-13
 -2.0849999999999998e+01   9.0737002979838361e-11  -1.1732989757184810e-13
 -2.0799999999999997e+01   9.0637443217059690e-11  -1.1977435254046105e-13
 -2.0750000000000000e+01   9.0536843758497556e-11  -1.2220512570927158e-13
 -2.0699999999999999e+01   9.0435192015031258e-11  -1.2461893676036404e-13
 -2.0649999999999999e+01   9.0332475140147842e-11  -1.2701236415202073e-13
 -2.0599999999999998e+01   9.0228680022850938e-11  -1.2938184184193139e-13
 -2.0549999999999997e+01   9.0123793280441867e-11  -1.3172365600010283e-13
 -2.0500000000000000e+01   9.0017801251164663e-11  -1.3403394171425181e-13
 -2.0449999999999999e+01   8.9910689986690225e-11  -1.3630867969060531e-13
 -2.0399999999999999e+01   8.9802445244468654e-11  -1.3854369295320981e-13
 -2.0349999999999998e+01   8.9693052479917299e-11  -1.4073464354491290e-13
 -2.0299999999999997e+01   8.9582496838457251e-11  -1.4287702923344377e-13
 -2.0250000000000000e+01   8.9470763147414284e-11  -1.4496618022607642e-13
 -2.0199999999999999e+01   8.9357835907753070e-11  -1.4699725589654905e-13
 -2.0149999999999999e+01   8.9243699285667487e-11  -1.4896524152811369e-13
 -2.0099999999999998e+01   8.9128337104024343e-11  -1.5086494507667775e-13
 -2.0049999999999997e+01   8.9011732833674784e-11  -1.5269099395825352e-13
 -2.0000000000000000e+01   8.8893869584620865e-11  -1.5443783186502447e-13
 -1.9949999999999999e+01   8.8774730097017608e-11  -1.5609971561456737e-13
 -1.9899999999999999e+01   8.8654296732046193e-11  -1.5767071203695428e-13
 -1.9849999999999998e+01   8.8532551462643017e-11  -1.5914469490457791e-13
 -1.9799999999999997e+01   8.8409475864088309e-11  -1.6051534190982257e-13
 -1.9750000000000000e+01   8.8285051104445012e-11  -1.6177613169580795e-13
 -1.9699999999999999e+01   8.8159257934890204e-11  -1.6292034094573261e-13
 -1.9649999999999999e+01   8.8032076679902386e-11  -1.6394104153639981e-13
 -1.9599999999999998e+01   8.7903487227314730e-11  -1.6483109776188160e-13
 -1.9549999999999997e+01   8.7773469018239336e-11  -1.6558316363333848e-13
 -1.9500000000000000e+01   8.7642001036874644e-11  -1.6618968026133066e-13
 -1.9449999999999999e+01   8.7509061800185817e-11  -1.6664287332708959e-13
 -1.9399999999999999e+01   8.7374629347464759e-11  -1.6693475064951194e-13
 -1.9349999999999998e+01   8.7238681229786621e-11  -1.6705709985481164e-13
 -1.9299999999999997e+01   8.7101194499367249e-11  -1.6700148615601790e-13
 -1.9250000000000000e+01   8.6962145698807642e-11  -1.6675925024971652e-13
 -1.9199999999999999e+01   8.6821510850241823e-11  -1.6632150633771306e-13
 -1.9149999999999999e+01   8.6679265444390183e-11  -1.6567914028147381e-13
 -1.9099999999999998e+01   8.6535384429521369e-11  -1.6482280789749536e-13
 -1.9049999999999997e+01   8.6389842200329791e-11  -1.6374293340196955e-13
 -1.9000000000000000e+01   8.6242612586744877e-11  -1.6242970801338324e-13
 -1.8949999999999999e+01   8.6093668842669693e-11  -1.6087308872191776e-13
 -1.8899999999999999e+01   8.5942983634659520e-11  -1.5906279723480835e-13
 -1.8849999999999998e+01   8.5790529030551435e-11  -1.5698831910705072e-13
 -1.8799999999999997e+01   8.5636276488047454e-11  -1.5463890306711938e-13
 -1.8750000000000000e+01   8.5480196843260198e-11  -1.5200356054764019e-13
 -1.8699999999999999e+01   8.5322260299220433e-11  -1.4907106543120144e-13
 -1.8649999999999999e+01   8.5162436414369411e-11  -1.4582995402181130e-13
 -1.8599999999999998e+01   8.5000694091043224e-11  -1.4226852525272144e-13
 -1.8549999999999997e+01   8.4837001563949274e-11  -1.3837484114166437e-13
 -1.8500000000000000e+01   8.4671326388655547e-11  -1.3413672750482634e-13
 -1.8449999999999999e+01   8.4503635430108822e-11  -1.2954177494114788e-13
 -1.8399999999999999e+01   8.4333894851189058e-11  -1.2457734009884269e-13
 -1.8349999999999998e+01   8.4162070101304399e-11  -1.1923054723630998e-13
 -1.8299999999999997e+01   8.3988125905035390e-11  -1.1348829008991140e-13
 -1.8250000000000000e+01   8.3812026250850120e-11  -1.0733723406138192e-13
 -1.8199999999999999e+01   8.3633734379908000e-11  -1.0076381873792471e-13
 -1.8149999999999999e+01   8.3453212774964384e-11  -9.3754260758351572e-14
 -1.8099999999999998e+01   8.3270423149385593e-11  -8.6294557038921700e-14
 -1.8049999999999997e+01   8.3085326436296592e-11  -7.8370488372853250e-14
 -1.8000000000000000e+01   8.2897882777864826e-11  -6.9967623417730686e-14
 -1.7949999999999999e+01   8.2708051514754725e-11  -6.1071323085424517e-14
 -1.7899999999999999e+01   8.2515791175748451e-11  -5.1666745349305711e-14
 -1.7849999999999998e+01   8.2321059467567761e-11  -4.1738850484017933e-14
 -1.7799999999999997e+01   8.2123813264914085e-11  -3.1272406753205634e-14
 -1.7750000000000000e+01   8.1924008600731286e-11  -2.0251996561002200e-14
 -1.7699999999999999e+01   8.1721600656730428e-11  -8.6620230833802750e-15
 -1.7649999999999999e+01   8.1516543754182810e-11   3.5132826043163507e-15
 -1.7600000000000001e+01   8.1308791345010437e-11   1.6289853886900003e-14
 -1.7549999999999997e+01   8.1098296003194218e-11   2.9683780438996727e-14
 -1.7500000000000000e+01   8.0885009416522958e-11   4.3711299507504914e-14
 -1.7449999999999999e+01   8.0668882378697843e-11   5.8388786629315007e-14
 -1.7399999999999999e+01   8.0449864781830012e-11   7.3732745766358449e-14
 -1.7350000000000001e+01   8.0227905609344682e-11   8.9759798839879821e-14
 -1.7299999999999997e+01   8.0002952929325883e-11   1.0648667464539257e-13
 -1.7250000000000000e+01   7.9774953888328604e-11   1.2393019712962218e-13
 -1.7199999999999999e+01   7.9543854705680427e-11   1.4210727301037325e-13
 -1.7149999999999999e+01   7.9309600668297981e-11   1.6103487872002002e-13
 -1.7100000000000001e+01   7.9072136126047756e-11   1.8073004665301970e-13
 -1.7049999999999997e+01   7.8831404487682008e-11   2.0120985069759580e-13
 -1.7000000000000000e+01   7.8587348217402249e-11   2.2249139103141976e-13
 -1.6949999999999999e+01   7.8339908832061621e-11   2.4459177816098300e-13
 -1.6899999999999999e+01   7.8089026899030753e-11   2.6752811618394104e-13
 -1.6850000000000001e+01   7.7834642034772769e-11   2.9131748525356186e-13
 -1.6799999999999997e+01   7.7576692904163400e-11   3.1597692322415134e-13
 -1.6750000000000000e+01   7.7315117220582073e-11   3.4152340645609923e-13
 -1.6699999999999999e+01   7.7049851746811117e-11   3.6797382975894019e-13
 -1.6649999999999999e+01   7.6780832296792127e-11   3.9534498545061062e-13
 -1.6600000000000001e+01   7.6507993738268236e-11   4.2365354151093537e-13
 -1.6549999999999997e+01   7.6231269996362448e-11   4.5291601880705565e-13
 -1.6500000000000000e+01   7.5950594058120748e-11   4.8314876736848843e-13
 -1.6449999999999999e+01   7.5665897978056972e-11   5.1436794168917380e-13
 -1.6399999999999999e+01   7.5377112884749659e-11   5.4658947503379424e-13
 -1.6350000000000001e+01   7.5084168988541258e-11   5.7982905272546250e-13
 -1.6299999999999997e+01   7.4786995590370175e-11   6.1410208439179279e-13
 -1.6250000000000000e+01   7.4485521091787747e-11   6.4942367514612135e-13
 -1.6199999999999999e+01   7.4179673006210105e-11   6.8580859568066932e-13
 -1.6149999999999999e+01   7.3869377971455111e-11   7.2327125124822829e-13
 -1.6100000000000001e+01   7.3554561763598583e-11   7.6182564950899289e-13
 -1.6049999999999997e+01   7.3235149312209262e-11   8.0148536721893170e-13
 -1.6000000000000000e+01   7.2911064717014479e-11   8.4226351573621924e-13
 -1.5949999999999999e+01   7.2582231266043307e-11   8.8417270532209965e-13
 -1.5899999999999999e+01   7.2248571455307007e-11   9.2722500821257105e-13
 -1.5850000000000000e+01   7.1910007010071387e-11   9.7143192043732034e-13
 -1.5799999999999999e+01   7.1566458907771594e-11   1.0168043223623437e-12
 -1.5750000000000000e+01   7.1217847402627002e-11   1.0633524379327200e-12
 -1.5699999999999999e+01   7.0864092052017820e-11   1.1110857925921084e-12
 -1.5649999999999999e+01   7.0505111744682593e-11   1.1600131698556188e-12
 -1.5600000000000000e+01   7.0140824730789799e-11   1.2101425665128579e-12
 -1.5549999999999999e+01   6.9771148653953223e-11   1.2614811464380131e-12
 -1.5500000000000000e+01   6.9396000585253799e-11   1.3140351929841232e-12
 -1.5449999999999999e+01   6.9015297059327866e-11   1.3678100599387944e-12
 -1.5399999999999999e+01   6.8628954112587414e-11   1.4228101210188824e-12
 -1.5350000000000000e+01   6.8236887323645189e-11   1.4790387178818893e-12
 -1.5299999999999999e+01   6.7839011856001588e-11   1.5364981066321917e-12
 -1.5250000000000000e+01   6.7435242503069259e-11   1.5951894028003837e-12
 -1.5199999999999999e+01   6.7025493735611140e-11   1.6551125247745218e-12
 -1.5149999999999999e+01   6.6609679751656740e-11   1.7162661356623572e-12
 -1.5100000000000000e+01   6.6187714528968151e-11   1.7786475835640571e-12
 -1.5049999999999999e+01   6.5759511880134605e-11   1.8422528402353883e-12
 -1.5000000000000000e+01   6.5324985510368514e-11   1.9070764381218495e-12
 -1.4949999999999999e+01   6.4884049078074752e-11   1.9731114057447434e-12
 -1.4899999999999999e+01   6.4436616258281289e-11   2.0403492014206858e-12
 -1.4850000000000000e+01   6.3982600809008692e-11   2.1087796452968041e-12
 -1.4799999999999999e+01   6.3521916640652081e-11   2.1783908496844036e-12
 -1.4750000000000000e+01   6.3054477888468981e-11   2.2491691476745539e-12
 -1.4699999999999999e+01   6.2580198988242465e-11   2.3210990200200113e-12
 -1.4649999999999999e+01   6.2098994755206476e-11   2.3941630202683364e-12
 -1.4600000000000000e+01   6.1610780466329292e-11   2.4683416981321617e-12
 -1.4549999999999999e+01   6.1115471946032205e-11   2.5436135210834302e-12
 -1.4500000000000000e+01   6.0612985655439250e-11   2.6199547941591463e-12
 -1.4449999999999999e+01   6.0103238785243266e-11   2.6973395779674810e-12
 -1.4400000000000000e+01   5.9586149352277086e-11   2.7757396048838373e-12
 -1.4350000000000000e+01   5.9061636299886462e-11   2.8551241934277209e-12
 -1.4299999999999999e+01   5.8529619602192924e-11   2.9354601608124399e-12
 -1.4250000000000000e+01   5.7990020372344131e-11   3.0167117336607516e-12
 -1.4199999999999999e+01   5.7442760974847371e-11   3.0988404568809738e-12
 -1.4150000000000000e+01   5.6887765142083385e-11   3.1818051006993103e-12
 -1.4100000000000000e+01   5.6324958095100533e-11   3.2655615658456109e-12
 -1.4049999999999999e+01   5.5754266668784923e-11   3.3500627868912496e-12
 -1.4000000000000000e+01   5.5175619441506322e-11   3.4352586337392949e-12
 -1.3949999999999999e+01   5.4588946869342262e-11   3.5210958112688132e-12
 -1.3900000000000000e+01   5.3994181424986680e-11   3.6075177571367454e-12
 -1.3850000000000000e+01   5.3391257741447618e-11   3.6944645377426392e-12
 -1.3799999999999999e+01   5.2780112760635177e-11   3.7818727423632900e-12
 -1.3750000000000000e+01   5.2160685886947331e-11   3.8696753754662434e-12
 -1.3699999999999999e+01   5.1532919145960692e-11   3.9578017472131762e-12
 -1.3650000000000000e+01   5.0896757348335355e-11   4.0461773621661168e-12
 -1.3600000000000000e+01   5.0252148259042123e-11   4.1347238062117558e-12
 -1.3549999999999999e+01   4.9599042772021060e-11   4.2233586317212515e-12
 -1.3500000000000000e+01   4.8937395090391166e-11   4.3119952409652222e-12
 -1.3449999999999999e+01   4.8267162912310960e-11   4.4005427678063258e-12
 -1.3400000000000000e+01   4.7588307622611608e-11   4.4889059576938555e-12
 -1.3350000000000000e+01   4.6900794490318585e-11   4.5769850459878976e-12
 -1.3299999999999999e+01   4.6204592872174792e-11   4.6646756346429834e-12
 -1.3250000000000000e+01   4.5499676422279087e-11   4.7518685672841481e-12
 -1.3199999999999999e+01   4.4786023307955897e-11   4.8384498027111747e-12
 -1.3150000000000000e+01   4.4063616431977421e-11   4.9243002868698335e-12
 -1.3100000000000000e+01   4.3332443661256669e-11   5.0092958233321556e-12
 -1.3049999999999999e+01   4.2592498062130918e-11   5.0933069423308972e-12
 -1.3000000000000000e+01   4.1843778142353878e-11   5.1761987683968981e-12
 -1.2949999999999999e+01   4.1086288099918603e-11   5.2578308866513904e-12
 -1.2900000000000000e+01   4.0320038078831985e-11   5.3380572078090599e-12
 -1.2850000000000000e+01   3.9545044431961726e-11   5.4167258319513360e-12
 -1.2799999999999999e+01   3.8761329991078821e-11   5.4936789111333214e-12
 -1.2750000000000000e+01   3.7968924344218059e-11   5.5687525108917815e-12
 -1.2699999999999999e+01   3.7167864120480175e-11   5.6417764707257799e-12
 -1.2650000000000000e+01   3.6358193282397963e-11   5.7125742636258758e-12
 -1.2600000000000000e+01   3.5539963425994492e-11   5.7809628547321453e-12
 -1.2549999999999999e+01   3.4713234088653975e-11   5.8467525592061201e-12
 -1.2500000000000000e+01   3.3878073064932052e-11   5.9097468994062537e-12
 -1.2449999999999999e+01   3.3034556730430015e-11   5.9697424614616001e-12
 -1.2400000000000000e+01   3.2182770373853928e-11   6.0265287513434862e-12
 -1.2350000000000000e+01   3.1322808537387049e-11   6.0798880505400915e-12
 -1.2299999999999999e+01   3.0454775365496331e-11   6.1295952714445174e-12
 -1.2250000000000000e+01   2.9578784962300183e-11   6.1754178125722635e-12
 -1.2199999999999999e+01   2.8694961757624120e-11   6.2171154137301127e-12
 -1.2150000000000000e+01   2.7803440881863654e-11   6.2544400112642856e-12
 -1.2100000000000000e+01   2.6904368549783552e-11   6.2871355935218447e-12
 -1.2049999999999999e+01   2.5997902453374764e-11   6.3149380566660024e-12
 -1.2000000000000000e+01   2.5084212163886985e-11   6.3375750609923459e-12
 -1.1949999999999999e+01   2.4163479543161647e-11   6.3547658878999592e-12
 -1.1900000000000000e+01   2.3235899164384634e-11   6.3662212976784985e-12
 -1.1850000000000000e+01   2.2301678742381955e-11   6.3716433882794703e-12
 -1.1799999999999999e+01   2.1361039573574391e-11   6.3707254552477033e-12
 -1.1750000000000000e+01   2.0414216985713782e-11   6.3631518529965481e-12
 -1.1699999999999999e+01   1.9461460797517789e-11   6.3485978576186180e-12
 -1.1650000000000000e+01   1.8503035788314728e-11   6.3267295314320415e-12
 -1.1600000000000000e+01   1.7539222177811967e-11   6.2972035894708858e-12
 -1.1549999999999999e+01   1.6570316116097079e-11   6.2596672681373144e-12
 -1.1500000000000000e+01   1.5596630183985725e-11   6.2137581962420798e-12
 -1.1449999999999999e+01   1.4618493903825717e-11   6.1591042686696364e-12
 -1.1400000000000000e+01   1.3636254260860961e-11   6.0953235229138476e-12
 -1.1350000000000000e+01   1.2650276235262815e-11   6.0220240187403763e-12
 -1.1299999999999999e+01   1.1660943344924315e-11   5.9388037212425016e-12
 -1.1250000000000000e+01   1.0668658199114635e-11   5.8452503875677107e-12
 -1.1199999999999999e+01   9.6738430630883521e-12   5.7409414576038731e-12
 -1.1150000000000000e+01   8.6769404337410435e-12   5.6254439489252236e-12
 -1.1100000000000000e+01   7.6784136264020395e-12   5.4983143563104388e-12
 -1.1049999999999999e+01   6.6787473728457257e-12   5.3590985561575935e-12
 -1.1000000000000000e+01   5.6784484306023394e-12   5.2073317161334833e-12
 -1.0949999999999999e+01   4.6780462036420141e-12   5.0425382104082717e-12
 -1.0900000000000000e+01   3.6780933744972738e-12   4.8642315408400853e-12
 -1.0850000000000000e+01   2.6791665478914041e-12   4.6719142644884506e-12
 -1.0799999999999999e+01   1.6818669059309212e-12   4.4650779278503842e-12
 -1.0750000000000000e+01   6.8682087491551367e-13   4.2432030082280662e-12
 -1.0699999999999999e+01  -3.0531919618619992e-13   4.0057588626530388e-12
 -1.0650000000000000e+01  -1.2938743455611581e-12   3.7522036848083537e-12
 -1.0600000000000000e+01  -2.2781382966400990e-12   3.4819844704069389e-12
 -1.0549999999999999e+01  -3.2573767444340650e-12   3.1945369915025470e-12
 -1.0500000000000000e+01  -4.2308266301000630e-12   2.8892857802275138e-12
 -1.0449999999999999e+01  -5.1976954037336208e-12   2.5656441224711408e-12
 -1.0400000000000000e+01  -6.1571602753937212e-12   2.2230140620318563e-12
 -1.0350000000000000e+01  -7.1083674543742406e-12   1.8607864157971675e-12
 -1.0299999999999999e+01  -8.0504313767517133e-12   1.4783408005266113e-12
 -1.0250000000000000e+01  -8.9824339212513931e-12   1.0750456718351606e-12
 -1.0199999999999999e+01  -9.9034236134852572e-12   6.5025837599756242e-13
 -1.0150000000000000e+01  -1.0812414818632658e-11   2.0332521521815244e-13
 -1.0100000000000000e+01  -1.1708386922647238e-11  -2.6641847296446842e-13
 -1.0050000000000001e+01  -1.2590283502088640e-11  -7.5964822144247287e-13
 -1.0000000000000000e+01  -1.3457011482699726e-11  -1.2770503237510991e-12
 -9.9499999999999993e+00  -1.4307440286867893e-11  -1.8193217079776575e-12
 -9.9000000000000004e+00  -1.5140400970132871e-11  -2.3871697935872808e-12
 -9.8499999999999996e+00  -1.5954685346918654e-11  -2.9813123303550361e-12
 -9.8000000000000007e+00  -1.6749045105700174e-11  -3.6024772185619287e-12
 -9.7500000000000000e+00  -1.7522190913833761e-11  -4.2514023095793791e-12
 -9.6999999999999993e+00  -1.8272791512308600e-11  -4.9288351859318226e-12
 -9.6500000000000004e+00  -1.8999472800705777e-11  -5.6355329198910619e-12
 -9.5999999999999996e+00  -1.9700816912690111e-11  -6.3722618096180789e-12
 -9.5500000000000007e+00  -2.0375361282389007e-11  -7.1397970918286744e-12
 -9.5000000000000000e+00  -2.1021597702048839e-11  -7.9389226299179116e-12
 -9.4499999999999993e+00  -2.1637971371400354e-11  -8.7704305764352890e-12
 -9.4000000000000004e+00  -2.2222879939205951e-11  -9.6351210087574318e-12
 -9.3499999999999996e+00  -2.2774672537512109e-11  -1.0533801536757857e-11
 -9.3000000000000007e+00  -2.3291648809174754e-11  -1.1467286881224056e-11
 -9.2500000000000000e+00  -2.3772057929280434e-11  -1.2436398421720233e-11
 -9.1999999999999993e+00  -2.4214097621141974e-11  -1.3441963712540018e-11
 -9.1500000000000004e+00  -2.4615913167608393e-11  -1.4484815965336532e-11
 -9.1000000000000014e+00  -2.4975596418494474e-11  -1.5565793496957703e-11
 -9.0500000000000007e+00  -2.5291184795006675e-11  -1.6685739140952192e-11
 -9.0000000000000000e+00  -2.5560660292119864e-11  -1.7845499621145814e-11
 -8.9499999999999993e+00  -2.5781948479943210e-11  -1.9045924885619457e-11
 -8.8999999999999986e+00  -2.5952917505196920e-11  -2.0287867399347282e-11
 -8.8500000000000014e+00  -2.6071377094016948e-11  -2.1572181393678041e-11
 -8.8000000000000007e+00  -2.6135077557412947e-11  -2.2899722070762556e-11
 -8.7500000000000000e+00  -2.6141708800806195e-11  -2.4271344760946472e-11
 -8.6999999999999993e+00  -2.6088899339195932e-11  -2.5687904031059242e-11
 -8.6499999999999986e+00  -2.5974215319630316e-11  -2.7150252741437311e-11
 -8.6000000000000014e+00  -2.5795159552793447e-11  -2.8659241049421734e-11
 -8.5500000000000007e+00  -2.5549170555669007e-11  -3.0215715356967507e-11
 -8.5000000000000000e+00  -2.5233621607400339e-11  -3.1820517199893482e-11
 -8.4499999999999993e+00  -2.4845819820633355e-11  -3.3474482076187197e-11
 -8.3999999999999986e+00  -2.4383005230811864e-11  -3.5178438210658737e-11
 -8.3500000000000014e+00  -2.3842349906093162e-11  -3.6933205253110176e-11
 -8.3000000000000007e+00  -2.3220957080761648e-11  -3.8739592907053196e-11
 -8.2500000000000000e+00  -2.2515860315248921e-11  -4.0598399485866118e-11
 -8.1999999999999993e+00  -2.1724022686111824e-11  -4.2510410393131294e-11
 -8.1499999999999986e+00  -2.0842336009582048e-11  -4.4476396523736499e-11
 -8.1000000000000014e+00  -1.9867620102583483e-11  -4.6497112582156540e-11
 -8.0500000000000007e+00  -1.8796622085419702e-11  -4.8573295314155095e-11
 -8.0000000000000000e+00  -1.7626015730660867e-11  -5.0705661647959662e-11
 -7.9499999999999993e+00  -1.6352400863107406e-11  -5.2894906740765363e-11
 -7.8999999999999986e+00  -1.4972302816088636e-11  -5.5141701926214032e-11
 -7.8500000000000014e+00  -1.3482171949759720e-11  -5.7446692558273704e-11
 -7.8000000000000007e+00  -1.1878383237493780e-11  -5.9810495746709361e-11
 -7.7500000000000000e+00  -1.0157235926934874e-11  -6.2233697979086887e-11
 -7.6999999999999993e+00  -8.3149532827830996e-12  -6.4716852623989527e-11
 -7.6499999999999986e+00  -6.3476824189197306e-12  -6.7260477309846587e-11
 -7.6000000000000014e+00  -4.2514942280610947e-12  -6.9865051173477823e-11
 -7.5500000000000007e+00  -2.0223834177516438e-12  -7.2531011972143255e-11
 -7.5000000000000000e+00   3.4373133782368708e-13  -7.5258753052554576e-11
 -7.4499999999999993e+00   2.8510071200140654e-12  -7.8048620169949669e-11
 -7.3999999999999986e+00   5.5036763508993050e-12  -8.0900908149956569e-11
 -7.3500000000000014e+00   8.3060462297209714e-12  -8.3815857385573047e-11
 -7.3000000000000007e+00   1.1262498007875878e-11  -8.6793650161163417e-11
 -7.2500000000000000e+00   1.4377486088851993e-11  -8.9834406794922648e-11
 -7.1999999999999993e+00   1.7655536938472053e-11  -9.2938181590777765e-11
 -7.1499999999999986e+00   2.1101247789723282e-11  -9.6104958590185472e-11
 -7.1000000000000014e+00   2.4719285125284576e-11  -9.9334647113741414e-11
 -7.0500000000000007e+00   2.8514382919616902e-11  -1.0262707708193743e-10
 -7.0000000000000000e+00   3.2491340621146563e-11  -1.0598199410378675e-10
 -6.9499999999999993e+00   3.6655020853644738e-11  -1.0939905432138071e-10
 -6.8999999999999986e+00   4.1010346814378818e-11  -1.1287781899774093e-10
 -6.8500000000000014e+00   4.5562299344978645e-11  -1.1641774883458490e-10
 -6.8000000000000007e+00   5.0315913649216665e-11  -1.2001819800582756e-10
 -6.7500000000000000e+00   5.5276275630038641e-11  -1.2367840789179484e-10
 -6.6999999999999993e+00   6.0448517816194244e-11  -1.2739750049821864e-10
 -6.6499999999999986e+00   6.5837814846693733e-11  -1.3117447154311940e-10
 -6.6000000000000014e+00   7.1449378479058174e-11  -1.3500818319365030e-10
 -6.5500000000000007e+00   7.7288452084919263e-11  -1.3889735643387935e-10
 -6.5000000000000000e+00   8.3360304593960520e-11  -1.4284056304330889e-10
 -6.4499999999999993e+00   8.9670223844458921e-11  -1.4683621716467971e-10
 -6.3999999999999986e+00   9.6223509295786547e-11  -1.5088256643826471e-10
 -6.3500000000000014e+00   1.0302546405514519e-10  -1.5497768267842708e-10
 -6.3000000000000007e+00   1.1008138616753332e-10  -1.5911945206668540e-10
 -6.2500000000000000e+00   1.1739655911447175e-10  -1.6330556483389411e-10
 -6.1999999999999993e+00   1.2497624146333890e-10  -1.6753350440239697e-10
 -6.1499999999999986e+00   1.3282565560527197e-10  -1.7180053595714322e-10
 -6.1000000000000014e+00   1.4094997551547539e-10  -1.7610369441275510e-10
 -6.0500000000000007e+00   1.4935431346543559e-10  -1.8043977174139870e-10
 -6.0000000000000000e+00   1.5804370561196284e-10  -1.8480530362402241e-10
 -5.9499999999999993e+00   1.6702309638316088e-10  -1.8919655538508301e-10
 -5.8999999999999986e+00   1.7629732157636433e-10  -1.9360950716826508e-10
 -5.8500000000000014e+00   1.8587109007777162e-10  -1.9803983830790345e-10
 -5.8000000000000007e+00   1.9574896410794673e-10  -2.0248291084782936e-10
 -5.7500000000000000e+00   2.0593533789156027e-10  -2.0693375215616764e-10
 -5.6999999999999993e+00   2.1643441464369905e-10  -2.1138703658119680e-10
 -5.6499999999999986e+00   2.2725018175879900e-10  -2.1583706608973915e-10
 -5.6000000000000014e+00   2.3838638408176708e-10  -2.2027774982565211e-10
 -5.5500000000000007e+00   2.4984649513416039e-10  -2.2470258252183644e-10
 -5.5000000000000000e+00   2.6163368616142350e-10  -2.2910462169474441e-10
 -5.4499999999999993e+00   2.7375079286016527e-10  -2.3347646354564482e-10
 -5.3999999999999986e+00   2.8620027963733523e-10  -2.3781021748787050e-10
 -5.3500000000000014e+00   2.9898420124597252e-10  -2.4209747921392040e-10
 -5.3000000000000007e+00   3.1210416163502341e-10  -2.4632930221059821e-10
 -5.2500000000000000e+00   3.2556126984361994e-10  -2.5049616762433476e-10
 -5.1999999999999993e+00   3.3935609276327626e-10  -2.5458795237244521e-10
 -5.1499999999999986e+00   3.5348860458480008e-10  -2.5859389538931190e-10
 -5.1000000000000014e+00   3.6795813274046465e-10  -2.6250256188934985e-10
 -5.0500000000000007e+00   3.8276330014630095e-10  -2.6630180552111079e-10
 -5.0000000000000000e+00   3.9790196354442895e-10  -2.6997872827900835e-10
 -4.9499999999999993e+00   4.1337114774138333e-10  -2.7351963803093031e-10
 -4.8999999999999986e+00   4.2916697553565336e-10  -2.7691000351145044e-10
 -4.8500000000000014e+00   4.4528459312646149e-10  -2.8013440662151220e-10
 -4.8000000000000007e+00   4.6171809079651662e-10  -2.8317649186637090e-10
 -4.7500000000000000e+00   4.7846041866451218e-10  -2.8601891275432301e-10
 -4.6999999999999993e+00   4.9550329730901470e-10  -2.8864327496942095e-10
 -4.6499999999999986e+00   5.1283712307466203e-10  -2.9103007612208508e-10
 -4.6000000000000014e+00   5.3045086788498087e-10  -2.9315864187244201e-10
 -4.5500000000000007e+00   5.4833197340441639e-10  -2.9500705821256602e-10
 -4.5000000000000000e+00   5.6646623941628192e-10  -2.9655209968580333e-10
 -4.4499999999999993e+00   5.8483770631437845e-10  -2.9776915331438474e-10
 -4.3999999999999986e+00   6.0342853164527425e-10  -2.9863213800097169e-10
 -4.3500000000000014e+00   6.2221886068712656e-10  -2.9911341916615500e-10
 -4.3000000000000007e+00   6.4118669111121818e-10  -2.9918371838287180e-10
 -4.2500000000000000e+00   6.6030773184603230e-10  -2.9881201777101871e-10
 -4.1999999999999993e+00   6.7955525635303725e-10  -2.9796545892218330e-10
 -4.1499999999999986e+00   6.9889995063105539e-10  -2.9660923613658910e-10
 -4.1000000000000014e+00   7.1830975639525571e-10  -2.9470648377352112e-10
 -4.0500000000000007e+00   7.3774971003101732e-10  -2.9221815754444469e-10
 -4.0000000000000000e+00   7.5718177810630030e-10  -2.8910290961695086e-10
 -3.9499999999999993e+00   7.7656469044348602e-10  -2.8531695745020760e-10
 -3.8999999999999986e+00   7.9585377200838268e-10  -2.8081394635199014e-10
 -3.8500000000000014e+00   8.1500077517653422e-10  -2.7554480583754742e-10
 -3.8000000000000007e+00   8.3395371429226479e-10  -2.6945759998625823e-10
 -3.7500000000000000e+00   8.5265670485227033e-10  -2.6249737213898866e-10
 -3.6999999999999993e+00   8.7104981013228726e-10  -2.5460598446419915e-10
 -3.6500000000000021e+00   8.8906889864294349e-10  -2.4572195315247290e-10
 -3.6000000000000014e+00   9.0664551646112785e-10  -2.3578028028725867e-10
 -3.5500000000000007e+00   9.2370677924925029e-10  -2.2471228379618602e-10
 -3.5000000000000000e+00   9.4017528966114036e-10  -2.1244542732659598e-10
 -3.4499999999999993e+00   9.5596908685593533e-10  -1.9890315242791838e-10
 -3.4000000000000021e+00   9.7100163601726693e-10  -1.8400471608232801e-10
 -3.3500000000000014e+00   9.8518186712242969e-10  -1.6766503742743749e-10
 -3.3000000000000007e+00   9.9841427374359142e-10  -1.4979455848842375e-10
 -3.2500000000000000e+00   1.0105990844088950e-09  -1.3029912491431312e-10
 -3.1999999999999993e+00   1.0216325210226316e-09  -1.0907989413152755e-10
 -3.1500000000000021e+00   1.0314071610547974e-09  -8.6033280029945107e-11
 -3.1000000000000014e+00   1.0398124226705896e-09  -6.1050945330850358e-11
 -3.0500000000000007e+00   1.0467351946808285e-09  -3.4019855205743977e-11
 -3.0000000000000000e+00   1.0520606361437594e-09  -4.8224085781272090e-12
 -2.9499999999999993e+00   1.0556731736080437e-09   2.6663333091749746e-11
 -2.9000000000000021e+00   1.0574577273014901e-09   6.0563295804977551e-11
 -2.8500000000000014e+00   1.0573012009505945e-09   9.7006893512405437e-11
 -2.8000000000000007e+00   1.0550942732251502e-09   1.3612634557114617e-10
 -2.7500000000000000e+00   1.0507335318398324e-09   1.7805577171860145e-10
 -2.6999999999999993e+00   1.0441239938281554e-09   2.2293001849340457e-10
 -2.6500000000000021e+00   1.0351820570453739e-09   2.7088316378120400e-10
 -2.6000000000000014e+00   1.0238389280350970e-09   3.2204663842026992e-10
 -2.5500000000000007e+00   1.0100445693264296e-09   3.7654689582196558e-10
 -2.5000000000000000e+00   9.9377220413720220e-10   4.3450255275806985e-10
 -2.4499999999999993e+00   9.7502340724389614e-10   4.9602091747018336e-10
 -2.4000000000000021e+00   9.5383379609464890e-10   5.6119381597851086e-10
 -2.3500000000000014e+00   9.3027931449233006e-10   6.3009262518108478e-10
 -2.3000000000000007e+00   9.0448307053853924e-10   7.0276242375544908e-10
 -2.2500000000000000e+00   8.7662264903145022e-10   7.7921518123810498e-10
 -2.1999999999999993e+00   8.4693776416771294e-10   8.5942192477253382e-10
 -2.1500000000000021e+00   8.1573804946841498e-10   9.4330385527375578e-10
 -2.1000000000000014e+00   7.8341069721223807e-10   1.0307224340402961e-09
 -2.0500000000000007e+00   7.5042755937204465e-10   1.1214685313022308e-09
 -2.0000000000000000e+00   7.1735120808601327e-10   1.2152508237978207e-09
 -1.9499999999999993e+00   6.8483933085584170e-10   1.3116837522843086e-09
 -1.9000000000000021e+00   6.5364671262597371e-10   1.4102755029820521e-09
 -1.8500000000000014e+00   6.2462394721165664e-10   1.5104166569388871e-09
 -1.8000000000000007e+00   5.9871194336899709e-10   1.6113703505433568e-09
 -1.7500000000000000e+00   5.7693127095890547e-10   1.7122649940830857e-09
 -1.6999999999999993e+00   5.6036545950519993e-10   1.8120907796401519e-09
 -1.6500000000000021e+00   5.5013754599694077e-10   1.9097013413777631e-09
 -1.6000000000000014e+00   5.4737949860916174e-10   2.0038219683336857e-09
 -1.5500000000000007e+00   5.5319463482939472e-10   2.0930656650881842e-09
 -1.5000000000000000e+00   5.6861380296827470e-10   2.1759580641253346e-09
 -1.4499999999999993e+00   5.9454687251411807e-10   2.2509716832611908e-09
 -1.4000000000000021e+00   6.3173191235091366e-10   2.3165692863472196e-09
 -1.3500000000000014e+00   6.8068522049780077e-10   2.3712551793645127e-09
 -1.3000000000000007e+00   7.4165597020614596e-10   2.4136322395162442e-09
 -1.2500000000000000e+00   8.1458951171979417e-10   2.4424614630989459e-09
 -1.1999999999999993e+00   8.9910319463612035e-10   2.4567199949286108e-09
 -1.1500000000000021e+00   9.9447788588297420e-10   2.4556531410644845e-09
 -1.1000000000000014e+00   1.0996671709384337e-09   2.4388159089851129e-09
 -1.0500000000000007e+00   1.2133246576809938e-09   2.4061002348835645e-09
 -1.0000000000000000e+00   1.3338480581585375e-09   2.3577452151000656e-09
 -9.4999999999999929e-01   1.4594370615184548e-09   2.2943292192021116e-09
 -9.0000000000000213e-01   1.5881606886113666e-09   2.2167445013438634e-09
 -8.5000000000000142e-01   1.7180290352554853e-09   2.1261565800146974e-09
 -8.0000000000000071e-01   1.8470641653424084e-09   2.0239519779379764e-09
 -7.5000000000000000e-01   1.9733653881830561e-09   1.9116787281889473e-09
 -6.9999999999999929e-01   2.0951651203071533e-09   1.7909842868617076e-09
 -6.5000000000000213e-01   2.2108728008636468e-09   1.6635551813112289e-09
 -6.0000000000000142e-01   2.3191056790363665e-09   1.5310619860899326e-09
 -5.5000000000000071e-01   2.4187065496207298e-09   1.3951122246022207e-09
 -5.0000000000000000e-01   2.5087495028470803e-09   1.2572127181147414e-09
 -4.4999999999999929e-01   2.5885354883194732e-09   1.1187418956895281e-09
 -4.0000000000000213e-01   2.6575797951809088e-09   9.8093174031214130e-10
 -3.5000000000000142e-01   2.7155937905441552e-09   8.4485843602723225e-10
 -3.0000000000000071e-01   2.7624628518999955e-09   7.1144039673756761e-10
 -2.5000000000000000e-01   2.7982226984970897e-09   5.8144219494631946e-10
 -1.9999999999999929e-01   2.8230349720464328e-09   4.5548288832436014e-10
 -1.5000000000000213e-01   2.8371644262549975e-09   3.3404738336896996e-10
 -1.0000000000000142e-01   2.8409563233706541e-09   2.1749957871580224e-10
 -5.0000000000000711e-02   2.8348186324001690e-09   1.0609620637870581e-10
  0.0000000000000000e+00   2.8192026535726716e-09   0.0000000000000000e+00
