# Columns: x, u, lamda
# time_step 9000
# time   9.0000000000000000e+01
 -2.5149999999999999e+01   9.8681135934593884e-11  -1.9801848599829789e-14
 -2.5099999999999998e+01   9.8681135934593884e-11  -1.9801848599829789e-14
 -2.5049999999999997e+01   9.8681135934593884e-11  -1.9801848599829789e-14
 -2.5000000000000000e+01   9.8681135934593884e-11  -1.9801848599829789e-14
 -2.4949999999999999e+01   9.8682263966886477e-11  -1.9931230658380809e-14
 -2.4899999999999999e+01   9.8684260396413506e-11  -1.9969096572413756e-14
 -2.4849999999999998e+01   9.8686152325742070e-11  -2.0038436711247992e-14
 -2.4799999999999997e+01   9.8686994435111640e-11  -2.0060310443543755e-14
 -2.4750000000000000e+01   9.8687473643313813e-11  -2.0081856896015651e-14
 -2.4699999999999999e+01   9.8689483953141727e-11  -2.0072685392277060e-14
 -2.4649999999999999e+01   9.8694261666049223e-11  -2.0049878711498326e-14
 -2.4599999999999998e+01   9.8700281874241961e-11  -2.0001466256491949e-14
 -2.4549999999999997e+01   9.8704114456880780e-11  -1.9933158787519841e-14
 -2.4500000000000000e+01   9.8702916466098138e-11  -1.9839940783135885e-14
 -2.4449999999999999e+01   9.8696036635582478e-11  -1.9723250802171057e-14
 -2.4399999999999999e+01   9.8684721114926581e-11  -1.9580599576415359e-14
 -2.4349999999999998e+01   9.8670809538103092e-11  -1.9411826617061331e-14
 -2.4299999999999997e+01   9.8655673408049322e-11  -1.9215338070415323e-14
 -2.4250000000000000e+01   9.8639975842407301e-11  -1.8990364433904753e-14
 -2.4199999999999999e+01   9.8623976461992352e-11  -1.8735608328930157e-14
 -2.4149999999999999e+01   9.8607864678808997e-11  -1.8450053206618296e-14
 -2.4099999999999998e+01   9.8591849159710863e-11  -1.8132480766995378e-14
 -2.4049999999999997e+01   9.8576070503085940e-11  -1.7781758893491964e-14
 -2.4000000000000000e+01   9.8560519330018364e-11  -1.7396670550882333e-14
 -2.3949999999999999e+01   9.8545056431639168e-11  -1.6976015856924788e-14
 -2.3899999999999999e+01   9.8529502797160966e-11  -1.6518551868980652e-14
 -2.3849999999999998e+01   9.8513720839807750e-11  -1.6023028757464142e-14
 -2.3799999999999997e+01   9.8497642553221229e-11  -1.5488168891759130e-14
 -2.3750000000000000e+01   9.8481253880359884e-11  -1.4912679799303811e-14
 -2.3699999999999999e+01   9.8464567274443620e-11  -1.4295247139905062e-14
 -2.3649999999999999e+01   9.8447604022726393e-11  -1.3634539554426967e-14
 -2.3599999999999998e+01   9.8430387993477132e-11  -1.2929206562191243e-14
 -2.3549999999999997e+01   9.8412942897849203e-11  -1.2177880626370443e-14
 -2.3500000000000000e+01   9.8395287864410917e-11  -1.1379176829481992e-14
 -2.3449999999999999e+01   9.8377432445676104e-11  -1.0531694027360631e-14
 -2.3399999999999999e+01   9.8359374628078159e-11  -9.6340152050018960e-15
 -2.3349999999999998e+01   9.8341103293446087e-11  -8.6847083772285425e-15
 -2.3299999999999997e+01   9.8322603387359646e-11  -7.6823272469940164e-15
 -2.3250000000000000e+01   9.8303860824152606e-11  -6.6254120869486838e-15
 -2.3199999999999999e+01   9.8284865193312554e-11  -5.5124905732266940e-15
 -2.3149999999999999e+01   9.8265610109516864e-11  -4.3420787329932735e-15
 -2.3099999999999998e+01   9.8246092146550286e-11  -3.1126819133100769e-15
 -2.3049999999999997e+01   9.8226309384221015e-11  -1.8227958280038391e-15
 -2.3000000000000000e+01   9.8206260160441337e-11  -4.7090765190252565e-16
 -2.2949999999999999e+01   9.8185942214510754e-11   9.4450281691212483e-16
 -2.2899999999999999e+01   9.8165352233702331e-11   2.4249619361777535e-15
 -2.2849999999999998e+01   9.8144485777787055e-11   3.9720009315823774e-15
 -2.2799999999999997e+01   9.8123337517006792e-11   5.5871545439704703e-15
 -2.2750000000000000e+01   9.8101901650023542e-11   7.2719596075802457e-15
 -2.2699999999999999e+01   9.8080172326023036e-11   9.0279535588253227e-15
 -2.2649999999999999e+01   9.8058143925838253e-11   1.0856672873028114e-14
 -2.2599999999999998e+01   9.8035811145682878e-11   1.2759651427768826e-14
 -2.2549999999999997e+01   9.8013168919204752e-11   1.4738418790740448e-14
 -2.2500000000000000e+01   9.7990212263026085e-11   1.6794498430454494e-14
 -2.2449999999999999e+01   9.7966936128405354e-11   1.8929405847840635e-14
 -2.2399999999999999e+01   9.7943335307611518e-11   2.1144646626940778e-14
 -2.2349999999999998e+01   9.7919404405367163e-11   2.3441714402765841e-14
 -2.2299999999999997e+01   9.7895137860002464e-11   2.5822088744470664e-14
 -2.2250000000000000e+01   9.7870529989243449e-11   2.8287232951942128e-14
 -2.2199999999999999e+01   9.7845575037604640e-11   3.0838591763903497e-14
 -2.2149999999999999e+01   9.7820267210178539e-11   3.3477588975677568e-14
 -2.2099999999999998e+01   9.7794600687081302e-11   3.6205624964688822e-14
 -2.2049999999999997e+01   9.7768569620893603e-11   3.9024074121854756e-14
 -2.2000000000000000e+01   9.7742168124355336e-11   4.1934282186967453e-14
 -2.1949999999999999e+01   9.7715390256624540e-11   4.4937563486214872e-14
 -2.1899999999999999e+01   9.7688230014281467e-11   4.8035198069962972e-14
 -2.1849999999999998e+01   9.7660681329540731e-11   5.1228428748952115e-14
 -2.1799999999999997e+01   9.7632738074633024e-11   5.4518458027081889e-14
 -2.1750000000000000e+01   9.7604394069449045e-11   5.7906444928940235e-14
 -2.1699999999999999e+01   9.7575643089428938e-11   6.1393501720299096e-14
 -2.1649999999999999e+01   9.7546478871807870e-11   6.4980690519771748e-14
 -2.1599999999999998e+01   9.7516895119736863e-11   6.8669019799888290e-14
 -2.1549999999999997e+01   9.7486885504802991e-11   7.2459440775858901e-14
 -2.1500000000000000e+01   9.7456443668923578e-11   7.6352843680316936e-14
 -2.1449999999999999e+01   9.7425563226525399e-11   8.0350053922384287e-14
 -2.1399999999999999e+01   9.7394237767587040e-11   8.4451828129407187e-14
 -2.1349999999999998e+01   9.7362460861644975e-11   8.8658850069794263e-14
 -2.1299999999999997e+01   9.7330226062535426e-11   9.2971726455389457e-14
 -2.1250000000000000e+01   9.7297526913560767e-11   9.7390982621872218e-14
 -2.1199999999999999e+01   9.7264356952790382e-11   1.0191705808575060e-13
 -2.1149999999999999e+01   9.7230709718376337e-11   1.0655030197651338e-13
 -2.1099999999999998e+01   9.7196578753878051e-11   1.1129096834263496e-13
 -2.1049999999999997e+01   9.7161957613704376e-11   1.1613921133010723e-13
 -2.1000000000000000e+01   9.7126839868771805e-11   1.2109508023232949e-13
 -2.0949999999999999e+01   9.7091219112491429e-11   1.2615851441014900e-13
 -2.0899999999999999e+01   9.7055088967097044e-11   1.3132933808104387e-13
 -2.0849999999999998e+01   9.7018443090316133e-11   1.3660725497638893e-13
 -2.0799999999999997e+01   9.6981275182364093e-11   1.4199184286593846e-13
 -2.0750000000000000e+01   9.6943578993234511e-11   1.4748254794867733e-13
 -2.0699999999999999e+01   9.6905348330288767e-11   1.5307867910930409e-13
 -2.0649999999999999e+01   9.6866577066115763e-11   1.5877940203973552e-13
 -2.0599999999999998e+01   9.6827259146668071e-11   1.6458373322507425e-13
 -2.0549999999999997e+01   9.6787388599725655e-11   1.7049053379362503e-13
 -2.0500000000000000e+01   9.6746959543711178e-11   1.7649850323065283e-13
 -2.0449999999999999e+01   9.6705966196845727e-11   1.8260617295569519e-13
 -2.0399999999999999e+01   9.6664402886655054e-11   1.8881189976333914e-13
 -2.0349999999999998e+01   9.6622264059813637e-11   1.9511385912756962e-13
 -2.0299999999999997e+01   9.6579544292355329e-11   2.0151003836984359e-13
 -2.0250000000000000e+01   9.6536238300275063e-11   2.0799822969126660e-13
 -2.0199999999999999e+01   9.6492340950497669e-11   2.1457602306936654e-13
 -2.0149999999999999e+01   9.6447847272221099e-11   2.2124079902009002e-13
 -2.0099999999999998e+01   9.6402752468643115e-11   2.2798972122586730e-13
 -2.0049999999999997e+01   9.6357051929093517e-11   2.3481972903069542e-13
 -2.0000000000000000e+01   9.6310741241572226e-11   2.4172752980342939e-13
 -1.9949999999999999e+01   9.6263816205692552e-11   2.4870959117060960e-13
 -1.9899999999999999e+01   9.6216272846064420e-11   2.5576213312034451e-13
 -1.9849999999999998e+01   9.6168107426110759e-11   2.6288111997901826e-13
 -1.9799999999999997e+01   9.6119316462311573e-11   2.7006225226272111e-13
 -1.9750000000000000e+01   9.6069896738877275e-11   2.7730095840559333e-13
 -1.9699999999999999e+01   9.6019845322889438e-11   2.8459238636740185e-13
 -1.9649999999999999e+01   9.5969159579893151e-11   2.9193139512302838e-13
 -1.9599999999999998e+01   9.5917837189951535e-11   2.9931254603663106e-13
 -1.9549999999999997e+01   9.5865876164177462e-11   3.0673009412362876e-13
 -1.9500000000000000e+01   9.5813274861756484e-11   3.1417797920380566e-13
 -1.9449999999999999e+01   9.5760032007451999e-11   3.2164981694918105e-13
 -1.9399999999999999e+01   9.5706146709596084e-11   3.2913888983049001e-13
 -1.9349999999999998e+01   9.5651618478581956e-11   3.3663813796645282e-13
 -1.9299999999999997e+01   9.5596447245864957e-11   3.4414014988027663e-13
 -1.9250000000000000e+01   9.5540633383466609e-11   3.5163715316815261e-13
 -1.9199999999999999e+01   9.5484177724002074e-11   3.5912100508478415e-13
 -1.9149999999999999e+01   9.5427081581242680e-11   3.6658318305135240e-13
 -1.9099999999999998e+01   9.5369346771215330e-11   3.7401477509161179e-13
 -1.9049999999999997e+01   9.5310975633835590e-11   3.8140647020217162e-13
 -1.9000000000000000e+01   9.5251971055077331e-11   3.8874854866335050e-13
 -1.8949999999999999e+01   9.5192336489679640e-11   3.9603087229737676e-13
 -1.8899999999999999e+01   9.5132075984407201e-11   4.0324287468104155e-13
 -1.8849999999999998e+01   9.5071194201876045e-11   4.1037355132032437e-13
 -1.8799999999999997e+01   9.5009696444939387e-11   4.1741144979488598e-13
 -1.8750000000000000e+01   9.4947588681631808e-11   4.2434465988072315e-13
 -1.8699999999999999e+01   9.4884877570675605e-11   4.3116080365971094e-13
 -1.8649999999999999e+01   9.4821570487573008e-11   4.3784702562514437e-13
 -1.8599999999999998e+01   9.4757675551283605e-11   4.4438998279287897e-13
 -1.8549999999999997e+01   9.4693201651468972e-11   4.5077583482807611e-13
 -1.8500000000000000e+01   9.4628158476305328e-11   4.5699023419802363e-13
 -1.8449999999999999e+01   9.4562556540875938e-11   4.6301831636198593e-13
 -1.8399999999999999e+01   9.4496407216149322e-11   4.6884469000950627e-13
 -1.8349999999999998e+01   9.4429722758542288e-11   4.7445342735908631e-13
 -1.8299999999999997e+01   9.4362516340068002e-11   4.7982805452966574e-13
 -1.8250000000000000e+01   9.4294802079074354e-11   4.8495154199783875e-13
 -1.8199999999999999e+01   9.4226595071566891e-11   4.8980629515428933e-13
 -1.8149999999999999e+01   9.4157911423102590e-11   4.9437414497345396e-13
 -1.8099999999999998e+01   9.4088768281250140e-11   4.9863633881098029e-13
 -1.8049999999999997e+01   9.4019183868632600e-11   5.0257353134410024e-13
 -1.8000000000000000e+01   9.3949177516554472e-11   5.0616577567066055e-13
 -1.7949999999999999e+01   9.3878769699212486e-11   5.0939251458306449e-13
 -1.7899999999999999e+01   9.3807982068456623e-11   5.1223257203409918e-13
 -1.7849999999999998e+01   9.3736837489101874e-11   5.1466414481208862e-13
 -1.7799999999999997e+01   9.3665360074797388e-11   5.1666479444359103e-13
 -1.7750000000000000e+01   9.3593575224451904e-11   5.1821143934239981e-13
 -1.7699999999999999e+01   9.3521509659215284e-11   5.1928034722428275e-13
 -1.7649999999999999e+01   9.3449191459982268e-11   5.1984712780761883e-13
 -1.7600000000000001e+01   9.3376650105403913e-11   5.1988672582066580e-13
 -1.7549999999999997e+01   9.3303916510408167e-11   5.1937341433698930e-13
 -1.7500000000000000e+01   9.3231023065237305e-11   5.1828078846120734e-13
 -1.7449999999999999e+01   9.3158003674988487e-11   5.1658175938799125e-13
 -1.7399999999999999e+01   9.3084893799635321e-11   5.1424854885791896e-13
 -1.7350000000000001e+01   9.3011730494494129e-11   5.1125268403461114e-13
 -1.7299999999999997e+01   9.2938552451131028e-11   5.0756499282822572e-13
 -1.7250000000000000e+01   9.2865400038713609e-11   5.0315559969126113e-13
 -1.7199999999999999e+01   9.2792315345794915e-11   4.9799392191332266e-13
 -1.7149999999999999e+01   9.2719342222498594e-11   4.9204866644234113e-13
 -1.7100000000000001e+01   9.2646526323073375e-11   4.8528782726051831e-13
 -1.7049999999999997e+01   9.2573915148799182e-11   4.7767868334409889e-13
 -1.7000000000000000e+01   9.2501558091241225e-11   4.6918779723686838e-13
 -1.6949999999999999e+01   9.2429506475813840e-11   4.5978101426819576e-13
 -1.6899999999999999e+01   9.2357813605623984e-11   4.4942346244718504e-13
 -1.6850000000000001e+01   9.2286534805586469e-11   4.3807955306544025e-13
 -1.6799999999999997e+01   9.2215727466791553e-11   4.2571298204179760e-13
 -1.6750000000000000e+01   9.2145451091081624e-11   4.1228673204327331e-13
 -1.6699999999999999e+01   9.2075767335797355e-11   3.9776307541735520e-13
 -1.6649999999999999e+01   9.2006740058668476e-11   3.8210357797168215e-13
 -1.6600000000000001e+01   9.1938435362817872e-11   3.6526910363809811e-13
 -1.6549999999999997e+01   9.1870921641852344e-11   3.4721982005893512e-13
 -1.6500000000000000e+01   9.1804269624992892e-11   3.2791520513440274e-13
 -1.6449999999999999e+01   9.1738552422204076e-11   3.0731405457082214e-13
 -1.6399999999999999e+01   9.1673845569295394e-11   2.8537449047045964e-13
 -1.6350000000000001e+01   9.1610227072958922e-11   2.6205397100465024e-13
 -1.6299999999999997e+01   9.1547777455679323e-11   2.3730930121290853e-13
 -1.6250000000000000e+01   9.1486579800468412e-11   2.1109664497164869e-13
 -1.6199999999999999e+01   9.1426719795385587e-11   1.8337153817719289e-13
 -1.6149999999999999e+01   9.1368285777805015e-11   1.5408890318868768e-13
 -1.6100000000000001e+01   9.1311368778371289e-11   1.2320306457760824e-13
 -1.6049999999999997e+01   9.1256062564591421e-11   9.0667766231471699e-14
 -1.6000000000000000e+01   9.1202463684003971e-11   5.6436189860475208e-14
 -1.5949999999999999e+01   9.1150671506863576e-11   2.0460974956734072e-14
 -1.5899999999999999e+01   9.1100788268288862e-11  -1.7305759743146199e-14
 -1.5850000000000000e+01   9.1052919109813005e-11  -5.6912393240402368e-14
 -1.5799999999999999e+01   9.1007172120265819e-11  -9.8407777648555730e-14
 -1.5750000000000000e+01   9.0963658375920094e-11  -1.4184121190613468e-13
 -1.5699999999999999e+01   9.0922491979837549e-11  -1.8726241377279906e-13
 -1.5649999999999999e+01   9.0883790100344974e-11  -2.3472149005294835e-13
 -1.5600000000000000e+01   9.0847673008561445e-11  -2.8426890498984399e-13
 -1.5549999999999999e+01   9.0814264114902121e-11  -3.3595544677224842e-13
 -1.5500000000000000e+01   9.0783690004476540e-11  -3.8983219209451036e-13
 -1.5449999999999999e+01   9.0756080471296420e-11  -4.4595046871000604e-13
 -1.5399999999999999e+01   9.0731568551212578e-11  -5.0436181591678808e-13
 -1.5350000000000000e+01   9.0710290553499792e-11  -5.6511794291326020e-13
 -1.5299999999999999e+01   9.0692386090991115e-11  -6.2827068496064569e-13
 -1.5250000000000000e+01   9.0677998108667116e-11  -6.9387195728800642e-13
 -1.5199999999999999e+01   9.0667272910603093e-11  -7.6197370667451304e-13
 -1.5149999999999999e+01   9.0660360185170934e-11  -8.3262786064266573e-13
 -1.5100000000000000e+01   9.0657413028397769e-11  -9.0588627419513323e-13
 -1.5049999999999999e+01   9.0658587965384326e-11  -9.8180067402687926e-13
 -1.5000000000000000e+01   9.0664044969670533e-11  -1.0604226001432351e-12
 -1.4949999999999999e+01   9.0673947480424567e-11  -1.1418033448135963e-12
 -1.4899999999999999e+01   9.0688462417341457e-11  -1.2259938887894340e-12
 -1.4850000000000000e+01   9.0707760193133802e-11  -1.3130448347143421e-12
 -1.4799999999999999e+01   9.0732014723493192e-11  -1.4030063376528988e-12
 -1.4750000000000000e+01   9.0761403434404840e-11  -1.4959280326641555e-12
 -1.4699999999999999e+01   9.0796107266673977e-11  -1.5918589593446669e-12
 -1.4649999999999999e+01   9.0836310677530414e-11  -1.6908474832650441e-12
 -1.4600000000000000e+01   9.0882201639181612e-11  -1.7929412142231274e-12
 -1.4549999999999999e+01   9.0933971634166406e-11  -1.8981869212360118e-12
 -1.4500000000000000e+01   9.0991815647364751e-11  -2.0066304441922799e-12
 -1.4449999999999999e+01   9.1055932154509827e-11  -2.1183166020849958e-12
 -1.4400000000000000e+01   9.1126523107052166e-11  -2.2332890977451807e-12
 -1.4350000000000000e+01   9.1203793913228481e-11  -2.3515904189947006e-12
 -1.4299999999999999e+01   9.1287953415169888e-11  -2.4732617361367749e-12
 -1.4250000000000000e+01   9.1379213861878335e-11  -2.5983427957015309e-12
 -1.4199999999999999e+01   9.1477790877894378e-11  -2.7268718103633593e-12
 -1.4150000000000000e+01   9.1583903427484956e-11  -2.8588853449461465e-12
 -1.4100000000000000e+01   9.1697773774181772e-11  -2.9944181984317975e-12
 -1.4049999999999999e+01   9.1819627435487610e-11  -3.1335032818868846e-12
 -1.4000000000000000e+01   9.1949693132556546e-11  -3.2761714922216493e-12
 -1.3949999999999999e+01   9.2088202734649008e-11  -3.4224515816950851e-12
 -1.3900000000000000e+01   9.2235391198164717e-11  -3.5723700230792778e-12
 -1.3850000000000000e+01   9.2391496500055419e-11  -3.7259508703957713e-12
 -1.3799999999999999e+01   9.2556759565411073e-11  -3.8832156151362755e-12
 -1.3750000000000000e+01   9.2731424189006396e-11  -4.0441830378796682e-12
 -1.3699999999999999e+01   9.2915736950585899e-11  -4.2088690552169157e-12
 -1.3650000000000000e+01   9.3109947123662032e-11  -4.3772865618952452e-12
 -1.3600000000000000e+01   9.3314306577600036e-11  -4.5494452680926819e-12
 -1.3549999999999999e+01   9.3529069672759574e-11  -4.7253515317338766e-12
 -1.3500000000000000e+01   9.3754493148456859e-11  -4.9050081857579706e-12
 -1.3449999999999999e+01   9.3990836003488293e-11  -5.0884143602493189e-12
 -1.3400000000000000e+01   9.4238359368964964e-11  -5.2755652993416555e-12
 -1.3350000000000000e+01   9.4497326373206745e-11  -5.4664521728065307e-12
 -1.3299999999999999e+01   9.4768001998436250e-11  -5.6610618822368137e-12
 -1.3250000000000000e+01   9.5050652929001866e-11  -5.8593768617363134e-12
 -1.3199999999999999e+01   9.5345547390850756e-11  -6.0613748730267340e-12
 -1.3150000000000000e+01   9.5652954981970507e-11  -6.2670287948835288e-12
 -1.3100000000000000e+01   9.5973146493511243e-11  -6.4763064068125620e-12
 -1.3049999999999999e+01   9.6306393721294198e-11  -6.6891701668799532e-12
 -1.3000000000000000e+01   9.6652969267403774e-11  -6.9055769836079941e-12
 -1.2949999999999999e+01   9.7013146331556417e-11  -7.1254779818505783e-12
 -1.2900000000000000e+01   9.7387198491930318e-11  -7.3488182625623390e-12
 -1.2850000000000000e+01   9.7775399475133278e-11  -7.5755366563763847e-12
 -1.2799999999999999e+01   9.8178022914979695e-11  -7.8055654709064351e-12
 -1.2750000000000000e+01   9.8595342099740030e-11  -8.0388302316900071e-12
 -1.2699999999999999e+01   9.9027629707517099e-11  -8.2752494166903968e-12
 -1.2650000000000000e+01   9.9475157529394937e-11  -8.5147341842762829e-12
 -1.2600000000000000e+01   9.9938196180000962e-11  -8.7571880945990028e-12
 -1.2549999999999999e+01   1.0041701479511012e-10  -9.0025068242889025e-12
 -1.2500000000000000e+01   1.0091188071591631e-10  -9.2505778743934605e-12
 -1.2449999999999999e+01   1.0142305915958790e-10  -9.5012802714815479e-12
 -1.2400000000000000e+01   1.0195081287571216e-10  -9.7544842618397567e-12
 -1.2350000000000000e+01   1.0249540178822866e-10  -1.0010050998688397e-11
 -1.2299999999999999e+01   1.0305708262243652e-10  -1.0267832222346777e-11
 -1.2250000000000000e+01   1.0363610851665482e-10  -1.0527669933279186e-11
 -1.2199999999999999e+01   1.0423272861810482e-10  -1.0789396057955186e-11
 -1.2150000000000000e+01   1.0484718766257056e-10  -1.1052832107460049e-11
 -1.2100000000000000e+01   1.0547972553739144e-10  -1.1317788828793441e-11
 -1.2049999999999999e+01   1.0613057682732645e-10  -1.1584065848796995e-11
 -1.2000000000000000e+01   1.0679997034281830e-10  -1.1851451310654045e-11
 -1.1949999999999999e+01   1.0748812863017938e-10  -1.2119721502907462e-11
 -1.1900000000000000e+01   1.0819526746320642e-10  -1.2388640480944522e-11
 -1.1850000000000000e+01   1.0892159531571758e-10  -1.2657959680900685e-11
 -1.1799999999999999e+01   1.0966731281448924e-10  -1.2927417525937482e-11
 -1.1750000000000000e+01   1.1043261217206614e-10  -1.3196739024852882e-11
 -1.1699999999999999e+01   1.1121767659890904e-10  -1.3465635362986203e-11
 -1.1650000000000000e+01   1.1202267969432973e-10  -1.3733803485383168e-11
 -1.1600000000000000e+01   1.1284778481564942e-10  -1.4000925672190593e-11
 -1.1549999999999999e+01   1.1369314442499822e-10  -1.4266669106254251e-11
 -1.1500000000000000e+01   1.1455889941316066e-10  -1.4530685432897558e-11
 -1.1449999999999999e+01   1.1544517839985755e-10  -1.4792610311863194e-11
 -1.1400000000000000e+01   1.1635209700984053e-10  -1.5052062961404300e-11
 -1.1350000000000000e+01   1.1727975712416797e-10  -1.5308645694516568e-11
 -1.1299999999999999e+01   1.1822824610601115e-10  -1.5561943447307745e-11
 -1.1250000000000000e+01   1.1919763600032314e-10  -1.5811523299505888e-11
 -1.1199999999999999e+01   1.2018798270668339e-10  -1.6056933987113387e-11
 -1.1150000000000000e+01   1.2119932512461341e-10  -1.6297705407219227e-11
 -1.1100000000000000e+01   1.2223168427064152e-10  -1.6533348114987786e-11
 -1.1049999999999999e+01   1.2328506236637913e-10  -1.6763352812848537e-11
 -1.1000000000000000e+01   1.2435944189685593e-10  -1.6987189831917320e-11
 -1.0949999999999999e+01   1.2545478463834082e-10  -1.7204308605686352e-11
 -1.0900000000000000e+01   1.2657103065485081e-10  -1.7414137136027039e-11
 -1.0850000000000000e+01   1.2770809726253053e-10  -1.7616081451556484e-11
 -1.0799999999999999e+01   1.2886587796106309e-10  -1.7809525058426185e-11
 -1.0750000000000000e+01   1.3004424133125115e-10  -1.7993828383598835e-11
 -1.0699999999999999e+01   1.3124302989788678e-10  -1.8168328210686965e-11
 -1.0650000000000000e+01   1.3246205895700360e-10  -1.8332337108435738e-11
 -1.0600000000000000e+01   1.3370111536658395e-10  -1.8485142851940115e-11
 -1.0549999999999999e+01   1.3495995629976464e-10  -1.8626007836696065e-11
 -1.0500000000000000e+01   1.3623830795956058e-10  -1.8754168485593993e-11
 -1.0449999999999999e+01   1.3753586425409651e-10  -1.8868834648972716e-11
 -1.0400000000000000e+01   1.3885228543130855e-10  -1.8969188997861619e-11
 -1.0350000000000000e+01   1.4018719667205332e-10  -1.9054386410549070e-11
 -1.0299999999999999e+01   1.4154018664053044e-10  -1.9123553352625864e-11
 -1.0250000000000000e+01   1.4291080599089555e-10  -1.9175787250663271e-11
 -1.0199999999999999e+01   1.4429856582890846e-10  -1.9210155859696759e-11
 -1.0150000000000000e+01   1.4570293612742424e-10  -1.9225696624698325e-11
 -1.0100000000000000e+01   1.4712334409450357e-10  -1.9221416036232555e-11
 -1.0050000000000001e+01   1.4855917249288528e-10  -1.9196288980504373e-11
 -1.0000000000000000e+01   1.5000975790952814e-10  -1.9149258084019676e-11
 -9.9499999999999993e+00   1.5147438897389285e-10  -1.9079233053093670e-11
 -9.9000000000000004e+00   1.5295230452359769e-10  -1.8985090008456122e-11
 -9.8499999999999996e+00   1.5444269171604176e-10  -1.8865670815217429e-11
 -9.8000000000000007e+00   1.5594468408454212e-10  -1.8719782408474987e-11
 -9.7500000000000000e+00   1.5745735953749193e-10  -1.8546196114854937e-11
 -9.6999999999999993e+00   1.5897973829900865e-10  -1.8343646970301424e-11
 -9.6500000000000004e+00   1.6051078078949706e-10  -1.8110833034442446e-11
 -9.5999999999999996e+00   1.6204938544450220e-10  -1.7846414701879519e-11
 -9.5500000000000007e+00   1.6359438647018061e-10  -1.7549014010766786e-11
 -9.5000000000000000e+00   1.6514455153367086e-10  -1.7217213949064894e-11
 -9.4499999999999993e+00   1.6669857938659640e-10  -1.6849557758875057e-11
 -9.4000000000000004e+00   1.6825509741988396e-10  -1.6444548239279669e-11
 -9.3499999999999996e+00   1.6981265914802756e-10  -1.6000647048137858e-11
 -9.3000000000000007e+00   1.7136974162087492e-10  -1.5516274003307132e-11
 -9.2500000000000000e+00   1.7292474276095865e-10  -1.4989806383786009e-11
 -9.1999999999999993e+00   1.7447597862433726e-10  -1.4419578231297431e-11
 -9.1500000000000004e+00   1.7602168058285642e-10  -1.3803879652858422e-11
 -9.1000000000000014e+00   1.7755999242568532e-10  -1.3140956124908617e-11
 -9.0500000000000007e+00   1.7908896737792709e-10  -1.2429007799598301e-11
 -9.0000000000000000e+00   1.8060656503403919e-10  -1.1666188813866029e-11
 -8.9499999999999993e+00   1.8211064820374192e-10  -1.0850606601966751e-11
 -8.8999999999999986e+00   1.8359897966803383e-10  -9.9803212121431070e-12
 -8.8500000000000014e+00   1.8506921884287369e-10  -9.0533446281665004e-12
 -8.8000000000000007e+00   1.8651891834802316e-10  -8.0676400965094858e-12
 -8.7500000000000000e+00   1.8794552047848778e-10  -7.0211214599476336e-12
 -8.6999999999999993e+00   1.8934635357593314e-10  -5.9116524984277603e-12
 -8.6499999999999986e+00   1.9071862829739648e-10  -4.7370462780794761e-12
 -8.6000000000000014e+00   1.9205943377855535e-10  -3.4950645092893227e-12
 -8.5500000000000007e+00   1.9336573368875903e-10  -2.1834169148010325e-12
 -8.5000000000000000e+00   1.9463436217496938e-10  -7.9976060885189860e-13
 -8.4499999999999993e+00   1.9586201969170670e-10   6.5830051159605984e-13
 -8.3999999999999986e+00   1.9704526871404597e-10   2.1932163624202443e-12
 -8.3500000000000014e+00   1.9818052933066377e-10   3.8074912535332926e-12
 -8.3000000000000007e+00   1.9926407471389363e-10   5.5036844544904141e-12
 -8.2500000000000000e+00   2.0029202646370722e-10   7.2844107432286992e-12
 -8.1999999999999993e+00   2.0126034982250658e-10   9.1523409365963503e-12
 -8.1499999999999986e+00   2.0216484875758694e-10   1.1110202401263990e-11
 -8.1000000000000014e+00   2.0300116090811149e-10   1.3160779543541004e-11
 -8.0500000000000007e+00   2.0376475239342817e-10   1.5306914276546805e-11
 -8.0000000000000000e+00   2.0445091247955621e-10   1.7551506463110101e-11
 -7.9499999999999993e+00   2.0505474810068293e-10   1.9897514332688055e-11
 -7.8999999999999986e+00   2.0557117823253008e-10   2.2347954870511885e-11
 -7.8500000000000014e+00   2.0599492811448640e-10   2.4905904177074869e-11
 -7.8000000000000007e+00   2.0632052331745575e-10   2.7574497795983644e-11
 -7.7500000000000000e+00   2.0654228365443922e-10   3.0356931008092849e-11
 -7.6999999999999993e+00   2.0665431693095788e-10   3.3256459089736819e-11
 -7.6499999999999986e+00   2.0665051253253455e-10   3.6276397532759494e-11
 -7.6000000000000014e+00   2.0652453484658968e-10   3.9420122223924710e-11
 -7.5500000000000007e+00   2.0626981651626919e-10   4.2691069581162972e-11
 -7.5000000000000000e+00   2.0587955152391547e-10   4.6092736643977796e-11
 -7.4499999999999993e+00   2.0534668810212162e-10   4.9628681115193096e-11
 -7.3999999999999986e+00   2.0466392147057194e-10   5.3302521351073909e-11
 -7.3500000000000014e+00   2.0382368639718136e-10   5.7117936296693817e-11
 -7.3000000000000007e+00   2.0281814958239723e-10   6.1078665363254449e-11
 -7.2500000000000000e+00   2.0163920186593086e-10   6.5188508243884292e-11
 -7.1999999999999993e+00   2.0027845025564599e-10   6.9451324664254277e-11
 -7.1499999999999986e+00   1.9872720977885306e-10   7.3871034064146785e-11
 -7.1000000000000014e+00   1.9697649515684629e-10   7.8451615205901804e-11
 -7.0500000000000007e+00   1.9501701230418587e-10   8.3197105705436077e-11
 -7.0000000000000000e+00   1.9283914965497132e-10   8.8111601481291375e-11
 -6.9499999999999993e+00   1.9043296931919081e-10   9.3199256116910201e-11
 -6.8999999999999986e+00   1.8778819807316463e-10   9.8464280131065958e-11
 -6.8500000000000014e+00   1.8489421818914466e-10   1.0391094015108355e-10
 -6.8000000000000007e+00   1.8174005811029379e-10   1.0954355798317754e-10
 -6.7500000000000000e+00   1.7831438297856259e-10   1.1536650957390639e-10
 -6.6999999999999993e+00   1.7460548502441292e-10   1.2138422385639008e-10
 -6.6499999999999986e+00   1.7060127382892797e-10   1.2760118147456565e-10
 -6.6000000000000014e+00   1.6628926647060849e-10   1.3402191337835591e-10
 -6.5500000000000007e+00   1.6165657757109821e-10   1.4065099928220222e-10
 -6.5000000000000000e+00   1.5668990925622733e-10   1.4749306597895761e-10
 -6.4499999999999993e+00   1.5137554105112840e-10   1.5455278550065422e-10
 -6.3999999999999986e+00   1.4569931973078623e-10   1.6183487311713985e-10
 -6.3500000000000014e+00   1.3964664915025054e-10   1.6934408516302717e-10
 -6.3000000000000007e+00   1.3320248008188933e-10   1.7708521668280703e-10
 -6.2500000000000000e+00   1.2635130009052128e-10   1.8506309888334749e-10
 -6.1999999999999993e+00   1.1907712348106156e-10   1.9328259638232213e-10
 -6.1499999999999986e+00   1.1136348135747471e-10   2.0174860424038887e-10
 -6.1000000000000014e+00   1.0319341183638278e-10   2.1046604476416544e-10
 -6.0500000000000007e+00   9.4549450463664194e-11   2.1943986406621720e-10
 -6.0000000000000000e+00   8.5413620887826382e-11   2.2867502836738201e-10
 -5.9499999999999993e+00   7.5767425849891393e-11   2.3817652002580442e-10
 -5.8999999999999986e+00   6.5591838556034444e-11   2.4794933327602407e-10
 -5.8500000000000014e+00   5.4867294506307103e-11   2.5799846966036615e-10
 -5.8000000000000007e+00   4.3573683860510302e-11   2.6832893313369686e-10
 -5.7500000000000000e+00   3.1690344430704189e-11   2.7894572482133952e-10
 -5.6999999999999993e+00   1.9196055399013128e-11   2.8985383740857893e-10
 -5.6499999999999986e+00   6.0690318693630847e-12   3.0105824913871225e-10
 -5.6000000000000014e+00  -7.7130796273625263e-12   3.1256391739501918e-10
 -5.5500000000000007e+00  -2.2173204543476414e-11   3.2437577184032063e-10
 -5.5000000000000000e+00  -3.7334842495876035e-11   3.3649870708595511e-10
 -5.4499999999999993e+00  -5.3222068060699104e-11   3.4893757486001285e-10
 -5.3999999999999986e+00  -6.9859530008215136e-11   3.6169717564252881e-10
 -5.3500000000000014e+00  -8.7272448788592912e-11   3.7478224973301620e-10
 -5.3000000000000007e+00  -1.0548661206149639e-10   3.8819746771321795e-10
 -5.2500000000000000e+00  -1.2452836804331629e-10   4.0194742026524144e-10
 -5.1999999999999993e+00  -1.4442461642513398e-10   4.1603660730230505e-10
 -5.1499999999999986e+00  -1.6520279659212609e-10   4.3046942636614284e-10
 -5.1000000000000014e+00  -1.8689087285092941e-10   4.4525016024165940e-10
 -5.0500000000000007e+00  -2.0951731634536904e-10   4.6038296373567469e-10
 -5.0000000000000000e+00  -2.3311108331278229e-10   4.7587184956252506e-10
 -4.9499999999999993e+00  -2.5770158930279464e-10   4.9172067327485242e-10
 -4.8999999999999986e+00  -2.8331867894767961e-10   5.0793311717308406e-10
 -4.8500000000000014e+00  -3.0999259083821281e-10   5.2451267312184724e-10
 -4.8000000000000007e+00  -3.3775391702103991e-10   5.4146262419582475e-10
 -4.7500000000000000e+00  -3.6663355659285933e-10   5.5878602507128887e-10
 -4.6999999999999993e+00  -3.9666266282299973e-10   5.7648568107270656e-10
 -4.6499999999999986e+00  -4.2787258318907083e-10   5.9456412577631669e-10
 -4.6000000000000014e+00  -4.6029479166010672e-10   6.1302359706437874e-10
 -4.5500000000000007e+00  -4.9396081250782365e-10   6.3186601151480512e-10
 -4.5000000000000000e+00  -5.2890213486909123e-10   6.5109293700102385e-10
 -4.4499999999999993e+00  -5.6515011722130777e-10   6.7070556336609851e-10
 -4.3999999999999986e+00  -6.0273588086688143e-10   6.9070467102322317e-10
 -4.3500000000000014e+00  -6.4169019145332749e-10   7.1109059732163442e-10
 -4.3000000000000007e+00  -6.8204332748142198e-10   7.3186320050256711e-10
 -4.2500000000000000e+00  -7.2382493467532691e-10   7.5302182105401721e-10
 -4.1999999999999993e+00  -7.6706386500552183e-10   7.7456524025558096e-10
 -4.1499999999999986e+00  -8.1178799906770482e-10   7.9649163568534349e-10
 -4.1000000000000014e+00  -8.5802405042863750e-10   8.1879853343950753e-10
 -4.0500000000000007e+00  -9.0579735045325392e-10   8.4148275679194519e-10
 -4.0000000000000000e+00  -9.5513161202649626e-10   8.6454037099491742e-10
 -3.9499999999999993e+00  -1.0060486704786058e-09   8.8796662389355323e-10
 -3.8999999999999986e+00  -1.0585681999145043e-09   9.1175588199506060e-10
 -3.8500000000000014e+00  -1.1127074030371530e-09   9.3590156159874756e-10
 -3.8000000000000007e+00  -1.1684806724424040e-09   9.6039605455445345e-10
 -3.7500000000000000e+00  -1.2258992212501012e-09   9.8523064817461372e-10
 -3.6999999999999993e+00  -1.2849706808248437e-09   1.0103954387785662e-09
 -3.6500000000000021e+00  -1.3456986632320526e-09   1.0358792382965475e-09
 -3.6000000000000014e+00  -1.4080822859737251e-09   1.0616694733048229e-09
 -3.5500000000000007e+00  -1.4721156564570278e-09   1.0877520758022702e-09
 -3.5000000000000000e+00  -1.5377873135724280e-09   1.1141113649723612e-09
 -3.4499999999999993e+00  -1.6050796237020313e-09   1.1407299191027689e-09
 -3.4000000000000021e+00  -1.6739681284504917e-09   1.1675884367578964e-09
 -3.3500000000000014e+00  -1.7444208413992549e-09   1.1946655862178920e-09
 -3.3000000000000007e+00  -1.8163974912411682e-09   1.2219378421119035e-09
 -3.2500000000000000e+00  -1.8898487087704265e-09   1.2493793080846955e-09
 -3.1999999999999993e+00  -1.9647151553993771e-09   1.2769615242462653e-09
 -3.1500000000000021e+00  -2.0409265911697511e-09   1.3046532580666209e-09
 -3.1000000000000014e+00  -2.1184008806467227e-09   1.3324202772965569e-09
 -3.0500000000000007e+00  -2.1970429356608181e-09   1.3602251034258389e-09
 -3.0000000000000000e+00  -2.2767435946322712e-09   1.3880267441406663e-09
 -2.9499999999999993e+00  -2.3573784392199224e-09   1.4157804032233111e-09
 -2.9000000000000021e+00  -2.4388065503356371e-09   1.4434371663628456e-09
 -2.8500000000000014e+00  -2.5208692072188403e-09   1.4709436614358493e-09
 -2.8000000000000007e+00  -2.6033885353485071e-09   1.4982416919947054e-09
 -2.7500000000000000e+00  -2.6861661115677669e-09   1.5252678430007432e-09
 -2.6999999999999993e+00  -2.7689815380075199e-09   1.5519530583010002e-09
 -2.6500000000000021e+00  -2.8515910003298899e-09   1.5782221900227437e-09
 -2.6000000000000014e+00  -2.9337258305899127e-09   1.6039935210137331e-09
 -2.5500000000000007e+00  -3.0150911007604967e-09   1.6291782627679703e-09
 -2.5000000000000000e+00  -3.0953642798070250e-09   1.6536800330421556e-09
 -2.4499999999999993e+00  -3.1741939952483311e-09   1.6773943197000479e-09
 -2.4000000000000021e+00  -3.2511989494870891e-09   1.7002079403496019e-09
 -2.3500000000000014e+00  -3.3259670518708478e-09   1.7219985112030817e-09
 -2.3000000000000007e+00  -3.3980548394066190e-09   1.7426339434406710e-09
 -2.2500000000000000e+00  -3.4669872721214046e-09   1.7619719913325055e-09
 -2.1999999999999993e+00  -3.5322580028778062e-09   1.7798598835810266e-09
 -2.1500000000000021e+00  -3.5933302354034304e-09   1.7961340778296725e-09
 -2.1000000000000014e+00  -3.6496382974272761e-09   1.8106201879777586e-09
 -2.0500000000000007e+00  -3.7005900667687952e-09   1.8231331446009827e-09
 -2.0000000000000000e+00  -3.7455703951322427e-09   1.8334776599010345e-09
 -1.9499999999999993e+00  -3.7839456748084959e-09   1.8414490793423351e-09
 -1.9000000000000021e+00  -3.8150696845237465e-09   1.8468347111747766e-09
 -1.8500000000000014e+00  -3.8382908289021913e-09   1.8494157305507877e-09
 -1.8000000000000007e+00  -3.8529608478356445e-09   1.8489697545169233e-09
 -1.7500000000000000e+00  -3.8584450141297695e-09   1.8452741748764205e-09
 -1.6999999999999993e+00  -3.8541337576956101e-09   1.8381103145554186e-09
 -1.6500000000000021e+00  -3.8394555516697841e-09   1.8272684365432386e-09
 -1.6000000000000014e+00  -3.8138907724634885e-09   1.8125535803620335e-09
 -1.5500000000000007e+00  -3.7769861081132151e-09   1.7937921286624153e-09
 -1.5000000000000000e+00  -3.7283689484584766e-09   1.7708389179605779e-09
 -1.4499999999999993e+00  -3.6677610625494897e-09   1.7435846084545300e-09
 -1.4000000000000021e+00  -3.5949907732508423e-09   1.7119629283202398e-09
 -1.3500000000000014e+00  -3.5100027979510746e-09   1.6759573220590626e-09
 -1.3000000000000007e+00  -3.4128649573622657e-09   1.6356064772902735e-09
 -1.2500000000000000e+00  -3.3037710747408534e-09   1.5910081968966381e-09
 -1.1999999999999993e+00  -3.1830395973321073e-09   1.5423211369864235e-09
 -1.1500000000000021e+00  -3.0511077576501864e-09   1.4897640512426098e-09
 -1.1000000000000014e+00  -2.9085214263379818e-09   1.4336123632245925e-09
 -1.0500000000000007e+00  -2.7559211506241236e-09   1.3741921120079634e-09
 -1.0000000000000000e+00  -2.5940251771144901e-09   1.3118715545592316e-09
 -9.4999999999999929e-01  -2.4236104824420768e-09   1.2470509261710154e-09
 -9.0000000000000213e-01  -2.2454929500385710e-09   1.1801510252328962e-09
 -8.5000000000000142e-01  -2.0605078240663117e-09   1.1116013762671691e-09
 -8.0000000000000071e-01  -1.8694914512856504e-09   1.0418287250271583e-09
 -7.5000000000000000e-01  -1.6732651133806161e-09   9.7124653665757389e-10
 -6.9999999999999929e-01  -1.4726214944867605e-09   9.0024602102609513e-10
 -6.5000000000000213e-01  -1.2683140565875456e-09   8.2918902540340700e-10
 -6.0000000000000142e-01  -1.0610493510759752e-09   7.5840294262550575e-10
 -5.5000000000000071e-01  -8.5148208653189106e-10   6.8817760828315190e-10
 -5.0000000000000000e-01  -6.4021264330967224e-10   6.1876402063376827e-10
 -4.4999999999999929e-01  -4.2778661839101471e-10   5.5037462158735922e-10
 -4.0000000000000213e-01  -2.1469599958350521e-10   4.8318482501215880e-10
 -3.5000000000000142e-01  -1.3814992184446919e-12   4.1733546769144909e-10
 -3.0000000000000071e-01   2.1176423896797231e-10   3.5293587313519917e-10
 -2.5000000000000000e-01   4.2439303821942794e-10   2.9006726057956100e-10
 -1.9999999999999929e-01   6.3619718406416870e-10   2.2878627115404475e-10
 -1.5000000000000213e-01   8.4690566092202331e-10   1.6912844768935377e-10
 -1.0000000000000142e-01   1.0562800425373207e-09   1.1111152503002317e-10
 -5.0000000000000711e-02   1.2641113353576404e-09   5.4738450117275742e-11
  0.0000000000000000e+00   1.4702160438052956e-09   0.0000000000000000e+00
