# Columns: x, u, lamda
# time_step 1000
# time   1.0000000000000000e+01
 -2.5149999999999999e+01   1.0034117899128807e-10   8.1108825726697421e-15
 -2.5099999999999998e+01   1.0034117899128807e-10   8.1108825726697421e-15
 -2.5049999999999997e+01   1.0034117899128807e-10   8.1108825726697421e-15
 -2.5000000000000000e+01   1.0034117899128807e-10   8.1108825726697421e-15
 -2.4949999999999999e+01   1.0034239366690836e-10   8.0666883098614181e-15
 -2.4899999999999999e+01   1.0034572461853399e-10   8.0449206734496355e-15
 -2.4849999999999998e+01   1.0035134011817995e-10   8.0104553810398753e-15
 -2.4799999999999997e+01   1.0035853796447481e-10   7.9843123632155542e-15
 -2.4750000000000000e+01   1.0036628866734284e-10   7.9542631264644905e-15
 -2.4699999999999999e+01   1.0037369180456424e-10   7.9275340432449349e-15
 -2.4649999999999999e+01   1.0038024551575114e-10   7.8999473615755712e-15
 -2.4599999999999998e+01   1.0038575113232677e-10   7.8739893244089547e-15
 -2.4549999999999997e+01   1.0039029890968302e-10   7.8482547631210142e-15
 -2.4500000000000000e+01   1.0039423149943852e-10   7.8236287539354329e-15
 -2.4449999999999999e+01   1.0039798867500874e-10   7.7996593110395739e-15
 -2.4399999999999999e+01   1.0040190347641089e-10   7.7766796473659548e-15
 -2.4349999999999998e+01   1.0040609511273559e-10   7.7545664260761774e-15
 -2.4299999999999997e+01   1.0041050184441162e-10   7.7334663265446974e-15
 -2.4250000000000000e+01   1.0041499695972071e-10   7.7133712502725876e-15
 -2.4199999999999999e+01   1.0041949030055903e-10   7.6943668765299281e-15
 -2.4149999999999999e+01   1.0042396278680918e-10   7.6764875098323496e-15
 -2.4099999999999998e+01   1.0042844257451510e-10   7.6598010916796933e-15
 -2.4049999999999997e+01   1.0043296456718533e-10   7.6443597001639350e-15
 -2.4000000000000000e+01   1.0043754610279529e-10   7.6302286678856125e-15
 -2.3949999999999999e+01   1.0044218602639152e-10   7.6174697817014353e-15
 -2.3899999999999999e+01   1.0044687577544808e-10   7.6061513197655510e-15
 -2.3849999999999998e+01   1.0045160915331303e-10   7.5963424288599755e-15
 -2.3799999999999997e+01   1.0045638517117417e-10   7.5881166619771274e-15
 -2.3750000000000000e+01   1.0046120589164149e-10   7.5815501853358373e-15
 -2.3699999999999999e+01   1.0046607348049572e-10   7.5767231167489630e-15
 -2.3649999999999999e+01   1.0047098890236814e-10   7.5737190576764217e-15
 -2.3599999999999998e+01   1.0047595220676653e-10   7.5726257024971551e-15
 -2.3549999999999997e+01   1.0048096327886098e-10   7.5735348442115475e-15
 -2.3500000000000000e+01   1.0048602224717145e-10   7.5765427594327934e-15
 -2.3449999999999999e+01   1.0049112945813450e-10   7.5817504017389221e-15
 -2.3399999999999999e+01   1.0049628529813278e-10   7.5892637391190797e-15
 -2.3349999999999998e+01   1.0050149009190073e-10   7.5991940426517973e-15
 -2.3299999999999997e+01   1.0050674411042466e-10   7.6116582420901136e-15
 -2.3250000000000000e+01   1.0051204761456455e-10   7.6267792844202249e-15
 -2.3199999999999999e+01   1.0051740087494371e-10   7.6446865365182849e-15
 -2.3149999999999999e+01   1.0052280416358663e-10   7.6655162121495669e-15
 -2.3099999999999998e+01   1.0052825774012577e-10   7.6894118394351221e-15
 -2.3049999999999997e+01   1.0053376184772997e-10   7.7165247644087386e-15
 -2.3000000000000000e+01   1.0053931671700431e-10   7.7470146986761159e-15
 -2.2949999999999999e+01   1.0054492256964272e-10   7.7810503124289402e-15
 -2.2899999999999999e+01   1.0055057961777667e-10   7.8188098784789292e-15
 -2.2849999999999998e+01   1.0055628806067440e-10   7.8604819708954856e-15
 -2.2799999999999997e+01   1.0056204808190836e-10   7.9062662235355386e-15
 -2.2750000000000000e+01   1.0056785984816072e-10   7.9563741532556396e-15
 -2.2699999999999999e+01   1.0057372350880694e-10   8.0110300533282984e-15
 -2.2649999999999999e+01   1.0057963919509707e-10   8.0704719625149888e-15
 -2.2599999999999998e+01   1.0058560701856263e-10   8.1349527154854931e-15
 -2.2549999999999997e+01   1.0059162706900222e-10   8.2047410801982178e-15
 -2.2500000000000000e+01   1.0059769941246290e-10   8.2801229878590729e-15
 -2.2449999999999999e+01   1.0060382408931487e-10   8.3614028609751299e-15
 -2.2399999999999999e+01   1.0061000111226846e-10   8.4489050447283940e-15
 -2.2349999999999998e+01   1.0061623046418960e-10   8.5429753459710348e-15
 -2.2299999999999997e+01   1.0062251209567861e-10   8.6439826822130065e-15
 -2.2250000000000000e+01   1.0062884592245139e-10   8.7523208401680361e-15
 -2.2199999999999999e+01   1.0063523182257498e-10   8.8684103407219150e-15
 -2.2149999999999999e+01   1.0064166963355948e-10   8.9927004059059708e-15
 -2.2099999999999998e+01   1.0064815914929309e-10   9.1256710236845938e-15
 -2.2049999999999997e+01   1.0065470011680952e-10   9.2678351048955237e-15
 -2.2000000000000000e+01   1.0066129223289683e-10   9.4197407176889264e-15
 -2.1949999999999999e+01   1.0066793514058149e-10   9.5819733644890492e-15
 -2.1899999999999999e+01   1.0067462842555140e-10   9.7551582411141793e-15
 -2.1849999999999998e+01   1.0068137161259563e-10   9.9399624068362988e-15
 -2.1799999999999997e+01   1.0068816416209973e-10   1.0137096819999707e-14
 -2.1750000000000000e+01   1.0069500546658055e-10   1.0347318254164291e-14
 -2.1699999999999999e+01   1.0070189484719900e-10   1.0571431153088424e-14
 -2.1649999999999999e+01   1.0070883155025840e-10   1.0810289420768373e-14
 -2.1599999999999998e+01   1.0071581474391743e-10   1.1064797924347901e-14
 -2.1549999999999997e+01   1.0072284351562333e-10   1.1335913208841221e-14
 -2.1500000000000000e+01   1.0072991687084080e-10   1.1624642867143997e-14
 -2.1449999999999999e+01   1.0073703373317238e-10   1.1932043499090668e-14
 -2.1399999999999999e+01   1.0074419294492594e-10   1.2259218235308668e-14
 -2.1349999999999998e+01   1.0075139326620128e-10   1.2607315745908436e-14
 -2.1299999999999997e+01   1.0075863337088191e-10   1.2977532294445285e-14
 -2.1250000000000000e+01   1.0076591184048324e-10   1.3371115821802065e-14
 -2.1199999999999999e+01   1.0077322716092500e-10   1.3789366979190117e-14
 -2.1149999999999999e+01   1.0078057772985770e-10   1.4233629615707687e-14
 -2.1099999999999998e+01   1.0078796187871385e-10   1.4705266832941558e-14
 -2.1049999999999997e+01   1.0079537790206287e-10   1.5205630319610918e-14
 -2.1000000000000000e+01   1.0080282407168374e-10   1.5736045536546146e-14
 -2.0949999999999999e+01   1.0081029860656210e-10   1.6297840950958526e-14
 -2.0899999999999999e+01   1.0081779958724708e-10   1.6892431739893178e-14
 -2.0849999999999998e+01   1.0082532484736120e-10   1.7521424121319089e-14
 -2.0799999999999997e+01   1.0083287192679207e-10   1.8186655936072926e-14
 -2.0750000000000000e+01   1.0084043818726744e-10   1.8890075058661424e-14
 -2.0699999999999999e+01   1.0084802112760723e-10   1.9633422487101294e-14
 -2.0649999999999999e+01   1.0085561878705244e-10   2.0417835507842869e-14
 -2.0599999999999998e+01   1.0086322995560592e-10   2.1243651791577428e-14
 -2.0549999999999997e+01   1.0087085384885336e-10   2.2110749641104198e-14
 -2.0500000000000000e+01   1.0087848907810687e-10   2.3019579606906366e-14
 -2.0449999999999999e+01   1.0088613217647600e-10   2.3972612454332893e-14
 -2.0399999999999999e+01   1.0089377646530461e-10   2.4975414991868349e-14
 -2.0349999999999998e+01   1.0090141233949615e-10   2.6036291878931684e-14
 -2.0299999999999997e+01   1.0090902978535084e-10   2.7163719393881816e-14
 -2.0250000000000000e+01   1.0091662301903668e-10   2.8361733977594932e-14
 -2.0199999999999999e+01   1.0092419584397667e-10   2.9624714984711725e-14
 -2.0149999999999999e+01   1.0093176532362295e-10   3.0933962080690348e-14
 -2.0099999999999998e+01   1.0093936135863787e-10   3.2258419368588039e-14
 -2.0049999999999997e+01   1.0094702106599110e-10   3.3560544873215929e-14
 -2.0000000000000000e+01   1.0095477910288778e-10   3.4806071866557563e-14
 -1.9949999999999999e+01   1.0096265723598766e-10   3.5974295607531634e-14
 -1.9899999999999999e+01   1.0097065733584971e-10   3.7064723479621047e-14
 -1.9849999999999998e+01   1.0097876090542041e-10   3.8097085326474198e-14
 -1.9799999999999997e+01   1.0098693555597163e-10   3.9104445180537817e-14
 -1.9750000000000000e+01   1.0099514578670156e-10   4.0122196079045995e-14
 -1.9699999999999999e+01   1.0100336356406482e-10   4.1177502432828607e-14
 -1.9649999999999999e+01   1.0101157451199260e-10   4.2283337525137424e-14
 -1.9599999999999998e+01   1.0101977782771932e-10   4.3438883005179864e-14
 -1.9549999999999997e+01   1.0102798106742989e-10   4.4635010539472459e-14
 -1.9500000000000000e+01   1.0103619309446858e-10   4.5861462900344913e-14
 -1.9449999999999999e+01   1.0104441872706866e-10   4.7112186502953213e-14
 -1.9399999999999999e+01   1.0105265707156556e-10   4.8386887137491610e-14
 -1.9349999999999998e+01   1.0106090326494942e-10   4.9689168868045355e-14
 -1.9299999999999997e+01   1.0106915170829027e-10   5.1023237052660269e-14
 -1.9250000000000000e+01   1.0107739862320218e-10   5.2391348444205387e-14
 -1.9199999999999999e+01   1.0108564275084335e-10   5.3793161956216430e-14
 -1.9149999999999999e+01   1.0109388439721862e-10   5.5226744226941399e-14
 -1.9099999999999998e+01   1.0110212391500177e-10   5.6690110643476960e-14
 -1.9049999999999997e+01   1.0111036070603978e-10   5.8182214353831256e-14
 -1.9000000000000000e+01   1.0111859317266627e-10   5.9702971547973079e-14
 -1.8949999999999999e+01   1.0112681932370220e-10   6.1252637053163573e-14
 -1.8899999999999999e+01   1.0113503742490988e-10   6.2831150453908574e-14
 -1.8849999999999998e+01   1.0114324625703023e-10   6.4437886589470774e-14
 -1.8799999999999997e+01   1.0115144494768594e-10   6.6071834397464021e-14
 -1.8750000000000000e+01   1.0115963263866820e-10   6.7731934768841822e-14
 -1.8699999999999999e+01   1.0116780827193638e-10   6.9417292762678729e-14
 -1.8649999999999999e+01   1.0117597059776572e-10   7.1127164584898269e-14
 -1.8599999999999998e+01   1.0118411831702672e-10   7.2860811903355398e-14
 -1.8549999999999997e+01   1.0119225020561664e-10   7.4617377308844712e-14
 -1.8500000000000000e+01   1.0120036513627359e-10   7.6395864466183910e-14
 -1.8449999999999999e+01   1.0120846201863155e-10   7.8195199794853910e-14
 -1.8399999999999999e+01   1.0121653973162265e-10   8.0014300269695943e-14
 -1.8349999999999998e+01   1.0122459710138510e-10   8.1852094489842903e-14
 -1.8299999999999997e+01   1.0123263292412006e-10   8.3707498679537670e-14
 -1.8250000000000000e+01   1.0124064599932032e-10   8.5579382978143205e-14
 -1.8199999999999999e+01   1.0124863514384180e-10   8.7466557528090425e-14
 -1.8149999999999999e+01   1.0125659918361288e-10   8.9367781063245469e-14
 -1.8099999999999998e+01   1.0126453693897286e-10   9.1281775603016010e-14
 -1.8049999999999997e+01   1.0127244721892945e-10   9.3207231948335992e-14
 -1.8000000000000000e+01   1.0128032882679489e-10   9.5142803762171058e-14
 -1.7949999999999999e+01   1.0128818056958787e-10   9.7087098059295391e-14
 -1.7899999999999999e+01   1.0129600126354628e-10   9.9038669779024485e-14
 -1.7849999999999998e+01   1.0130378973442652e-10   1.0099602165758396e-13
 -1.7799999999999997e+01   1.0131154481628664e-10   1.0295760560831293e-13
 -1.7750000000000000e+01   1.0131926535240734e-10   1.0492182195129585e-13
 -1.7699999999999999e+01   1.0132695019884389e-10   1.0688701605897939e-13
 -1.7649999999999999e+01   1.0133459822871902e-10   1.0885147435256426e-13
 -1.7600000000000001e+01   1.0134220833554472e-10   1.1081342136430935e-13
 -1.7549999999999997e+01   1.0134977943545871e-10   1.1277101795561233e-13
 -1.7500000000000000e+01   1.0135731046932727e-10   1.1472235972287121e-13
 -1.7449999999999999e+01   1.0136480040545910e-10   1.1666547484881329e-13
 -1.7399999999999999e+01   1.0137224824288467e-10   1.1859832145978609e-13
 -1.7350000000000001e+01   1.0137965301471801e-10   1.2051878497955306e-13
 -1.7299999999999997e+01   1.0138701379129231e-10   1.2242467578873819e-13
 -1.7250000000000000e+01   1.0139432968313946e-10   1.2431372711730384e-13
 -1.7199999999999999e+01   1.0140159984404028e-10   1.2618359294168839e-13
 -1.7149999999999999e+01   1.0140882347425909e-10   1.2803184577375327e-13
 -1.7100000000000001e+01   1.0141599982391049e-10   1.2985597439719585e-13
 -1.7049999999999997e+01   1.0142312819635553e-10   1.3165338165787634e-13
 -1.7000000000000000e+01   1.0143020795158328e-10   1.3342138235581208e-13
 -1.6949999999999999e+01   1.0143723850959920e-10   1.3515720121487399e-13
 -1.6899999999999999e+01   1.0144421935386744e-10   1.3685797088290853e-13
 -1.6850000000000001e+01   1.0145115003483508e-10   1.3852072993807776e-13
 -1.6799999999999997e+01   1.0145803017352679e-10   1.4014242091609373e-13
 -1.6750000000000000e+01   1.0146485946517202e-10   1.4171988839627517e-13
 -1.6699999999999999e+01   1.0147163768283795e-10   1.4324987717281697e-13
 -1.6649999999999999e+01   1.0147836468108139e-10   1.4472903050089329e-13
 -1.6600000000000001e+01   1.0148504039965352e-10   1.4615388838421282e-13
 -1.6549999999999997e+01   1.0149166486727448e-10   1.4752088589129029e-13
 -1.6500000000000000e+01   1.0149823820544686e-10   1.4882635153067606e-13
 -1.6449999999999999e+01   1.0150476063226817e-10   1.5006650572609706e-13
 -1.6399999999999999e+01   1.0151123246624311e-10   1.5123745939274914e-13
 -1.6350000000000001e+01   1.0151765413013694e-10   1.5233521257552847e-13
 -1.6299999999999997e+01   1.0152402615489205e-10   1.5335565312560714e-13
 -1.6250000000000000e+01   1.0153034918357849e-10   1.5429455544735889e-13
 -1.6199999999999999e+01   1.0153662397532838e-10   1.5514757936813800e-13
 -1.6149999999999999e+01   1.0154285140925071e-10   1.5591026913564660e-13
 -1.6100000000000001e+01   1.0154903248837560e-10   1.5657805249308746e-13
 -1.6049999999999997e+01   1.0155516834366242e-10   1.5714623979918894e-13
 -1.6000000000000000e+01   1.0156126023803581e-10   1.5761002323198289e-13
 -1.5949999999999999e+01   1.0156730957038183e-10   1.5796447614389133e-13
 -1.5899999999999999e+01   1.0157331787949880e-10   1.5820455257484404e-13
 -1.5850000000000000e+01   1.0157928684806845e-10   1.5832508685839389e-13
 -1.5799999999999999e+01   1.0158521830669222e-10   1.5832079327648856e-13
 -1.5750000000000000e+01   1.0159111423794633e-10   1.5818626581214345e-13
 -1.5699999999999999e+01   1.0159697678036907e-10   1.5791597808781365e-13
 -1.5649999999999999e+01   1.0160280823237153e-10   1.5750428349855868e-13
 -1.5600000000000000e+01   1.0160861105615479e-10   1.5694541545475837e-13
 -1.5549999999999999e+01   1.0161438788169616e-10   1.5623348767514151e-13
 -1.5500000000000000e+01   1.0162014151074328e-10   1.5536249459323097e-13
 -1.5449999999999999e+01   1.0162587492070209e-10   1.5432631199183075e-13
 -1.5399999999999999e+01   1.0163159126840568e-10   1.5311869787796999e-13
 -1.5350000000000000e+01   1.0163729389387512e-10   1.5173329348660448e-13
 -1.5299999999999999e+01   1.0164298632415174e-10   1.5016362433413822e-13
 -1.5250000000000000e+01   1.0164867227712338e-10   1.4840310140286848e-13
 -1.5199999999999999e+01   1.0165435566519571e-10   1.4644502260620449e-13
 -1.5149999999999999e+01   1.0166004059878883e-10   1.4428257455164697e-13
 -1.5100000000000000e+01   1.0166573138980347e-10   1.4190883445514969e-13
 -1.5049999999999999e+01   1.0167143255516511e-10   1.3931677210171356e-13
 -1.5000000000000000e+01   1.0167714882034439e-10   1.3649925195643353e-13
 -1.4949999999999999e+01   1.0168288512265714e-10   1.3344903562192461e-13
 -1.4899999999999999e+01   1.0168864661431848e-10   1.3015878466529935e-13
 -1.4850000000000000e+01   1.0169443866543917e-10   1.2662106362277528e-13
 -1.4799999999999999e+01   1.0170026686710584e-10   1.2282834304178483e-13
 -1.4750000000000000e+01   1.0170613703441679e-10   1.1877300269441054e-13
 -1.4699999999999999e+01   1.0171205520921590e-10   1.1444733521827417e-13
 -1.4649999999999999e+01   1.0171802766248724e-10   1.0984355021637801e-13
 -1.4600000000000000e+01   1.0172406089665895e-10   1.0495377856416421e-13
 -1.4549999999999999e+01   1.0173016164800266e-10   9.9770076736982243e-14
 -1.4500000000000000e+01   1.0173633688896231e-10   9.4284431329675569e-14
 -1.4449999999999999e+01   1.0174259383007747e-10   8.8488764103131855e-14
 -1.4400000000000000e+01   1.0174893992145035e-10   8.2374937600546915e-14
 -1.4350000000000000e+01   1.0175538285408086e-10   7.5934761003148495e-14
 -1.4299999999999999e+01   1.0176193056131830e-10   6.9159995976352480e-14
 -1.4250000000000000e+01   1.0176859122021525e-10   6.2042362726601918e-14
 -1.4199999999999999e+01   1.0177537325234544e-10   5.4573546706765628e-14
 -1.4150000000000000e+01   1.0178228532401687e-10   4.6745206028154270e-14
 -1.4100000000000000e+01   1.0178933634630443e-10   3.8548979145913883e-14
 -1.4049999999999999e+01   1.0179653547523309e-10   2.9976492485948689e-14
 -1.4000000000000000e+01   1.0180389211183655e-10   2.1019368295903280e-14
 -1.3949999999999999e+01   1.0181141590151770e-10   1.1669233293092111e-14
 -1.3900000000000000e+01   1.0181911673261830e-10   1.9177281883843845e-15
 -1.3850000000000000e+01   1.0182700473475168e-10  -8.2434824821681834e-15
 -1.3799999999999999e+01   1.0183509027733956e-10  -1.8822700659939812e-14
 -1.3750000000000000e+01   1.0184338396800036e-10  -2.9828184838028526e-14
 -1.3699999999999999e+01   1.0185189665003900e-10  -4.1268139157262221e-14
 -1.3650000000000000e+01   1.0186063939891200e-10  -5.3150701416115980e-14
 -1.3600000000000000e+01   1.0186962351839205e-10  -6.5483930739545084e-14
 -1.3549999999999999e+01   1.0187886053701903e-10  -7.8275795495046671e-14
 -1.3500000000000000e+01   1.0188836220438610e-10  -9.1534160990507622e-14
 -1.3449999999999999e+01   1.0189814048627719e-10  -1.0526677597136091e-13
 -1.3400000000000000e+01   1.0190820755848516e-10  -1.1948125776959365e-13
 -1.3350000000000000e+01   1.0191857580025986e-10  -1.3418507708110407e-13
 -1.3299999999999999e+01   1.0192925778816599e-10  -1.4938554315406707e-13
 -1.3250000000000000e+01   1.0194026628977026e-10  -1.6508978879047886e-13
 -1.3199999999999999e+01   1.0195161425587168e-10  -1.8130475387291333e-13
 -1.3150000000000000e+01   1.0196331481104258e-10  -1.9803716721438550e-13
 -1.3100000000000000e+01   1.0197538124372209e-10  -2.1529352801084138e-13
 -1.3049999999999999e+01   1.0198782699689794e-10  -2.3308008793701910e-13
 -1.3000000000000000e+01   1.0200066565863217e-10  -2.5140283311743045e-13
 -1.2949999999999999e+01   1.0201391095074695e-10  -2.7026746428288953e-13
 -1.2900000000000000e+01   1.0202757671535277e-10  -2.8967937483509922e-13
 -1.2850000000000000e+01   1.0204167690084525e-10  -3.0964362849548337e-13
 -1.2799999999999999e+01   1.0205622554874634e-10  -3.3016493792170919e-13
 -1.2750000000000000e+01   1.0207123678043509e-10  -3.5124764330424133e-13
 -1.2699999999999999e+01   1.0208672478156003e-10  -3.7289568872507801e-13
 -1.2650000000000000e+01   1.0210270378370036e-10  -3.9511259589720956e-13
 -1.2600000000000000e+01   1.0211918804540490e-10  -4.1790143748025787e-13
 -1.2549999999999999e+01   1.0213619183443552e-10  -4.4126481181085650e-13
 -1.2500000000000000e+01   1.0215372940999046e-10  -4.6520481777761954e-13
 -1.2449999999999999e+01   1.0217181500201161e-10  -4.8972302692757457e-13
 -1.2400000000000000e+01   1.0219046278698577e-10  -5.1482045227926405e-13
 -1.2350000000000000e+01   1.0220968686302616e-10  -5.4049751671781600e-13
 -1.2299999999999999e+01   1.0222950122666033e-10  -5.6675402341506135e-13
 -1.2250000000000000e+01   1.0224991974975178e-10  -5.9358912664088339e-13
 -1.2199999999999999e+01   1.0227095615275565e-10  -6.2100129913710514e-13
 -1.2150000000000000e+01   1.0229262397350311e-10  -6.4898829533162150e-13
 -1.2100000000000000e+01   1.0231493653516090e-10  -6.7754711415827319e-13
 -1.2049999999999999e+01   1.0233790691658821e-10  -7.0667396472876366e-13
 -1.2000000000000000e+01   1.0236154792307307e-10  -7.3636423275470265e-13
 -1.1949999999999999e+01   1.0238587205245869e-10  -7.6661244268480846e-13
 -1.1900000000000000e+01   1.0241089145556187e-10  -7.9741221456296835e-13
 -1.1850000000000000e+01   1.0243661789565327e-10  -8.2875622053854728e-13
 -1.1799999999999999e+01   1.0246306271127823e-10  -8.6063614534287870e-13
 -1.1750000000000000e+01   1.0249023677982929e-10  -8.9304264802762207e-13
 -1.1699999999999999e+01   1.0251815047531570e-10  -9.2596531833992508e-13
 -1.1650000000000000e+01   1.0254681361883104e-10  -9.5939262636559837e-13
 -1.1600000000000000e+01   1.0257623542796081e-10  -9.9331187189906024e-13
 -1.1549999999999999e+01   1.0260642447081271e-10  -1.0277091392736796e-12
 -1.1500000000000000e+01   1.0263738862134730e-10  -1.0625692541732596e-12
 -1.1449999999999999e+01   1.0266913500739323e-10  -1.0978757337023305e-12
 -1.1400000000000000e+01   1.0270166994929835e-10  -1.1336107278311762e-12
 -1.1350000000000000e+01   1.0273499889738627e-10  -1.1697549606757721e-12
 -1.1299999999999999e+01   1.0276912637576622e-10  -1.2062876792351037e-12
 -1.1250000000000000e+01   1.0280405592823447e-10  -1.2431866051100332e-12
 -1.1199999999999999e+01   1.0283979005493667e-10  -1.2804278777136775e-12
 -1.1150000000000000e+01   1.0287633013699277e-10  -1.3179859863803638e-12
 -1.1100000000000000e+01   1.0291367635977397e-10  -1.3558337024568797e-12
 -1.1049999999999999e+01   1.0295182764485917e-10  -1.3939420215128139e-12
 -1.1000000000000000e+01   1.0299078158520572e-10  -1.4322801099132601e-12
 -1.0949999999999999e+01   1.0303053436862714e-10  -1.4708152406091583e-12
 -1.0900000000000000e+01   1.0307108068575212e-10  -1.5095127145774644e-12
 -1.0850000000000000e+01   1.0311241363645686e-10  -1.5483357824350914e-12
 -1.0799999999999999e+01   1.0315452464809438e-10  -1.5872455797124920e-12
 -1.0750000000000000e+01   1.0319740339851366e-10  -1.6262010683847193e-12
 -1.0699999999999999e+01   1.0324103772424393e-10  -1.6651589646862886e-12
 -1.0650000000000000e+01   1.0328541350861544e-10  -1.7040736483015572e-12
 -1.0600000000000000e+01   1.0333051456813274e-10  -1.7428970719674465e-12
 -1.0549999999999999e+01   1.0337632255480967e-10  -1.7815786894383683e-12
 -1.0500000000000000e+01   1.0342281686548883e-10  -1.8200653922988565e-12
 -1.0449999999999999e+01   1.0346997453229493e-10  -1.8583014292655926e-12
 -1.0400000000000000e+01   1.0351777008707468e-10  -1.8962283012273415e-12
 -1.0350000000000000e+01   1.0356617542380175e-10  -1.9337846569822422e-12
 -1.0299999999999999e+01   1.0361515968249742e-10  -1.9709062135766721e-12
 -1.0250000000000000e+01   1.0366468914316906e-10  -2.0075256890217667e-12
 -1.0199999999999999e+01   1.0371472709569922e-10  -2.0435727125816739e-12
 -1.0150000000000000e+01   1.0376523367591092e-10  -2.0789737033476768e-12
 -1.0100000000000000e+01   1.0381616569920954e-10  -2.1136517498337615e-12
 -1.0050000000000001e+01   1.0386747652313181e-10  -2.1475265224466759e-12
 -1.0000000000000000e+01   1.0391911592408800e-10  -2.1805142031343743e-12
 -9.9499999999999993e+00   1.0397102994337371e-10  -2.2125273862215994e-12
 -9.9000000000000004e+00   1.0402316068908452e-10  -2.2434749376612101e-12
 -9.8499999999999996e+00   1.0407544613506235e-10  -2.2732618556517109e-12
 -9.8000000000000007e+00   1.0412781995857503e-10  -2.3017891750946354e-12
 -9.7500000000000000e+00   1.0418021139791564e-10  -2.3289538957507012e-12
 -9.6999999999999993e+00   1.0423254507064621e-10  -2.3546488732815254e-12
 -9.6500000000000004e+00   1.0428474073420259e-10  -2.3787626556104718e-12
 -9.5999999999999996e+00   1.0433671304274345e-10  -2.4011793209787169e-12
 -9.5500000000000007e+00   1.0438837135578621e-10  -2.4217783743738106e-12
 -9.5000000000000000e+00   1.0443961957459720e-10  -2.4404346765067335e-12
 -9.4499999999999993e+00   1.0449035592807620e-10  -2.4570183248664429e-12
 -9.4000000000000004e+00   1.0454047268311737e-10  -2.4713944626864341e-12
 -9.3499999999999996e+00   1.0458985585006379e-10  -2.4834230898547591e-12
 -9.3000000000000007e+00   1.0463838495727987e-10  -2.4929589514597202e-12
 -9.2500000000000000e+00   1.0468593286417887e-10  -2.4998514708921566e-12
 -9.1999999999999993e+00   1.0473236550931211e-10  -2.5039446209385232e-12
 -9.1500000000000004e+00   1.0477754155927631e-10  -2.5050766996124830e-12
 -9.1000000000000014e+00   1.0482131205101797e-10  -2.5030801079882014e-12
 -9.0500000000000007e+00   1.0486352012626105e-10  -2.4977812312113261e-12
 -9.0000000000000000e+00   1.0490400081899137e-10  -2.4890003803625584e-12
 -8.9499999999999993e+00   1.0494258075930552e-10  -2.4765516539349314e-12
 -8.8999999999999986e+00   1.0497907774673515e-10  -2.4602426731515833e-12
 -8.8500000000000014e+00   1.0501330031445993e-10  -2.4398743189763087e-12
 -8.8000000000000007e+00   1.0504504741618604e-10  -2.4152406061862464e-12
 -8.7500000000000000e+00   1.0507410818599700e-10  -2.3861286404227115e-12
 -8.6999999999999993e+00   1.0510026159033229e-10  -2.3523184708620865e-12
 -8.6499999999999986e+00   1.0512327590785638e-10  -2.3135827754668577e-12
 -8.6000000000000014e+00   1.0514290819651067e-10  -2.2696865469726399e-12
 -8.5500000000000007e+00   1.0515890392379417e-10  -2.2203869609185497e-12
 -8.5000000000000000e+00   1.0517099669718525e-10  -2.1654333567189085e-12
 -8.4499999999999993e+00   1.0517890785526112e-10  -2.1045670830063322e-12
 -8.3999999999999986e+00   1.0518234583146226e-10  -2.0375211203721691e-12
 -8.3500000000000014e+00   1.0518100549957870e-10  -1.9640197028015195e-12
 -8.3000000000000007e+00   1.0517456773636708e-10  -1.8837781809109923e-12
 -8.2500000000000000e+00   1.0516269912139108e-10  -1.7965030391171843e-12
 -8.1999999999999993e+00   1.0514505145679776e-10  -1.7018917360933341e-12
 -8.1499999999999986e+00   1.0512126098625198e-10  -1.5996322487042109e-12
 -8.1000000000000014e+00   1.0509094758757610e-10  -1.4894026108380584e-12
 -8.0500000000000007e+00   1.0505371425420572e-10  -1.3708707735070669e-12
 -8.0000000000000000e+00   1.0500914676452675e-10  -1.2436946745609937e-12
 -7.9499999999999993e+00   1.0495681311829481e-10  -1.1075220780817164e-12
 -7.8999999999999986e+00   1.0489626257434317e-10  -9.6199001807794244e-13
 -7.8500000000000014e+00   1.0482702465027201e-10  -8.0672423050028986e-13
 -7.8000000000000007e+00   1.0474860850638469e-10  -6.4133901230517363e-13
 -7.7500000000000000e+00   1.0466050258679753e-10  -4.6543736606760552e-13
 -7.6999999999999993e+00   1.0456217395912841e-10  -2.7861084412296379e-13
 -7.6499999999999986e+00   1.0445306712497812e-10  -8.0438863713994173e-14
 -7.6000000000000014e+00   1.0433260277531778e-10   1.2951200044585521e-13
 -7.5500000000000007e+00   1.0420017705731833e-10   3.5168815558954670e-13
 -7.5000000000000000e+00   1.0405516119327692e-10   5.8654874104037739e-13
 -7.4499999999999993e+00   1.0389690070940755e-10   8.3456577066553475e-13
 -7.3999999999999986e+00   1.0372471396122358e-10   1.0962249837939926e-12
 -7.3500000000000014e+00   1.0353789057904801e-10   1.3720267362812997e-12
 -7.3000000000000007e+00   1.0333569059473302e-10   1.6624861354492495e-12
 -7.2500000000000000e+00   1.0311734405074926e-10   1.9681326438127350e-12
 -7.1999999999999993e+00   1.0288205010437848e-10   2.2895101953834688e-12
 -7.1499999999999986e+00   1.0262897519568611e-10   2.6271782625384541e-12
 -7.1000000000000014e+00   1.0235725109978885e-10   2.9817129907578790e-12
 -7.0500000000000007e+00   1.0206597388727641e-10   3.3537073258923238e-12
 -7.0000000000000000e+00   1.0175420354615649e-10   3.7437704155913264e-12
 -6.9499999999999993e+00   1.0142096295067989e-10   4.1525276808409632e-12
 -6.8999999999999986e+00   1.0106523558243876e-10   4.5806221653182055e-12
 -6.8500000000000014e+00   1.0068596308409664e-10   5.0287159957387400e-12
 -6.8000000000000007e+00   1.0028204402518373e-10   5.4974904983870763e-12
 -6.7500000000000000e+00   9.9852333576359190e-11   5.9876453223485561e-12
 -6.6999999999999993e+00   9.9395642339499796e-11   6.4998984392196601e-12
 -6.6499999999999986e+00   9.8910733512766109e-11   7.0349878639499407e-12
 -6.6000000000000014e+00   9.8396319814003566e-11   7.5936735530441692e-12
 -6.5500000000000007e+00   9.7851062023978346e-11   8.1767375081272239e-12
 -6.5000000000000000e+00   9.7273568779326310e-11   8.7849825177698379e-12
 -6.4499999999999993e+00   9.6662395275718593e-11   9.4192320461354631e-12
 -6.3999999999999986e+00   9.6016039746316059e-11   1.0080332444696887e-11
 -6.3500000000000014e+00   9.5332939591938672e-11   1.0769155442645315e-11
 -6.3000000000000007e+00   9.4611469679355138e-11   1.1486598237360202e-11
 -6.2500000000000000e+00   9.3849942362144050e-11   1.2233581714242884e-11
 -6.1999999999999993e+00   9.3046606097103983e-11   1.3011050167448505e-11
 -6.1499999999999986e+00   9.2199641084350963e-11   1.3819974163042302e-11
 -6.1000000000000014e+00   9.1307154406389122e-11   1.4661353834673531e-11
 -6.0500000000000007e+00   9.0367178074234245e-11   1.5536218965062896e-11
 -6.0000000000000000e+00   8.9377669453299096e-11   1.6445626491913212e-11
 -5.9499999999999993e+00   8.8336509883455968e-11   1.7390659978252162e-11
 -5.8999999999999986e+00   8.7241499312198313e-11   1.8372433343468205e-11
 -5.8500000000000014e+00   8.6090350208256683e-11   1.9392095259401961e-11
 -5.8000000000000007e+00   8.4880685380663526e-11   2.0450829234703072e-11
 -5.7500000000000000e+00   8.3610039093904308e-11   2.1549850143990544e-11
 -5.6999999999999993e+00   8.2275855868223018e-11   2.2690403327768994e-11
 -5.6499999999999986e+00   8.0875483932498055e-11   2.3873769483589731e-11
 -5.6000000000000014e+00   7.9406167645297119e-11   2.5101270572771217e-11
 -5.5500000000000007e+00   7.7865045174094055e-11   2.6374269932682311e-11
 -5.5000000000000000e+00   7.6249150752670919e-11   2.7694167467723524e-11
 -5.4499999999999993e+00   7.4555413983059640e-11   2.9062398203076604e-11
 -5.3999999999999986e+00   7.2780651956183255e-11   3.0480438730792767e-11
 -5.3500000000000014e+00   7.0921559894878820e-11   3.1949815198716171e-11
 -5.3000000000000007e+00   6.8974708893488986e-11   3.3472103497048197e-11
 -5.2500000000000000e+00   6.6936550036347159e-11   3.5048922611130157e-11
 -5.1999999999999993e+00   6.4803414762976939e-11   3.6681932369305079e-11
 -5.1499999999999986e+00   6.2571505577398841e-11   3.8372841976409091e-11
 -5.1000000000000014e+00   6.0236884644201012e-11   4.0123420882262197e-11
 -5.0500000000000007e+00   5.7795471988305179e-11   4.1935499121133226e-11
 -5.0000000000000000e+00   5.5243052613323798e-11   4.3810958128397643e-11
 -4.9499999999999993e+00   5.2575278887637404e-11   4.5751727293157706e-11
 -4.8999999999999986e+00   4.9787659932643500e-11   4.7759795293286770e-11
 -4.8500000000000014e+00   4.6875547993225506e-11   4.9837224954434581e-11
 -4.8000000000000007e+00   4.3834137844628781e-11   5.1986153865563824e-11
 -4.7500000000000000e+00   4.0658478716680655e-11   5.4208781672131423e-11
 -4.6999999999999993e+00   3.7343480310560369e-11   5.6507364837394701e-11
 -4.6499999999999986e+00   3.3883901302944715e-11   5.8884231724378607e-11
 -4.6000000000000014e+00   3.0274333549301315e-11   6.1341802984375145e-11
 -4.5500000000000007e+00   2.6509204045792024e-11   6.3882592622621381e-11
 -4.5000000000000000e+00   2.2582794535168067e-11   6.6509190342230413e-11
 -4.4499999999999993e+00   1.8489253842710202e-11   6.9224253573986650e-11
 -4.3999999999999986e+00   1.4222586603459627e-11   7.2030527522248877e-11
 -4.3500000000000014e+00   9.7766358788293760e-12   7.4930873184979725e-11
 -4.3000000000000007e+00   5.1450900653649032e-12   7.7928269071593217e-11
 -4.2500000000000000e+00   3.2151479572191290e-13   8.1025786473988502e-11
 -4.1999999999999993e+00  -4.7006239181669078e-12   8.4226577220471704e-11
 -4.1499999999999986e+00  -9.9279683660261155e-12   8.7533900160348170e-11
 -4.1000000000000014e+00  -1.5367286459222224e-11   9.0951159600040174e-11
 -4.0500000000000007e+00  -2.1025455654198280e-11   9.4481907784579081e-11
 -4.0000000000000000e+00  -2.6909411276157630e-11   9.8129809787287399e-11
 -3.9499999999999993e+00  -3.3026105043152916e-11   1.0189862431688759e-10
 -3.8999999999999986e+00  -3.9382506441027496e-11   1.0579223818109855e-10
 -3.8500000000000014e+00  -4.5985616215920490e-11   1.0981471858942020e-10
 -3.8000000000000007e+00  -5.2842433671785497e-11   1.1397031602817341e-10
 -3.7500000000000000e+00  -5.9959872933637073e-11   1.1826341329335150e-10
 -3.6999999999999993e+00  -6.7344690430414478e-11   1.2269849444736251e-10
 -3.6500000000000021e+00  -7.5003469927865132e-11   1.2728018817645575e-10
 -3.6000000000000014e+00  -8.2942624356102510e-11   1.3201333758393453e-10
 -3.5500000000000007e+00  -9.1168333271413915e-11   1.3690300149111197e-10
 -3.5000000000000000e+00  -9.9686406649244007e-11   1.4195437787224174e-10
 -3.4499999999999993e+00  -1.0850215975518206e-10   1.4717275139290026e-10
 -3.4000000000000021e+00  -1.1762036498131634e-10   1.5256354396928716e-10
 -3.3500000000000014e+00  -1.2704522659320034e-10   1.5813240400292123e-10
 -3.3000000000000007e+00  -1.3678026509438517e-10   1.6388519960003559e-10
 -3.2500000000000000e+00  -1.4682809457922190e-10   1.6982789777364542e-10
 -3.1999999999999993e+00  -1.5719020863538314e-10   1.7596647090838098e-10
 -3.1500000000000021e+00  -1.6786686870513775e-10   1.8230694512553327e-10
 -3.1000000000000014e+00  -1.7885702328505276e-10   1.8885550399330025e-10
 -3.0500000000000007e+00  -1.9015809956020586e-10   1.9561845539501965e-10
 -3.0000000000000000e+00  -2.0176563929696507e-10   2.0260202884989891e-10
 -2.9499999999999993e+00  -2.1367293704606859e-10   2.0981219938206323e-10
 -2.9000000000000021e+00  -2.2587081497016339e-10   2.1725470474571480e-10
 -2.8500000000000014e+00  -2.3834743992428731e-10   2.2493513914863582e-10
 -2.8000000000000007e+00  -2.5108796176576950e-10   2.3285884785957851e-10
 -2.7500000000000000e+00  -2.6407392782999871e-10   2.4103056562900047e-10
 -2.6999999999999993e+00  -2.7728269135886262e-10   2.4945407168296165e-10
 -2.6500000000000021e+00  -2.9068700754389606e-10   2.5813210437491692e-10
 -2.6000000000000014e+00  -3.0425469520852364e-10   2.6706637744099714e-10
 -2.5500000000000007e+00  -3.1794805908379011e-10   2.7625730193083337e-10
 -2.5000000000000000e+00  -3.3172300686370230e-10   2.8570331881731227e-10
 -2.4499999999999993e+00  -3.4552816670354775e-10   2.9540022417236460e-10
 -2.4000000000000021e+00  -3.5930428954191066e-10   3.0534084318148581e-10
 -2.3500000000000014e+00  -3.7298378679865771e-10   3.1551484183085301e-10
 -2.3000000000000007e+00  -3.8648999418651445e-10   3.2590811268801669e-10
 -2.2500000000000000e+00  -3.9973608098102940e-10   3.3650158994539111e-10
 -2.1999999999999993e+00  -4.1262404806969160e-10   3.4727004001338611e-10
 -2.1500000000000021e+00  -4.2504424316488942e-10   3.5818136012497418e-10
 -2.1000000000000014e+00  -4.3687522834871278e-10   3.6919611830311291e-10
 -2.0500000000000007e+00  -4.4798347454675373e-10   3.8026655843376774e-10
 -2.0000000000000000e+00  -4.5822281038026754e-10   3.9133488692525169e-10
 -1.9499999999999993e+00  -4.6743427817994597e-10   4.0233165604404940e-10
 -1.9000000000000021e+00  -4.7544703013242784e-10   4.1317506232030932e-10
 -1.8500000000000014e+00  -4.8208007837436221e-10   4.2377085778808330e-10
 -1.8000000000000007e+00  -4.8714421112726620e-10   4.3401185454207594e-10
 -1.7500000000000000e+00  -4.9044398660289620e-10   4.4377684298085740e-10
 -1.6999999999999993e+00  -4.9178065691139804e-10   4.5293014164277109e-10
 -1.6500000000000021e+00  -4.9095677618279283e-10   4.6132297009795164e-10
 -1.6000000000000014e+00  -4.8778208027975569e-10   4.6879623593717553e-10
 -1.5500000000000007e+00  -4.8207951811472726e-10   4.7518331405745022e-10
 -1.5000000000000000e+00  -4.7369106611233255e-10   4.8031252534075400e-10
 -1.4499999999999993e+00  -4.6248409104010244e-10   4.8401082138036819e-10
 -1.4000000000000021e+00  -4.4835876814382221e-10   4.8610995563658455e-10
 -1.3500000000000014e+00  -4.3125552368515174e-10   4.8645413783334199e-10
 -1.3000000000000007e+00  -4.1116069907644951e-10   4.8490684959202600e-10
 -1.2500000000000000e+00  -3.8810976678460811e-10   4.8135606277427145e-10
 -1.1999999999999993e+00  -3.6218893832154910e-10   4.7571937640166561e-10
 -1.1500000000000021e+00  -3.3353576264104428e-10   4.6795015827050597e-10
 -1.1000000000000014e+00  -3.0233771569426227e-10   4.5804300743757165e-10
 -1.0500000000000007e+00  -2.6882732957018355e-10   4.4603570984188986e-10
 -1.0000000000000000e+00  -2.3327410385441332e-10   4.3200728514270157e-10
 -9.4999999999999929e-01  -1.9597518646697929e-10   4.1607457031592450e-10
 -9.0000000000000213e-01  -1.5724632729352241e-10   3.9838913502641511e-10
 -8.5000000000000142e-01  -1.1741274192269881e-10   3.7913322832274193e-10
 -8.0000000000000071e-01  -7.6799062284380414e-11   3.5851259231641492e-10
 -7.5000000000000000e-01  -3.5719176978142932e-11   3.3674685963618402e-10
 -6.9999999999999929e-01   5.5319531601886032e-12   3.1406087905734445e-10
 -6.5000000000000213e-01   4.6683487420522988e-11   2.9067889137634054e-10
 -6.0000000000000142e-01   8.7491970877689100e-11   2.6681995211704206e-10
 -5.5000000000000071e-01   1.2774408621147005e-10   2.4269229940916177e-10
 -5.0000000000000000e-01   1.6725866561849217e-10   2.1848732004468121e-10
 -4.4999999999999929e-01   2.0588665627607777e-10   1.9437596044659644e-10
 -4.0000000000000213e-01   2.4350880711383914e-10   1.7050860283835109e-10
 -3.5000000000000142e-01   2.8003258615191099e-10   1.4701611236029129e-10
 -3.0000000000000071e-01   3.1538974788586104e-10   1.2400957234836699e-10
 -2.5000000000000000e-01   3.4953438086960376e-10   1.0157929538604280e-10
 -1.9999999999999929e-01   3.8244003910869702e-10   7.9795606409660457e-11
 -1.5000000000000213e-01   4.1409607441480522e-10   5.8712021665129785e-11
 -1.0000000000000142e-01   4.4450409080965187e-10   3.8368524984551059e-11
 -5.0000000000000711e-02   4.7367568095121061e-10   1.8792804471362510e-11
  0.0000000000000000e+00   5.0163150995346598e-10   0.0000000000000000e+00
