# Columns: x, u, lamda
# time_step 2000
# time   2.0000000000000000e+01
 -2.5149999999999999e+01   9.9729114829821703e-11   4.6090812496783910e-15
 -2.5099999999999998e+01   9.9729114829821703e-11   4.6090812496783910e-15
 -2.5049999999999997e+01   9.9729114829821703e-11   4.6090812496783910e-15
 -2.5000000000000000e+01   9.9729114829821703e-11   4.6090812496783910e-15
 -2.4949999999999999e+01   9.9729509339723331e-11   4.8041721039746470e-15
 -2.4899999999999999e+01   9.9731343026407619e-11   4.9092569983682627e-15
 -2.4849999999999998e+01   9.9734924588627230e-11   5.0721099872780705e-15
 -2.4799999999999997e+01   9.9740170029998342e-11   5.2060417462903163e-15
 -2.4750000000000000e+01   9.9746095738812332e-11   5.3608211053472061e-15
 -2.4699999999999999e+01   9.9751242477549137e-11   5.5077547115802520e-15
 -2.4649999999999999e+01   9.9754213961424013e-11   5.6633006558957668e-15
 -2.4599999999999998e+01   9.9754615429686258e-11   5.8177730835567988e-15
 -2.4549999999999997e+01   9.9752893616561133e-11   5.9766187946263780e-15
 -2.4500000000000000e+01   9.9749769889091327e-11   6.1366475917555789e-15
 -2.4449999999999999e+01   9.9745882359938821e-11   6.2996432061116882e-15
 -2.4399999999999999e+01   9.9741714364291599e-11   6.4645216179966002e-15
 -2.4349999999999998e+01   9.9737593516213069e-11   6.6318435366261400e-15
 -2.4299999999999997e+01   9.9733686976831605e-11   6.8012172212104449e-15
 -2.4250000000000000e+01   9.9730000689751560e-11   6.9727928174502790e-15
 -2.4199999999999999e+01   9.9726426866823663e-11   7.1464023440328817e-15
 -2.4149999999999999e+01   9.9722826593761354e-11   7.3220542906158731e-15
 -2.4099999999999998e+01   9.9719103886679738e-11   7.4996488836521685e-15
 -2.4049999999999997e+01   9.9715233530067418e-11   7.6791416599621395e-15
 -2.4000000000000000e+01   9.9711243124980125e-11   7.8604491686416560e-15
 -2.3949999999999999e+01   9.9707175678746091e-11   8.0435029850900636e-15
 -2.3899999999999999e+01   9.9703060904071611e-11   8.2282184326107278e-15
 -2.3849999999999998e+01   9.9698906657317578e-11   8.4145123500361258e-15
 -2.3799999999999997e+01   9.9694705691830938e-11   8.6022926576970041e-15
 -2.3750000000000000e+01   9.9690446589245644e-11   8.7914641348533669e-15
 -2.3699999999999999e+01   9.9686121015859531e-11   8.9819248750864968e-15
 -2.3649999999999999e+01   9.9681725529190069e-11   9.1735680978734835e-15
 -2.3599999999999998e+01   9.9677260055290516e-11   9.3662808799852683e-15
 -2.3549999999999997e+01   9.9672725678191483e-11   9.5599446558263228e-15
 -2.3500000000000000e+01   9.9668123163468026e-11   9.7544347003166797e-15
 -2.3449999999999999e+01   9.9663452412124953e-11   9.9496201955607027e-15
 -2.3399999999999999e+01   9.9658712520966623e-11   1.0145363961417761e-14
 -2.3349999999999998e+01   9.9653902109038448e-11   1.0341522378602820e-14
 -2.3299999999999997e+01   9.9649019685658549e-11   1.0537945200819279e-14
 -2.3250000000000000e+01   9.9644063916863022e-11   1.0734475430481753e-14
 -2.3199999999999999e+01   9.9639033716777794e-11   1.0930949158013227e-14
 -2.3149999999999999e+01   9.9633928178248945e-11   1.1127195422408477e-14
 -2.3099999999999998e+01   9.9628746431445849e-11   1.1323036060226894e-14
 -2.3049999999999997e+01   9.9623487532178904e-11   1.1518285562134096e-14
 -2.3000000000000000e+01   9.9618150432076261e-11   1.1712750926300733e-14
 -2.2949999999999999e+01   9.9612734016261887e-11   1.1906231515087006e-14
 -2.2899999999999999e+01   9.9607237158824565e-11   1.2098518911616483e-14
 -2.2849999999999998e+01   9.9601658755011635e-11   1.2289396778512015e-14
 -2.2799999999999997e+01   9.9595997720429794e-11   1.2478640717808358e-14
 -2.2750000000000000e+01   9.9590252972375631e-11   1.2666018132981592e-14
 -2.2699999999999999e+01   9.9584423413151223e-11   1.2851288092894121e-14
 -2.2649999999999999e+01   9.9578507925038823e-11   1.3034201198169384e-14
 -2.2599999999999998e+01   9.9572505374704161e-11   1.3214499450058897e-14
 -2.2549999999999997e+01   9.9566414619712816e-11   1.3391916122195469e-14
 -2.2500000000000000e+01   9.9560234511938058e-11   1.3566175635410265e-14
 -2.2449999999999999e+01   9.9553963897196709e-11   1.3736993435945373e-14
 -2.2399999999999999e+01   9.9547601613274355e-11   1.3904075877308773e-14
 -2.2349999999999998e+01   9.9541146488475667e-11   1.4067120106120991e-14
 -2.2299999999999997e+01   9.9534597341421462e-11   1.4225813952217094e-14
 -2.2250000000000000e+01   9.9527952981631749e-11   1.4379835823334262e-14
 -2.2199999999999999e+01   9.9521212210111370e-11   1.4528854604745873e-14
 -2.2149999999999999e+01   9.9514373819581535e-11   1.4672529564120569e-14
 -2.2099999999999998e+01   9.9507436594410069e-11   1.4810510262025326e-14
 -2.2049999999999997e+01   9.9500399310471680e-11   1.4942436468380363e-14
 -2.2000000000000000e+01   9.9493260735092577e-11   1.5067938085277253e-14
 -2.1949999999999999e+01   9.9486019627103232e-11   1.5186635076513080e-14
 -2.1899999999999999e+01   9.9478674736928615e-11   1.5298137404263824e-14
 -2.1849999999999998e+01   9.9471224806639497e-11   1.5402044973300328e-14
 -2.1799999999999997e+01   9.9463668569970232e-11   1.5497947583142245e-14
 -2.1750000000000000e+01   9.9456004752317192e-11   1.5585424888621669e-14
 -2.1699999999999999e+01   9.9448232070746344e-11   1.5664046369258128e-14
 -2.1649999999999999e+01   9.9440349234004855e-11   1.5733371307938792e-14
 -2.1599999999999998e+01   9.9432354942518013e-11   1.5792948779353374e-14
 -2.1549999999999997e+01   9.9424247888377263e-11   1.5842317648661249e-14
 -2.1500000000000000e+01   9.9416026755323792e-11   1.5881006580898455e-14
 -2.1449999999999999e+01   9.9407690218733741e-11   1.5908534061612868e-14
 -2.1399999999999999e+01   9.9399236945584886e-11   1.5924408429279237e-14
 -2.1349999999999998e+01   9.9390665594411208e-11   1.5928127919986391e-14
 -2.1299999999999997e+01   9.9381974815256157e-11   1.5919180724966396e-14
 -2.1250000000000000e+01   9.9373163249609478e-11   1.5897045061531412e-14
 -2.1199999999999999e+01   9.9364229530338059e-11   1.5861189257956148e-14
 -2.1149999999999999e+01   9.9355172281598787e-11   1.5811071852940853e-14
 -2.1099999999999998e+01   9.9345990118742368e-11   1.5746141710196595e-14
 -2.1049999999999997e+01   9.9336681648197514e-11   1.5665838148825706e-14
 -2.1000000000000000e+01   9.9327245467350300e-11   1.5569591090053472e-14
 -2.0949999999999999e+01   9.9317680164398015e-11   1.5456821221031864e-14
 -2.0899999999999999e+01   9.9307984318193974e-11   1.5326940176277420e-14
 -2.0849999999999998e+01   9.9298156498075333e-11   1.5179350737492380e-14
 -2.0799999999999997e+01   9.9288195263671742e-11   1.5013447052387456e-14
 -2.0750000000000000e+01   9.9278099164698691e-11   1.4828614873226195e-14
 -2.0699999999999999e+01   9.9267866740719410e-11   1.4624231815805826e-14
 -2.0649999999999999e+01   9.9257496520890201e-11   1.4399667639557626e-14
 -2.0599999999999998e+01   9.9246987023692061e-11   1.4154284549534687e-14
 -2.0549999999999997e+01   9.9236336756633185e-11   1.3887437521021178e-14
 -2.0500000000000000e+01   9.9225544215921323e-11   1.3598474647515764e-14
 -2.0449999999999999e+01   9.9214607886116975e-11   1.3286737512856744e-14
 -2.0399999999999999e+01   9.9203526239755079e-11   1.2951561588303413e-14
 -2.0349999999999998e+01   9.9192297736947638e-11   1.2592276655317101e-14
 -2.0299999999999997e+01   9.9180920824955304e-11   1.2208207254910359e-14
 -2.0250000000000000e+01   9.9169393937717336e-11   1.1798673164348249e-14
 -2.0199999999999999e+01   9.9157715495356117e-11   1.1362989902032905e-14
 -2.0149999999999999e+01   9.9145883903649036e-11   1.0900469261450015e-14
 -2.0099999999999998e+01   9.9133897553467393e-11   1.0410419874992560e-14
 -2.0049999999999997e+01   9.9121754820173521e-11   9.8921478085707379e-15
 -2.0000000000000000e+01   9.9109454062980487e-11   9.3449571878508510e-15
 -1.9949999999999999e+01   9.9096993624280422e-11   8.7681508570303191e-15
 -1.9899999999999999e+01   9.9084371828922311e-11   8.1610310710671732e-15
 -1.9849999999999998e+01   9.9071586983446389e-11   7.5229002222303062e-15
 -1.9799999999999997e+01   9.9058637375276283e-11   6.8530616019345187e-15
 -1.9750000000000000e+01   9.9045521271872479e-11   6.1508201987466444e-15
 -1.9699999999999999e+01   9.9032236919825737e-11   5.4154835335608680e-15
 -1.9649999999999999e+01   9.9018782543906168e-11   4.6463625328048166e-15
 -1.9599999999999998e+01   9.9005156346062433e-11   3.8427724407155492e-15
 -1.9549999999999997e+01   9.8991356504366379e-11   3.0040337715793478e-15
 -1.9500000000000000e+01   9.8977381171896426e-11   2.1294733029491337e-15
 -1.9449999999999999e+01   9.8963228475565963e-11   1.2184251107712074e-15
 -1.9399999999999999e+01   9.8948896514895517e-11   2.7023164743463469e-16
 -1.9349999999999998e+01   9.8934383360720299e-11  -7.1575513629356258e-16
 -1.9299999999999997e+01   9.8919687053831764e-11  -1.7401726244542749e-15
 -1.9250000000000000e+01   9.8904805603558606e-11  -2.8036463232282941e-15
 -1.9199999999999999e+01   9.8889736986277892e-11  -3.9067886013926006e-15
 -1.9149999999999999e+01   9.8874479143852626e-11  -5.0501973829385088e-15
 -1.9099999999999998e+01   9.8859029981995255e-11  -6.2344547908383013e-15
 -1.9049999999999997e+01   9.8843387368556334e-11  -7.4601257409799624e-15
 -1.9000000000000000e+01   9.8827549131734106e-11  -8.7277564852649834e-15
 -1.8949999999999999e+01   9.8811513058206923e-11  -1.0037873102895820e-14
 -1.8899999999999999e+01   9.8795276891183038e-11  -1.1390979938844342e-14
 -1.8849999999999998e+01   9.8778838328361708e-11  -1.2787557988533649e-14
 -1.8799999999999997e+01   9.8762195019807186e-11  -1.4228063227757445e-14
 -1.8750000000000000e+01   9.8745344565733516e-11  -1.5712924886856836e-14
 -1.8699999999999999e+01   9.8728284514199712e-11  -1.7242543668206953e-14
 -1.8649999999999999e+01   9.8711012358702908e-11  -1.8817289906030861e-14
 -1.8599999999999998e+01   9.8693525535668500e-11  -2.0437501667630286e-14
 -1.8549999999999997e+01   9.8675821421842919e-11  -2.2103482795089820e-14
 -1.8500000000000000e+01   9.8657897331583885e-11  -2.3815500886529905e-14
 -1.8449999999999999e+01   9.8639750514041342e-11  -2.5573785216011335e-14
 -1.8399999999999999e+01   9.8621378150226389e-11  -2.7378524591199285e-14
 -1.8349999999999998e+01   9.8602777349967006e-11  -2.9229865147921723e-14
 -1.8299999999999997e+01   9.8583945148749117e-11  -3.1127908080772945e-14
 -1.8250000000000000e+01   9.8564878504435189e-11  -3.3072707308927419e-14
 -1.8199999999999999e+01   9.8545574293857893e-11  -3.5064267076363149e-14
 -1.8149999999999999e+01   9.8526029309289225e-11  -3.7102539485706965e-14
 -1.8099999999999998e+01   9.8506240254784248e-11  -3.9187421964952139e-14
 -1.8049999999999997e+01   9.8486203742389727e-11  -4.1318754666309311e-14
 -1.8000000000000000e+01   9.8465916288216613e-11  -4.3496317796524580e-14
 -1.7949999999999999e+01   9.8445374308367128e-11  -4.5719828877947503e-14
 -1.7899999999999999e+01   9.8424574114725904e-11  -4.7988939939790413e-14
 -1.7849999999999998e+01   9.8403511910605921e-11  -5.0303234638903303e-14
 -1.7799999999999997e+01   9.8382183786242385e-11  -5.2662225309583713e-14
 -1.7750000000000000e+01   9.8360585714134793e-11  -5.5065349941878638e-14
 -1.7699999999999999e+01   9.8338713544225810e-11  -5.7511969087888891e-14
 -1.7649999999999999e+01   9.8316562998924345e-11  -6.0001362695702558e-14
 -1.7600000000000001e+01   9.8294129667968006e-11  -6.2532726870524658e-14
 -1.7549999999999997e+01   9.8271409003119433e-11  -6.5105170562735755e-14
 -1.7500000000000000e+01   9.8248396312687999e-11  -6.7717712182571364e-14
 -1.7449999999999999e+01   9.8225086755876364e-11  -7.0369276141241454e-14
 -1.7399999999999999e+01   9.8201475336946774e-11  -7.3058689318290061e-14
 -1.7350000000000001e+01   9.8177556899212355e-11  -7.5784677455166637e-14
 -1.7299999999999997e+01   9.8153326118844514e-11  -7.8545861474928619e-14
 -1.7250000000000000e+01   9.8128777498487820e-11  -8.1340753728165739e-14
 -1.7199999999999999e+01   9.8103905360679092e-11  -8.4167754165227368e-14
 -1.7149999999999999e+01   9.8078703841070300e-11  -8.7025146434953618e-14
 -1.7100000000000001e+01   9.8053166881454975e-11  -8.9911093910177127e-14
 -1.7049999999999997e+01   9.8027288222593987e-11  -9.2823635640364717e-14
 -1.7000000000000000e+01   9.8001061396826350e-11  -9.5760682231798753e-14
 -1.6949999999999999e+01   9.7974479720471799e-11  -9.8720011655874506e-14
 -1.6899999999999999e+01   9.7947536286024743e-11  -1.0169926498606345e-13
 -1.6850000000000001e+01   9.7920223954128114e-11  -1.0469594206428675e-13
 -1.6799999999999997e+01   9.7892535345320538e-11  -1.0770739709752364e-13
 -1.6750000000000000e+01   9.7864462831559787e-11  -1.1073083418557642e-13
 -1.6699999999999999e+01   9.7835998527520682e-11  -1.1376330278098733e-13
 -1.6649999999999999e+01   9.7807134281659402e-11  -1.1680169308222956e-13
 -1.6600000000000001e+01   9.7777861667043251e-11  -1.1984273136146694e-13
 -1.6549999999999997e+01   9.7748171971937552e-11  -1.2288297522821761e-13
 -1.6500000000000000e+01   9.7718056190152126e-11  -1.2591880883047888e-13
 -1.6449999999999999e+01   9.7687505011145834e-11  -1.2894643799486795e-13
 -1.6399999999999999e+01   9.7656508809880132e-11  -1.3196188530754969e-13
 -1.6350000000000001e+01   9.7625057636415379e-11  -1.3496098513785253e-13
 -1.6299999999999997e+01   9.7593141205255634e-11  -1.3793937860667053e-13
 -1.6250000000000000e+01   9.7560748884437941e-11  -1.4089250850178356e-13
 -1.6199999999999999e+01   9.7527869684359959e-11  -1.4381561414245637e-13
 -1.6149999999999999e+01   9.7494492246340008e-11  -1.4670372619576803e-13
 -1.6100000000000001e+01   9.7460604830912766e-11  -1.4955166144740235e-13
 -1.6049999999999997e+01   9.7426195305854724e-11  -1.5235401752969913e-13
 -1.6000000000000000e+01   9.7391251133937296e-11  -1.5510516761002409e-13
 -1.5949999999999999e+01   9.7355759360407777e-11  -1.5779925504257949e-13
 -1.5899999999999999e+01   9.7319706600192305e-11  -1.6043018798700850e-13
 -1.5850000000000000e+01   9.7283079024818287e-11  -1.6299163399739248e-13
 -1.5799999999999999e+01   9.7245862349056973e-11  -1.6547701458543477e-13
 -1.5750000000000000e+01   9.7208041817284773e-11  -1.6787949976177956e-13
 -1.5699999999999999e+01   9.7169602189559270e-11  -1.7019200255959310e-13
 -1.5649999999999999e+01   9.7130527727407514e-11  -1.7240717354476800e-13
 -1.5600000000000000e+01   9.7090802179328823e-11  -1.7451739531740200e-13
 -1.5549999999999999e+01   9.7050408766007756e-11  -1.7651477700940240e-13
 -1.5500000000000000e+01   9.7009330165237312e-11  -1.7839114878330985e-13
 -1.5449999999999999e+01   9.6967548496552989e-11  -1.8013805633756918e-13
 -1.5399999999999999e+01   9.6925045305576077e-11  -1.8174675542377627e-13
 -1.5350000000000000e+01   9.6881801548062168e-11  -1.8320820638173872e-13
 -1.5299999999999999e+01   9.6837797573659965e-11  -1.8451306869852145e-13
 -1.5250000000000000e+01   9.6793013109378671e-11  -1.8565169559775507e-13
 -1.5199999999999999e+01   9.6747427242762927e-11  -1.8661412866577817e-13
 -1.5149999999999999e+01   9.6701018404778757e-11  -1.8739009252145910e-13
 -1.5100000000000000e+01   9.6653764352410670e-11  -1.8796898953692842e-13
 -1.5049999999999999e+01   9.6605642150967513e-11  -1.8833989461678918e-13
 -1.5000000000000000e+01   9.6556628156100064e-11  -1.8849155004359465e-13
 -1.4949999999999999e+01   9.6506697995536060e-11  -1.8841236039759332e-13
 -1.4899999999999999e+01   9.6455826550531585e-11  -1.8809038755907784e-13
 -1.4850000000000000e+01   9.6403987937041125e-11  -1.8751334580219985e-13
 -1.4799999999999999e+01   9.6351155486611235e-11  -1.8666859698943108e-13
 -1.4750000000000000e+01   9.6297301726995346e-11  -1.8554314587606471e-13
 -1.4699999999999999e+01   9.6242398362499764e-11  -1.8412363553448271e-13
 -1.4649999999999999e+01   9.6186416254063942e-11  -1.8239634290818592e-13
 -1.4600000000000000e+01   9.6129325399074527e-11  -1.8034717450624130e-13
 -1.4549999999999999e+01   9.6071094910922474e-11  -1.7796166224921128e-13
 -1.4500000000000000e+01   9.6011692998306582e-11  -1.7522495947778509e-13
 -1.4449999999999999e+01   9.5951086944290526e-11  -1.7212183713569296e-13
 -1.4400000000000000e+01   9.5889243085120142e-11  -1.6863668013885150e-13
 -1.4350000000000000e+01   9.5826126788803251e-11  -1.6475348394339254e-13
 -1.4299999999999999e+01   9.5761702433462029e-11  -1.6045585132572534e-13
 -1.4250000000000000e+01   9.5695933385465895e-11  -1.5572698938796007e-13
 -1.4199999999999999e+01   9.5628781977354540e-11  -1.5054970680232464e-13
 -1.4150000000000000e+01   9.5560209485558718e-11  -1.4490641130869446e-13
 -1.4100000000000000e+01   9.5490176107925908e-11  -1.3877910748015543e-13
 -1.4049999999999999e+01   9.5418640941061665e-11  -1.3214939477208096e-13
 -1.4000000000000000e+01   9.5345561957498500e-11  -1.2499846587040725e-13
 -1.3949999999999999e+01   9.5270895982704634e-11  -1.1730710535503301e-13
 -1.3900000000000000e+01   9.5194598671943021e-11  -1.0905568869487708e-13
 -1.3850000000000000e+01   9.5116624486992330e-11  -1.0022418159205345e-13
 -1.3799999999999999e+01   9.5036926672744349e-11  -9.0792139693270941e-14
 -1.3750000000000000e+01   9.4955457233691314e-11  -8.0738708686741041e-14
 -1.3699999999999999e+01   9.4872166910318456e-11  -7.0042624803101856e-14
 -1.3650000000000000e+01   9.4787005155417634e-11  -5.8682215739547829e-14
 -1.3600000000000000e+01   9.4699920110338177e-11  -4.6635402027471650e-14
 -1.3549999999999999e+01   9.4610858581192002e-11  -3.3879698864662443e-14
 -1.3500000000000000e+01   9.4519766015027953e-11  -2.0392218433233126e-14
 -1.3449999999999999e+01   9.4426586476000577e-11  -6.1496727246777155e-15
 -1.3400000000000000e+01   9.4331262621550108e-11   8.8716231058799047e-15
 -1.3350000000000000e+01   9.4233735678613441e-11   2.4695746832699020e-14
 -1.3299999999999999e+01   9.4133945419888096e-11   4.1347164675404470e-14
 -1.3250000000000000e+01   9.4031830140172961e-11   5.8850726213492776e-14
 -1.3199999999999999e+01   9.3927326632809777e-11   7.7231658674902558e-14
 -1.3150000000000000e+01   9.3820370166249408e-11   9.6515560573234113e-14
 -1.3100000000000000e+01   9.3710894460768583e-11   1.1672839466660190e-13
 -1.3049999999999999e+01   9.3598831665365133e-11   1.3789648021010251e-13
 -1.3000000000000000e+01   9.3484112334860566e-11   1.6004648447388259e-13
 -1.2949999999999999e+01   9.3366665407238041e-11   1.8320541349889669e-13
 -1.2900000000000000e+01   9.3246418181246066e-11   2.0740060206131783e-13
 -1.2850000000000000e+01   9.3123296294300522e-11   2.3265970281465411e-13
 -1.2799999999999999e+01   9.2997223700719116e-11   2.5901067457739937e-13
 -1.2750000000000000e+01   9.2868122650322819e-11   2.8648176973422772e-13
 -1.2699999999999999e+01   9.2735913667439183e-11   3.1510152071900349e-13
 -1.2650000000000000e+01   9.2600515530345042e-11   3.4489872554660225e-13
 -1.2600000000000000e+01   9.2461845251186959e-11   3.7590243235817543e-13
 -1.2549999999999999e+01   9.2319818056422851e-11   4.0814192294300318e-13
 -1.2500000000000000e+01   9.2174347367825659e-11   4.4164669520053623e-13
 -1.2449999999999999e+01   9.2025344784090879e-11   4.7644644450667863e-13
 -1.2400000000000000e+01   9.1872720063093920e-11   5.1257104394692311e-13
 -1.2350000000000000e+01   9.1716381104843378e-11   5.5005052337599895e-13
 -1.2299999999999999e+01   9.1556233935182272e-11   5.8891504726190368e-13
 -1.2250000000000000e+01   9.1392182690287908e-11   6.2919489127294522e-13
 -1.2199999999999999e+01   9.1224129602019848e-11   6.7092041756723267e-13
 -1.2150000000000000e+01   9.1051974984171674e-11   7.1412204874233949e-13
 -1.2100000000000000e+01   9.0875617219682172e-11   7.5883024039919943e-13
 -1.2049999999999999e+01   9.0694952748866527e-11   8.0507545227210907e-13
 -1.2000000000000000e+01   9.0509876058731102e-11   8.5288811787785037e-13
 -1.1949999999999999e+01   9.0320279673429622e-11   9.0229861263828720e-13
 -1.1900000000000000e+01   9.0126054145925491e-11   9.5333722042872132e-13
 -1.1850000000000000e+01   8.9927088050928908e-11   1.0060340984996814e-12
 -1.1799999999999999e+01   8.9723267979184634e-11   1.0604192407171524e-12
 -1.1750000000000000e+01   8.9514478533181258e-11   1.1165224390679410e-12
 -1.1699999999999999e+01   8.9300602324353806e-11   1.1743732433788096e-12
 -1.1650000000000000e+01   8.9081519971855648e-11   1.2340009191956423e-12
 -1.1600000000000000e+01   8.8857110102982399e-11   1.2954344037629783e-12
 -1.1549999999999999e+01   8.8627249355337149e-11   1.3587022600409978e-12
 -1.1500000000000000e+01   8.8391812380823127e-11   1.4238326286993810e-12
 -1.1449999999999999e+01   8.8150671851549890e-11   1.4908531780303585e-12
 -1.1400000000000000e+01   8.7903698467744778e-11   1.5597910517203646e-12
 -1.1350000000000000e+01   8.7650760967765879e-11   1.6306728144122109e-12
 -1.1299999999999999e+01   8.7391726140323406e-11   1.7035243949855460e-12
 -1.1250000000000000e+01   8.7126458839013520e-11   1.7783710274866875e-12
 -1.1199999999999999e+01   8.6854821999266763e-11   1.8552371896429839e-12
 -1.1150000000000000e+01   8.6576676657819383e-11   1.9341465388933932e-12
 -1.1100000000000000e+01   8.6291881974825980e-11   2.0151218458572996e-12
 -1.1049999999999999e+01   8.6000295258740605e-11   2.0981849251583957e-12
 -1.1000000000000000e+01   8.5701771994090028e-11   2.1833565635249327e-12
 -1.0949999999999999e+01   8.5396165872260250e-11   2.2706564450934036e-12
 -1.0900000000000000e+01   8.5083328825426059e-11   2.3601030738384556e-12
 -1.0850000000000000e+01   8.4763111063765963e-11   2.4517136930394217e-12
 -1.0799999999999999e+01   8.4435361116115904e-11   2.5455042016871512e-12
 -1.0750000000000000e+01   8.4099925874211428e-11   2.6414890677409470e-12
 -1.0699999999999999e+01   8.3756650640662637e-11   2.7396812381533574e-12
 -1.0650000000000000e+01   8.3405379180817146e-11   2.8400920455753292e-12
 -1.0600000000000000e+01   8.3045953778680929e-11   2.9427311116382121e-12
 -1.0549999999999999e+01   8.2678215297084931e-11   3.0476062467003810e-12
 -1.0500000000000000e+01   8.2302003242276396e-11   3.1547233459545707e-12
 -1.0449999999999999e+01   8.1917155833110236e-11   3.2640862818027588e-12
 -1.0400000000000000e+01   8.1523510075025440e-11   3.3756967923991678e-12
 -1.0350000000000000e+01   8.1120901839014850e-11   3.4895543662409630e-12
 -1.0299999999999999e+01   8.0709165945813991e-11   3.6056561226750195e-12
 -1.0250000000000000e+01   8.0288136255528277e-11   3.7239966882001203e-12
 -1.0199999999999999e+01   7.9857645762909119e-11   3.8445680684587358e-12
 -1.0150000000000000e+01   7.9417526698502925e-11   3.9673595158046228e-12
 -1.0100000000000000e+01   7.8967610635928315e-11   4.0923573923052705e-12
 -1.0050000000000001e+01   7.8507728605556983e-11   4.2195450280234688e-12
 -1.0000000000000000e+01   7.8037711214867311e-11   4.3489025744368625e-12
 -9.9499999999999993e+00   7.7557388775725784e-11   4.4804068528744325e-12
 -9.9000000000000004e+00   7.7066591438868650e-11   4.6140311978390405e-12
 -9.8499999999999996e+00   7.6565149335895866e-11   4.7497452950495556e-12
 -9.8000000000000007e+00   7.6052892729120756e-11   4.8875150140166350e-12
 -9.7500000000000000e+00   7.5529652169605968e-11   5.0273022349856527e-12
 -9.6999999999999993e+00   7.4995258663697737e-11   5.1690646701072086e-12
 -9.6500000000000004e+00   7.4449543848390325e-11   5.3127556786835500e-12
 -9.5999999999999996e+00   7.3892340175910798e-11   5.4583240762926224e-12
 -9.5500000000000007e+00   7.3323481107947921e-11   5.6057139375655203e-12
 -9.5000000000000000e+00   7.2742801319935205e-11   5.7548643924188934e-12
 -9.4499999999999993e+00   7.2150136915774220e-11   5.9057094155800950e-12
 -9.4000000000000004e+00   7.1545325653409557e-11   6.0581776092277508e-12
 -9.3499999999999996e+00   7.0928207181739555e-11   6.2121919785092321e-12
 -9.3000000000000007e+00   7.0298623289393640e-11   6.3676696996619694e-12
 -9.2500000000000000e+00   6.9656418165889736e-11   6.5245218804994788e-12
 -9.1999999999999993e+00   6.9001438675652276e-11   6.6826533130716871e-12
 -9.1500000000000004e+00   6.8333534645403236e-11   6.8419622182902745e-12
 -9.1000000000000014e+00   6.7652559165533243e-11   7.0023399822291880e-12
 -9.0500000000000007e+00   6.6958368906121414e-11   7.1636708837643441e-12
 -9.0000000000000000e+00   6.6250824448251062e-11   7.3258318132611172e-12
 -8.9499999999999993e+00   6.5529790631222896e-11   7.4886919820835547e-12
 -8.8999999999999986e+00   6.4795136916308401e-11   7.6521126226757385e-12
 -8.8500000000000014e+00   6.4046737767809477e-11   7.8159466788594573e-12
 -8.8000000000000007e+00   6.3284473052275789e-11   7.9800384859303888e-12
 -8.7500000000000000e+00   6.2508228456698188e-11   8.1442234401936016e-12
 -8.6999999999999993e+00   6.1717895926436691e-11   8.3083276576667371e-12
 -8.6499999999999986e+00   6.0913374123694142e-11   8.4721676216497885e-12
 -8.6000000000000014e+00   6.0094568907508648e-11   8.6355498187201007e-12
 -8.5500000000000007e+00   5.9261393836349891e-11   8.7982703626277389e-12
 -8.5000000000000000e+00   5.8413770694363479e-11   8.9601146056432141e-12
 -8.4499999999999993e+00   5.7551630042225174e-11   9.1208567370268984e-12
 -8.3999999999999986e+00   5.6674911793633470e-11   9.2802593682525532e-12
 -8.3500000000000014e+00   5.5783565818682563e-11   9.4380731044317762e-12
 -8.3000000000000007e+00   5.4877552575505203e-11   9.5940361012735265e-12
 -8.2500000000000000e+00   5.3956843771521432e-11   9.7478736070133710e-12
 -8.1999999999999993e+00   5.3021423055518200e-11   9.8992974889042181e-12
 -8.1499999999999986e+00   5.2071286741868403e-11   1.0048005743814381e-11
 -8.1000000000000014e+00   5.1106444568478216e-11   1.0193681992232469e-11
 -8.0500000000000007e+00   5.0126920490248886e-11   1.0335994954826277e-11
 -8.0000000000000000e+00   4.9132753509767096e-11   1.0474597910833974e-11
 -7.9499999999999993e+00   4.8123998546785855e-11   1.0609128137776552e-11
 -7.8999999999999986e+00   4.7100727348164375e-11   1.0739206331922997e-11
 -7.8500000000000014e+00   4.6063029440303359e-11   1.0864436008612435e-11
 -7.8000000000000007e+00   4.5011013126372917e-11   1.0984402881330790e-11
 -7.7500000000000000e+00   4.3944806530532979e-11   1.1098674218610449e-11
 -7.6999999999999993e+00   4.2864558691141257e-11   1.1206798178103850e-11
 -7.6499999999999986e+00   4.1770440705072699e-11   1.1308303117109842e-11
 -7.6000000000000014e+00   4.0662646925757368e-11   1.1402696878396527e-11
 -7.5500000000000007e+00   3.9541396217889504e-11   1.1489466049882691e-11
 -7.5000000000000000e+00   3.8406933271630287e-11   1.1568075196962664e-11
 -7.4499999999999993e+00   3.7259529978842002e-11   1.1637966066637911e-11
 -7.3999999999999986e+00   3.6099486874049872e-11   1.1698556762528803e-11
 -7.3500000000000014e+00   3.4927134643458696e-11   1.1749240889259861e-11
 -7.3000000000000007e+00   3.3742835705808614e-11   1.1789386664327253e-11
 -7.2500000000000000e+00   3.2546985868675001e-11   1.1818335995846894e-11
 -7.1999999999999993e+00   3.1340016063423383e-11   1.1835403525089059e-11
 -7.1499999999999986e+00   3.0122394162216988e-11   1.1839875632593484e-11
 -7.1000000000000014e+00   2.8894626881297868e-11   1.1831009405883609e-11
 -7.0500000000000007e+00   2.7657261775362458e-11   1.1808031566272670e-11
 -7.0000000000000000e+00   2.6410889327603278e-11   1.1770137352629557e-11
 -6.9499999999999993e+00   2.5156145139436486e-11   1.1716489360653649e-11
 -6.8999999999999986e+00   2.3893712224148063e-11   1.1646216336068627e-11
 -6.8500000000000014e+00   2.2624323409757949e-11   1.1558411919107243e-11
 -6.8000000000000007e+00   2.1348763857185034e-11   1.1452133336937059e-11
 -6.7500000000000000e+00   2.0067873699441985e-11   1.1326400041162566e-11
 -6.6999999999999993e+00   1.8782550806809320e-11   1.1180192288454329e-11
 -6.6499999999999986e+00   1.7493753683163774e-11   1.1012449662183138e-11
 -6.6000000000000014e+00   1.6202504500009055e-11   1.0822069531544367e-11
 -6.5500000000000007e+00   1.4909892275770480e-11   1.0607905443664186e-11
 -6.5000000000000000e+00   1.3617076207401418e-11   1.0368765444805649e-11
 -6.4499999999999993e+00   1.2325289160237610e-11   1.0103410328023278e-11
 -6.3999999999999986e+00   1.1035841322239592e-11   9.8105518044022438e-12
 -6.3500000000000014e+00   9.7501240305161427e-12   9.4888505931452413e-12
 -6.3000000000000007e+00   8.4696137793128051e-12   9.1369144243995350e-12
 -6.2500000000000000e+00   7.1958764178903998e-12   8.7532959495227830e-12
 -6.1999999999999993e+00   5.9305715451085768e-12   8.3364905551442109e-12
 -6.1499999999999986e+00   4.6754571076493534e-12   7.8849340771180819e-12
 -6.1000000000000014e+00   3.4323942110185475e-12   7.3970004079438891e-12
 -6.0500000000000007e+00   2.2033521540763997e-12   6.8709989893320135e-12
 -6.0000000000000000e+00   9.9041369669828913e-13   6.3051721826300831e-12
 -5.9499999999999993e+00  -2.0421943219229527e-13   5.6976925120642575e-12
 -5.8999999999999986e+00  -1.3782207790718267e-12   5.0466597754392407e-12
 -5.8500000000000014e+00  -2.5291331528885615e-12   4.3500980135387412e-12
 -5.8000000000000007e+00  -3.6543623429458816e-12   3.6059523268434012e-12
 -5.7500000000000000e+00  -4.7511705575684394e-12   2.8120855295166903e-12
 -5.6999999999999993e+00  -5.8166695770323818e-12   1.9662746336451086e-12
 -5.6499999999999986e+00  -6.8478136147950774e-12   1.0662071563636680e-12
 -5.6000000000000014e+00  -7.8413918778373251e-12   1.0947723790895506e-13
 -5.5500000000000007e+00  -8.7940208146818635e-12  -9.0641844499041771e-13
 -5.5000000000000000e+00  -9.7021360424828635e-12  -1.9840849842510513e-12
 -5.4499999999999993e+00  -1.0561983949892132e-11  -3.1262337738201737e-12
 -5.3999999999999986e+00  -1.1369612973874880e-11  -4.3356872813972829e-12
 -5.3500000000000014e+00  -1.2120864545036667e-11  -5.6153840747552743e-12
 -5.3000000000000007e+00  -1.2811363693685758e-11  -6.9683841239332389e-12
 -5.2500000000000000e+00  -1.3436509313451563e-11  -8.3978743983063030e-12
 -5.1999999999999993e+00  -1.3991464087467217e-11  -9.9071747718140796e-12
 -5.1499999999999986e+00  -1.4471144085347731e-11  -1.1499744249905380e-11
 -5.1000000000000014e+00  -1.4870208035609447e-11  -1.3179187540011286e-11
 -5.0500000000000007e+00  -1.5183046276287769e-11  -1.4949261994200034e-11
 -5.0000000000000000e+00  -1.5403769394153485e-11  -1.6813884949583951e-11
 -4.9499999999999993e+00  -1.5526196575818627e-11  -1.8777141483990543e-11
 -4.8999999999999986e+00  -1.5543843700573438e-11  -2.0843292604309944e-11
 -4.8500000000000014e+00  -1.5449911202262277e-11  -2.3016783895795295e-11
 -4.8000000000000007e+00  -1.5237271727308475e-11  -2.5302254669741709e-11
 -4.7500000000000000e+00  -1.4898457629017580e-11  -2.7704547642496944e-11
 -4.6999999999999993e+00  -1.4425648359073852e-11  -3.0228719167048723e-11
 -4.6499999999999986e+00  -1.3810657829974916e-11  -3.2880050037221309e-11
 -4.6000000000000014e+00  -1.3044921822973205e-11  -3.5664056898339146e-11
 -4.5500000000000007e+00  -1.2119485520278024e-11  -3.8586504309909760e-11
 -4.5000000000000000e+00  -1.1024991263004527e-11  -4.1653417498701396e-11
 -4.4499999999999993e+00  -9.7516666707543068e-12  -4.4871095822727190e-11
 -4.3999999999999986e+00  -8.2893132834410290e-12  -4.8246126962453498e-11
 -4.3500000000000014e+00  -6.6272958950711307e-12  -5.1785401871854968e-11
 -4.3000000000000007e+00  -4.7545327634202525e-12  -5.5496130535399376e-11
 -4.2500000000000000e+00  -2.6594869201888646e-12  -5.9385858563987227e-11
 -4.1999999999999993e+00  -3.3015886472605999e-13  -6.3462484633654463e-11
 -4.1499999999999986e+00   2.2459190282122614e-12  -6.7734278758979128e-11
 -4.1000000000000014e+00   5.0816860286656736e-12  -7.2209901408806168e-11
 -4.0500000000000007e+00   8.1905541057670754e-12  -7.6898423483206836e-11
 -4.0000000000000000e+00   1.1586406048107264e-11  -8.1809347143776312e-11
 -3.9499999999999993e+00   1.5283590080110293e-11  -8.6952627437299389e-11
 -3.8999999999999986e+00   1.9296910313874834e-11  -9.2338694621565933e-11
 -3.8500000000000014e+00   2.3641612309677799e-11  -9.7978477106753617e-11
 -3.8000000000000007e+00   2.8333362937992709e-11  -1.0388342492233743e-10
 -3.7500000000000000e+00   3.3388223599033810e-11  -1.1006553355935699e-10
 -3.6999999999999993e+00   3.8822615675002430e-11  -1.1653736793644296e-10
 -3.6500000000000021e+00   4.4653276919092457e-11  -1.2331208615852615e-10
 -3.6000000000000014e+00   5.0897207342525226e-11  -1.3040346270153858e-10
 -3.5500000000000007e+00   5.7571602994374308e-11  -1.3782591060338815e-10
 -3.5000000000000000e+00   6.4693775778863623e-11  -1.4559450210028284e-10
 -3.4499999999999993e+00   7.2281057136266287e-11  -1.5372498693529326e-10
 -3.4000000000000021e+00   8.0350683100617305e-11  -1.6223380736933568e-10
 -3.3500000000000014e+00   8.8919657968612268e-11  -1.7113810877491191e-10
 -3.3000000000000007e+00   9.8004593499994613e-11  -1.8045574450358899e-10
 -3.2500000000000000e+00   1.0762152013794900e-10  -1.9020527338523234e-10
 -3.1999999999999993e+00   1.1778566620933367e-10  -2.0040594775783390e-10
 -3.1500000000000021e+00   1.2851120054566163e-10  -2.1107768945972792e-10
 -3.1000000000000014e+00   1.3981093350531959e-10  -2.2224105078646500e-10
 -3.0500000000000007e+00   1.5169597089073630e-10  -2.3391715690134319e-10
 -3.0000000000000000e+00   1.6417531463696101e-10  -2.4612762543991629e-10
 -2.9499999999999993e+00   1.7725540344212574e-10  -2.5889445808316303e-10
 -2.9000000000000021e+00   1.9093958588597113e-10  -2.7223989785972269e-10
 -2.8500000000000014e+00   2.0522751814233098e-10  -2.8618624494990252e-10
 -2.8000000000000007e+00   2.2011447806033519e-10  -3.0075562264583411e-10
 -2.7500000000000000e+00   2.3559058707140515e-10  -3.1596968367166135e-10
 -2.6999999999999993e+00   2.5163993119359802e-10  -3.3184924533100681e-10
 -2.6500000000000021e+00   2.6823957267136060e-10  -3.4841384020639778e-10
 -2.6000000000000014e+00   2.8535844475849106e-10  -3.6568116756352711e-10
 -2.5500000000000007e+00   3.0295612385062567e-10  -3.8366642908215962e-10
 -2.5000000000000000e+00   3.2098147561287230e-10  -4.0238153087359098e-10
 -2.4499999999999993e+00   3.3937117525716073e-10  -4.2183413216917287e-10
 -2.4000000000000021e+00   3.5804810733360990e-10  -4.4202652018719948e-10
 -2.3500000000000014e+00   3.7691965785823114e-10  -4.6295429104247900e-10
 -2.3000000000000007e+00   3.9587592152056135e-10  -4.8460481831617856e-10
 -2.2500000000000000e+00   4.1478785923583122e-10  -5.0695549420746788e-10
 -2.1999999999999993e+00   4.3350545689610807e-10  -5.2997173380235441e-10
 -2.1500000000000021e+00   4.5185595554699691e-10  -5.5360474228023291e-10
 -2.1000000000000014e+00   4.6964224668789380e-10  -5.7778905907339856e-10
 -2.0500000000000007e+00   4.8664155339663186e-10  -6.0243991267659915e-10
 -2.0000000000000000e+00   5.0260454724963874e-10  -6.2745044525467698e-10
 -1.9499999999999993e+00   5.1725508098943719e-10  -6.5268889807673446e-10
 -1.9000000000000021e+00   5.3029074545987266e-10  -6.7799588788527009e-10
 -1.8500000000000014e+00   5.4138448282665415e-10  -7.0318195009756662e-10
 -1.8000000000000007e+00   5.5018750073148437e-10  -7.2802557435392133e-10
 -1.7500000000000000e+00   5.5633372646611191e-10  -7.5227200633562606e-10
 -1.6999999999999993e+00   5.5944600891677750e-10  -7.7563313064731104e-10
 -1.6500000000000021e+00   5.5914421190791776e-10  -7.9778877516398257e-10
 -1.6000000000000014e+00   5.5505523964667687e-10  -8.1838977737844756e-10
 -1.5500000000000007e+00   5.4682488962879923e-10  -8.3706311539626669e-10
 -1.5000000000000000e+00   5.3413124259543420e-10  -8.5341931839155878e-10
 -1.4499999999999993e+00   5.1669908400201935e-10  -8.6706222683764365e-10
 -1.4000000000000021e+00   4.9431462852038664e-10  -8.7760097347120278e-10
 -1.3500000000000014e+00   4.6683961877728238e-10  -8.8466381330839544e-10
 -1.3000000000000007e+00   4.3422372770405040e-10  -8.8791316726540939e-10
 -1.2500000000000000e+00   3.9651414723776873e-10  -8.8706099284115964e-10
 -1.1999999999999993e+00   3.5386132546377537e-10  -8.8188340060299513e-10
 -1.1500000000000021e+00   3.0652003506737696e-10  -8.7223334248120351e-10
 -1.1000000000000014e+00   2.5484530911954683e-10  -8.5805024173950673e-10
 -1.0500000000000007e+00   1.9928322874281652e-10  -8.3936562722899307e-10
 -1.0000000000000000e+00   1.4035703135324874e-10  -8.1630416156063141e-10
 -9.4999999999999929e-01   7.8649457366646344e-11  -7.8907987462888086e-10
 -9.0000000000000213e-01   1.4782600090062102e-11  -7.5798787165852661e-10
 -8.5000000000000142e-01  -5.0603283244457294e-11  -7.2339220970746235e-10
 -8.0000000000000071e-01  -1.1687052579670505e-10  -6.8571096361616278e-10
 -7.5000000000000000e-01  -1.8340305135064718e-10  -6.4539968759043159e-10
 -6.9999999999999929e-01  -2.4962258590324178e-10  -6.0293450853636826e-10
 -6.5000000000000213e-01  -3.1500140733680203e-10  -5.5879597776176657e-10
 -6.0000000000000142e-01  -3.7907133519135341e-10  -5.1345459358907567e-10
 -5.5000000000000071e-01  -4.4142900940212076e-10  -4.6735863239696492e-10
 -5.0000000000000000e-01  -5.0173777487775861e-10  -4.2092463427687281e-10
 -4.4999999999999929e-01  -5.5972669001909229e-10  -3.7453062231183903e-10
 -4.0000000000000213e-01  -6.1518724905542392e-10  -3.2851191864377505e-10
 -3.5000000000000142e-01  -6.6796847898554484e-10  -2.8315926974058886e-10
 -3.0000000000000071e-01  -7.1797093852986307e-10  -2.3871890201184577e-10
 -2.5000000000000000e-01  -7.6514024844497488e-10  -1.9539409515359180e-10
 -1.9999999999999929e-01  -8.0946036190774770e-10  -1.5334786105439601e-10
 -1.5000000000000213e-01  -8.5094727315544038e-10  -1.1270636271817006e-10
 -1.0000000000000142e-01  -8.8964271285482148e-10  -7.3562738309578787e-11
 -5.0000000000000711e-02  -9.2560919647100476e-10  -3.5981050561801627e-11
  0.0000000000000000e+00  -9.5892454197056031e-10   0.0000000000000000e+00
