# Columns: x, u, lamda
# time_step 3000
# time   3.0000000000000000e+01
 -2.5149999999999999e+01   9.9162414691513539e-11   2.1380188530957318e-16
 -2.5099999999999998e+01   9.9162414691513539e-11   2.1380188530957318e-16
 -2.5049999999999997e+01   9.9162414691513539e-11   2.1380188530957318e-16
 -2.5000000000000000e+01   9.9162414691513539e-11   2.1380188530957318e-16
 -2.4949999999999999e+01   9.9163114117224570e-11   8.0966606187336372e-17
 -2.4899999999999999e+01   9.9164948885438371e-11   5.8941103698017112e-18
 -2.4849999999999998e+01   9.9168268462326173e-11  -1.0920323776221839e-16
 -2.4799999999999997e+01   9.9172577003248584e-11  -2.0768105032098996e-16
 -2.4750000000000000e+01   9.9176818839330705e-11  -3.2179440717598144e-16
 -2.4699999999999999e+01   9.9179650870169272e-11  -4.3326005509458581e-16
 -2.4649999999999999e+01   9.9179987839122037e-11  -5.5256317230586949e-16
 -2.4599999999999998e+01   9.9177118836481513e-11  -6.7378324866364249e-16
 -2.4549999999999997e+01   9.9171027646460852e-11  -8.0034723069749236e-16
 -2.4500000000000000e+01   9.9162404782440121e-11  -9.3037774180141136e-16
 -2.4449999999999999e+01   9.9152256641211733e-11  -1.0650114165451141e-15
 -2.4399999999999999e+01   9.9141457992295958e-11  -1.2036676763484281e-15
 -2.4349999999999998e+01   9.9130550749126356e-11  -1.3467375636256634e-15
 -2.4299999999999997e+01   9.9119773248821803e-11  -1.4940555745453196e-15
 -2.4250000000000000e+01   9.9109178014109063e-11  -1.6457674135487387e-15
 -2.4199999999999999e+01   9.9098721674163913e-11  -1.8018369283345240e-15
 -2.4149999999999999e+01   9.9088311138135781e-11  -1.9623256905286623e-15
 -2.4099999999999998e+01   9.9077834497723013e-11  -2.1272340262577028e-15
 -2.4049999999999997e+01   9.9067195551223806e-11  -2.2965908675115465e-15
 -2.4000000000000000e+01   9.9056342498333538e-11  -2.4704024706643574e-15
 -2.3949999999999999e+01   9.9045274835660928e-11  -2.6486811457772533e-15
 -2.3899999999999999e+01   9.9034026163585038e-11  -2.8314286311485533e-15
 -2.3849999999999998e+01   9.9022636704169247e-11  -3.0186451516933451e-15
 -2.3799999999999997e+01   9.9011132410753371e-11  -3.2103239211081935e-15
 -2.3750000000000000e+01   9.8999518856402151e-11  -3.4064538721181429e-15
 -2.3699999999999999e+01   9.8987787111621336e-11  -3.6070177208187576e-15
 -2.3649999999999999e+01   9.8975923610610946e-11  -3.8119926602470398e-15
 -2.3599999999999998e+01   9.8963917450662738e-11  -4.0213495585132984e-15
 -2.3549999999999997e+01   9.8951762953508593e-11  -4.2350529924610657e-15
 -2.3500000000000000e+01   9.8939458713319479e-11  -4.4530607996899537e-15
 -2.3449999999999999e+01   9.8927005362479137e-11  -4.6753238922572968e-15
 -2.3399999999999999e+01   9.8914403637258134e-11  -4.9017859124287744e-15
 -2.3349999999999998e+01   9.8901653320585601e-11  -5.1323829671141419e-15
 -2.3299999999999997e+01   9.8888752999979015e-11  -5.3670433076498681e-15
 -2.3250000000000000e+01   9.8875700354079713e-11  -5.6056870301062544e-15
 -2.3199999999999999e+01   9.8862492659271064e-11  -5.8482257538505200e-15
 -2.3149999999999999e+01   9.8849127253155169e-11  -6.0945623021800587e-15
 -2.3099999999999998e+01   9.8835601784379372e-11  -6.3445903716595061e-15
 -2.3049999999999997e+01   9.8821914211937639e-11  -6.5981941976773214e-15
 -2.3000000000000000e+01   9.8808062640542311e-11  -6.8552482120174872e-15
 -2.2949999999999999e+01   9.8794045130845708e-11  -7.1156166948384839e-15
 -2.2899999999999999e+01   9.8779859589123147e-11  -7.3791534197778680e-15
 -2.2849999999999998e+01   9.8765503761706805e-11  -7.6457012929867695e-15
 -2.2799999999999997e+01   9.8750975293886398e-11  -7.9150919857444719e-15
 -2.2750000000000000e+01   9.8736271794261163e-11  -8.1871455609666928e-15
 -2.2699999999999999e+01   9.8721390867134054e-11  -8.4616700935492289e-15
 -2.2649999999999999e+01   9.8706330109222752e-11  -8.7384612847156466e-15
 -2.2599999999999998e+01   9.8691087088214571e-11  -9.0173020704157159e-15
 -2.2549999999999997e+01   9.8675659322664594e-11  -9.2979622239181093e-15
 -2.2500000000000000e+01   9.8660044272841012e-11  -9.5801979526985663e-15
 -2.2449999999999999e+01   9.8644239341507105e-11  -9.8637514897696999e-15
 -2.2399999999999999e+01   9.8628241878686046e-11  -1.0148350679589535e-14
 -2.2349999999999998e+01   9.8612049185264556e-11  -1.0433708558716108e-14
 -2.2299999999999997e+01   9.8595658513485460e-11  -1.0719522931369434e-14
 -2.2250000000000000e+01   9.8579067064987336e-11  -1.1005475940085314e-14
 -2.2199999999999999e+01   9.8562271987996200e-11  -1.1291233631663034e-14
 -2.2149999999999999e+01   9.8545270374845678e-11  -1.1576445518605698e-14
 -2.2099999999999998e+01   9.8528059260230948e-11  -1.1860744136290021e-14
 -2.2049999999999997e+01   9.8510635620019253e-11  -1.2143744596095320e-14
 -2.2000000000000000e+01   9.8492996370246118e-11  -1.2425044134752757e-14
 -2.1949999999999999e+01   9.8475138365995500e-11  -1.2704221660179574e-14
 -2.1899999999999999e+01   9.8457058400049641e-11  -1.2980837294089123e-14
 -2.1849999999999998e+01   9.8438753201355532e-11  -1.3254431911679211e-14
 -2.1799999999999997e+01   9.8420219433393603e-11  -1.3524526678714055e-14
 -2.1750000000000000e+01   9.8401453692542850e-11  -1.3790622586344832e-14
 -2.1699999999999999e+01   9.8382452506472537e-11  -1.4052199984017003e-14
 -2.1649999999999999e+01   9.8363212332553014e-11  -1.4308718110845350e-14
 -2.1599999999999998e+01   9.8343729556258832e-11  -1.4559614625846955e-14
 -2.1549999999999997e+01   9.8324000489526519e-11  -1.4804305137444383e-14
 -2.1500000000000000e+01   9.8304021369056415e-11  -1.5042182732674704e-14
 -2.1449999999999999e+01   9.8283788354563471e-11  -1.5272617506554856e-14
 -2.1399999999999999e+01   9.8263297527003866e-11  -1.5494956092083982e-14
 -2.1349999999999998e+01   9.8242544886779657e-11  -1.5708521191372441e-14
 -2.1299999999999997e+01   9.8221526351912256e-11  -1.5912611108420259e-14
 -2.1250000000000000e+01   9.8200237756191813e-11  -1.6106499284088252e-14
 -2.1199999999999999e+01   9.8178674847289258e-11  -1.6289433833820383e-14
 -2.1149999999999999e+01   9.8156833284838184e-11  -1.6460637088714836e-14
 -2.1099999999999998e+01   9.8134708638479226e-11  -1.6619305140546972e-14
 -2.1049999999999997e+01   9.8112296385877227e-11  -1.6764607391392682e-14
 -2.1000000000000000e+01   9.8089591910700661e-11  -1.6895686108503346e-14
 -2.0949999999999999e+01   9.8066590500579501e-11  -1.7011655985136283e-14
 -2.0899999999999999e+01   9.8043287345028674e-11  -1.7111603708040601e-14
 -2.0849999999999998e+01   9.8019677533342099e-11  -1.7194587532355996e-14
 -2.0799999999999997e+01   9.7995756052456515e-11  -1.7259636864684852e-14
 -2.0750000000000000e+01   9.7971517784780370e-11  -1.7305751855140625e-14
 -2.0699999999999999e+01   9.7946957505999709e-11  -1.7331902999202167e-14
 -2.0649999999999999e+01   9.7922069882851078e-11  -1.7337030750223852e-14
 -2.0599999999999998e+01   9.7896849470859383e-11  -1.7320045143494408e-14
 -2.0549999999999997e+01   9.7871290712051032e-11  -1.7279825432759465e-14
 -2.0500000000000000e+01   9.7845387932642066e-11  -1.7215219740154314e-14
 -2.0449999999999999e+01   9.7819135340693738e-11  -1.7125044720525139e-14
 -2.0399999999999999e+01   9.7792527023746285e-11  -1.7008085241155204e-14
 -2.0349999999999998e+01   9.7765556946420503e-11  -1.6863094077929728e-14
 -2.0299999999999997e+01   9.7738218947993930e-11  -1.6688791629026408e-14
 -2.0250000000000000e+01   9.7710506739957906e-11  -1.6483865647234853e-14
 -2.0199999999999999e+01   9.7682413903544165e-11  -1.6246970992047578e-14
 -2.0149999999999999e+01   9.7653933887227394e-11  -1.5976729402706989e-14
 -2.0099999999999998e+01   9.7625060004204567e-11  -1.5671729293413686e-14
 -2.0049999999999997e+01   9.7595785429856859e-11  -1.5330525571951842e-14
 -2.0000000000000000e+01   9.7566103199190608e-11  -1.4951639483009265e-14
 -1.9949999999999999e+01   9.7536006204251342e-11  -1.4533558477515160e-14
 -1.9899999999999999e+01   9.7505487191524656e-11  -1.4074736109356534e-14
 -1.9849999999999998e+01   9.7474538759318724e-11  -1.3573591960858930e-14
 -1.9799999999999997e+01   9.7443153355129542e-11  -1.3028511598471448e-14
 -1.9750000000000000e+01   9.7411323272985781e-11  -1.2437846560117800e-14
 -1.9699999999999999e+01   9.7379040650790311e-11  -1.1799914375732255e-14
 -1.9649999999999999e+01   9.7346297467645196e-11  -1.1112998622511033e-14
 -1.9599999999999998e+01   9.7313085541164487e-11  -1.0375349016480436e-14
 -1.9549999999999997e+01   9.7279396524777274e-11  -9.5851815419941976e-15
 -1.9500000000000000e+01   9.7245221905026258e-11  -8.7406786208324219e-15
 -1.9449999999999999e+01   9.7210552998857789e-11  -7.8399893225982285e-15
 -1.9399999999999999e+01   9.7175380950906582e-11  -6.8812296181621616e-15
 -1.9349999999999998e+01   9.7139696730781455e-11  -5.8624826779351030e-15
 -1.9299999999999997e+01   9.7103491130354435e-11  -4.7817992167952422e-15
 -1.9250000000000000e+01   9.7066754761048758e-11  -3.6371978875311490e-15
 -1.9199999999999999e+01   9.7029478051132114e-11  -2.4266657247122614e-15
 -1.9149999999999999e+01   9.6991651243016626e-11  -1.1481586409270375e-15
 -1.9099999999999998e+01   9.6953264390566906e-11   2.0039802262017085e-16
 -1.9049999999999997e+01   9.6914307356418261e-11   1.6211088891277159e-15
 -1.9000000000000000e+01   9.6874769809310413e-11   3.1161078807593816e-15
 -1.8949999999999999e+01   9.6834641221436793e-11   4.6875574926451583e-15
 -1.8899999999999999e+01   9.6793910865814540e-11   6.3376480041652664e-15
 -1.8849999999999998e+01   9.6752567813679723e-11   8.0685966253289913e-15
 -1.8799999999999997e+01   9.6710600931908637e-11   9.8826465760169715e-15
 -1.8750000000000000e+01   9.6667998880467273e-11   1.1782066095812987e-14
 -1.8699999999999999e+01   9.6624750109889781e-11   1.3769147382117170e-14
 -1.8649999999999999e+01   9.6580842858794278e-11   1.5846205454182963e-14
 -1.8599999999999998e+01   9.6536265151439341e-11   1.8015576940693633e-14
 -1.8549999999999997e+01   9.6491004795319288e-11   2.0279618788445900e-14
 -1.8500000000000000e+01   9.6445049378805622e-11   2.2640706889670763e-14
 -1.8449999999999999e+01   9.6398386268840985e-11   2.5101234625487206e-14
 -1.8399999999999999e+01   9.6351002608688575e-11   2.7663611322944350e-14
 -1.8349999999999998e+01   9.6302885315738973e-11   3.0330260623072111e-14
 -1.8299999999999997e+01   9.6254021079376903e-11   3.3103618757323544e-14
 -1.8250000000000000e+01   9.6204396358915522e-11   3.5986132729755536e-14
 -1.8199999999999999e+01   9.6153997381603722e-11   3.8980258402263393e-14
 -1.8149999999999999e+01   9.6102810140709487e-11   4.2088458480148243e-14
 -1.8099999999999998e+01   9.6050820393682242e-11   4.5313200395264875e-14
 -1.8049999999999997e+01   9.5998013660403166e-11   4.8656954083961764e-14
 -1.8000000000000000e+01   9.5944375221524906e-11   5.2122189657005392e-14
 -1.7949999999999999e+01   9.5889890116911736e-11   5.5711374958632174e-14
 -1.7899999999999999e+01   9.5834543144176429e-11   5.9426973011872938e-14
 -1.7849999999999998e+01   9.5778318857324796e-11   6.3271439347228996e-14
 -1.7799999999999997e+01   9.5721201565514765e-11   6.7247219211790984e-14
 -1.7750000000000000e+01   9.5663175331931333e-11   7.1356744655844635e-14
 -1.7699999999999999e+01   9.5604223972790366e-11   7.5602431493986995e-14
 -1.7649999999999999e+01   9.5544331056470987e-11   7.9986676137774368e-14
 -1.7600000000000001e+01   9.5483479902784650e-11   8.4511852296874428e-14
 -1.7549999999999997e+01   9.5421653582388061e-11   8.9180307545706415e-14
 -1.7500000000000000e+01   9.5358834916348530e-11   9.3994359752516319e-14
 -1.7449999999999999e+01   9.5295006475865680e-11   9.8956293367840028e-14
 -1.7399999999999999e+01   9.5230150582159983e-11   1.0406835556927508e-13
 -1.7350000000000001e+01   9.5164249306529678e-11   1.0933275225950026e-13
 -1.7299999999999997e+01   9.5097284470587156e-11   1.1475164391444327e-13
 -1.7250000000000000e+01   9.5029237646683909e-11   1.2032714127852291e-13
 -1.7199999999999999e+01   9.4960090158530859e-11   1.2606130090387187e-13
 -1.7149999999999999e+01   9.4889823082019070e-11   1.3195612053045831e-13
 -1.7100000000000001e+01   9.4818417246248553e-11   1.3801353430402247e-13
 -1.7049999999999997e+01   9.4745853234774123e-11   1.4423540782875695e-13
 -1.7000000000000000e+01   9.4672111387084937e-11   1.5062353305165770e-13
 -1.6949999999999999e+01   9.4597171800319179e-11   1.5717962297551410e-13
 -1.6899999999999999e+01   9.4521014331219833e-11   1.6390530619748890e-13
 -1.6850000000000001e+01   9.4443618598345549e-11   1.7080212127028147e-13
 -1.6799999999999997e+01   9.4364963984546903e-11   1.7787151088288785e-13
 -1.6750000000000000e+01   9.4285029639713437e-11   1.8511481585799963e-13
 -1.6699999999999999e+01   9.4203794483800054e-11   1.9253326896311084e-13
 -1.6649999999999999e+01   9.4121237210147022e-11   2.0012798853243788e-13
 -1.6600000000000001e+01   9.4037336289101013e-11   2.0789997189681231e-13
 -1.6549999999999997e+01   9.3952069971951471e-11   2.1585008861872221e-13
 -1.6500000000000000e+01   9.3865416295187956e-11   2.2397907352976547e-13
 -1.6449999999999999e+01   9.3777353085087587e-11   2.3228751956779405e-13
 -1.6399999999999999e+01   9.3687857962646597e-11   2.4077587041111180e-13
 -1.6350000000000001e+01   9.3596908348869864e-11   2.4944441290714045e-13
 -1.6299999999999997e+01   9.3504481470423542e-11   2.5829326929305434e-13
 -1.6250000000000000e+01   9.3410554365663785e-11   2.6732238920592726e-13
 -1.6199999999999999e+01   9.3315103891054935e-11   2.7653154148004940e-13
 -1.6149999999999999e+01   9.3218106727990717e-11   2.8592030572913020e-13
 -1.6100000000000001e+01   9.3119539390025103e-11   2.9548806371122423e-13
 -1.6049999999999997e+01   9.3019378230527723e-11   3.0523399047427464e-13
 -1.6000000000000000e+01   9.2917599450776176e-11   3.1515704528031816e-13
 -1.5949999999999999e+01   9.2814179108495571e-11   3.2525596230647267e-13
 -1.5899999999999999e+01   9.2709093126860744e-11   3.3552924112095728e-13
 -1.5850000000000000e+01   9.2602317303973865e-11   3.4597513693252500e-13
 -1.5799999999999999e+01   9.2493827322828781e-11   3.5659165061181254e-13
 -1.5750000000000000e+01   9.2383598761774787e-11   3.6737651848325067e-13
 -1.5699999999999999e+01   9.2271607105495111e-11   3.7832720188632769e-13
 -1.5649999999999999e+01   9.2157827756513527e-11   3.8944087650515267e-13
 -1.5600000000000000e+01   9.2042236047240296e-11   4.0071442146543169e-13
 -1.5549999999999999e+01   9.1924807252573778e-11   4.1214440819812502e-13
 -1.5500000000000000e+01   9.1805516603071600e-11   4.2372708906925668e-13
 -1.5449999999999999e+01   9.1684339298703712e-11   4.3545838577551671e-13
 -1.5399999999999999e+01   9.1561250523202248e-11   4.4733387750550199e-13
 -1.5350000000000000e+01   9.1436225459024916e-11   4.5934878886663905e-13
 -1.5299999999999999e+01   9.1309239302942814e-11   4.7149797757807095e-13
 -1.5250000000000000e+01   9.1180267282268761e-11   4.8377592192997899e-13
 -1.5199999999999999e+01   9.1049284671743280e-11   4.9617670801008245e-13
 -1.5149999999999999e+01   9.0916266811090177e-11   5.0869401669828343e-13
 -1.5100000000000000e+01   9.0781189123257308e-11   5.2132111043068560e-13
 -1.5049999999999999e+01   9.0644027133359417e-11   5.3405081973448286e-13
 -1.5000000000000000e+01   9.0504756488337632e-11   5.4687552953549666e-13
 -1.4949999999999999e+01   9.0363352977347919e-11   5.5978716524043257e-13
 -1.4899999999999999e+01   9.0219792552897754e-11   5.7277717859620497e-13
 -1.4850000000000000e+01   9.0074051352746091e-11   5.8583653332903443e-13
 -1.4799999999999999e+01   8.9926105722579915e-11   5.9895569056631081e-13
 -1.4750000000000000e+01   8.9775932239487932e-11   6.1212459404456046e-13
 -1.4699999999999999e+01   8.9623507736241240e-11   6.2533265510724609e-13
 -1.4649999999999999e+01   8.9468809326397915e-11   6.3856873749642486e-13
 -1.4600000000000000e+01   8.9311814430250861e-11   6.5182114194272910e-13
 -1.4549999999999999e+01   8.9152500801631180e-11   6.6507759055850612e-13
 -1.4500000000000000e+01   8.8990846555585337e-11   6.7832521103933754e-13
 -1.4449999999999999e+01   8.8826830196940431e-11   6.9155052067963235e-13
 -1.4400000000000000e+01   8.8660430649772663e-11   7.0473941020836705e-13
 -1.4350000000000000e+01   8.8491627287797343e-11   7.1787712745153556e-13
 -1.4299999999999999e+01   8.8320399965694180e-11   7.3094826082833810e-13
 -1.4250000000000000e+01   8.8146729051383819e-11   7.4393672268859997e-13
 -1.4199999999999999e+01   8.7970595459270886e-11   7.5682573249944135e-13
 -1.4150000000000000e+01   8.7791980684469035e-11   7.6959779988970550e-13
 -1.4100000000000000e+01   8.7610866838025471e-11   7.8223470756121898e-13
 -1.4049999999999999e+01   8.7427236683158435e-11   7.9471749407649051e-13
 -1.4000000000000000e+01   8.7241073672522918e-11   8.0702643653303304e-13
 -1.3949999999999999e+01   8.7052361986518396e-11   8.1914103313508673e-13
 -1.3900000000000000e+01   8.6861086572655152e-11   8.3103998567411952e-13
 -1.3850000000000000e+01   8.6667233185994076e-11   8.4270118193012332e-13
 -1.3799999999999999e+01   8.6470788430673630e-11   8.5410167800636938e-13
 -1.3750000000000000e+01   8.6271739802538571e-11   8.6521768061094572e-13
 -1.3699999999999999e+01   8.6070075732883578e-11   8.7602452929910970e-13
 -1.3650000000000000e+01   8.5865785633325924e-11   8.8649667869118192e-13
 -1.3600000000000000e+01   8.5658859941820361e-11   8.9660768068145543e-13
 -1.3549999999999999e+01   8.5449290169828804e-11   9.0633016665434653e-13
 -1.3500000000000000e+01   8.5237068950660721e-11   9.1563582972477926e-13
 -1.3449999999999999e+01   8.5022190088991456e-11   9.2449540702065700e-13
 -1.3400000000000000e+01   8.4804648611572950e-11   9.3287866202600450e-13
 -1.3350000000000000e+01   8.4584440819149229e-11   9.4075436700431963e-13
 -1.3299999999999999e+01   8.4361564339587799e-11   9.4809028552248522e-13
 -1.3250000000000000e+01   8.4136018182236246e-11   9.5485315509653048e-13
 -1.3199999999999999e+01   8.3907802793513504e-11   9.6100866998145221e-13
 -1.3150000000000000e+01   8.3676920113746609e-11   9.6652146412826772e-13
 -1.3100000000000000e+01   8.3443373635261644e-11   9.7135509433246319e-13
 -1.3049999999999999e+01   8.3207168461737617e-11   9.7547202359901942e-13
 -1.3000000000000000e+01   8.2968311368829805e-11   9.7883360475024324e-13
 -1.2949999999999999e+01   8.2726810866070821e-11   9.8140006430370819e-13
 -1.2900000000000000e+01   8.2482677260055086e-11   9.8313048664873396e-13
 -1.2850000000000000e+01   8.2235922718912070e-11   9.8398279855095649e-13
 -1.2799999999999999e+01   8.1986561338073245e-11   9.8391375401572957e-13
 -1.2750000000000000e+01   8.1734609207336636e-11   9.8287891954230890e-13
 -1.2699999999999999e+01   8.1480084479231931e-11   9.8083265980201138e-13
 -1.2650000000000000e+01   8.1223007438687873e-11   9.7772812377483065e-13
 -1.2600000000000000e+01   8.0963400574004172e-11   9.7351723138029518e-13
 -1.2549999999999999e+01   8.0701288649126622e-11   9.6815066063974194e-13
 -1.2500000000000000e+01   8.0436698777225588e-11   9.6157783540853076e-13
 -1.2449999999999999e+01   8.0169660495575928e-11   9.5374691371820953e-13
 -1.2400000000000000e+01   7.9900205841733562e-11   9.4460477677009418e-13
 -1.2350000000000000e+01   7.9628369431005634e-11   9.3409701862324823e-13
 -1.2299999999999999e+01   7.9354188535207108e-11   9.2216793662143495e-13
 -1.2250000000000000e+01   7.9077703162697481e-11   9.0876052260519586e-13
 -1.2199999999999999e+01   7.8798956139689305e-11   8.9381645495690385e-13
 -1.2150000000000000e+01   7.8517993192817173e-11   8.7727609152833711e-13
 -1.2100000000000000e+01   7.8234863032957532e-11   8.5907846350205321e-13
 -1.2049999999999999e+01   7.7949617440285730e-11   8.3916127023970589e-13
 -1.2000000000000000e+01   7.7662311350553718e-11   8.1746087517226979e-13
 -1.1949999999999999e+01   7.7373002942572904e-11   7.9391230278907219e-13
 -1.1900000000000000e+01   7.7081753726883520e-11   7.6844923678452773e-13
 -1.1850000000000000e+01   7.6788628635590212e-11   7.4100401942348301e-13
 -1.1799999999999999e+01   7.6493696113340313e-11   7.1150765218820677e-13
 -1.1750000000000000e+01   7.6197028209421474e-11   6.7988979777218928e-13
 -1.1699999999999999e+01   7.5898700670952681e-11   6.4607878348818354e-13
 -1.1650000000000000e+01   7.5598793037138701e-11   6.1000160616020309e-13
 -1.1600000000000000e+01   7.5297388734556604e-11   5.7158393857155495e-13
 -1.1549999999999999e+01   7.4994575173439213e-11   5.3075013754345083e-13
 -1.1500000000000000e+01   7.4690443844919972e-11   4.8742325372122962e-13
 -1.1449999999999999e+01   7.4385090419200255e-11   4.4152504314786205e-13
 -1.1400000000000000e+01   7.4078614844596285e-11   3.9297598070706832e-13
 -1.1350000000000000e+01   7.3771121447422189e-11   3.4169527552115115e-13
 -1.1299999999999999e+01   7.3462719032660073e-11   2.8760088839152598e-13
 -1.1250000000000000e+01   7.3153520985365286e-11   2.3060955137284527e-13
 -1.1199999999999999e+01   7.2843645372752071e-11   1.7063678957470646e-13
 -1.1150000000000000e+01   7.2533215046900942e-11   1.0759694528805951e-13
 -1.1100000000000000e+01   7.2222357748026699e-11   4.1403204536691170e-14
 -1.1049999999999999e+01   7.1911206208240327e-11  -2.8032373842464537e-14
 -1.1000000000000000e+01   7.1599898255736169e-11  -1.0079882648297680e-13
 -1.0949999999999999e+01   7.1288576919329734e-11  -1.7698625102568901e-13
 -1.0900000000000000e+01   7.0977390533265843e-11  -2.5668576879405304e-13
 -1.0850000000000000e+01   7.0666492842215064e-11  -3.3998948448962525e-13
 -1.0799999999999999e+01   7.0356043106369727e-11  -4.2699044278531089e-13
 -1.0750000000000000e+01   7.0046206206546340e-11  -5.1778258168983059e-13
 -1.0699999999999999e+01   6.9737152749197211e-11  -6.1246068255257448e-13
 -1.0650000000000000e+01   6.9429059171224958e-11  -7.1112031657356481e-13
 -1.0600000000000000e+01   6.9122107844492466e-11  -8.1385778767867360e-13
 -1.0549999999999999e+01   6.8816487179909311e-11  -9.2077007161542045e-13
 -1.0500000000000000e+01   6.8512391730974022e-11  -1.0319547511197826e-12
 -1.0449999999999999e+01   6.8210022296641691e-11  -1.1475099469992303e-12
 -1.0400000000000000e+01   6.7909586023380488e-11  -1.2675342449719089e-12
 -1.0350000000000000e+01   6.7611296506274057e-11  -1.3921266180963144e-12
 -1.0299999999999999e+01   6.7315373889017718e-11  -1.5213863446200625e-12
 -1.0250000000000000e+01   6.7022044962648249e-11  -1.6554129210703533e-12
 -1.0199999999999999e+01   6.6731543262839112e-11  -1.7943059704024867e-12
 -1.0150000000000000e+01   6.6444109165582449e-11  -1.9381651450162861e-12
 -1.0100000000000000e+01   6.6159989981070800e-11  -2.0870900244435604e-12
 -1.0050000000000001e+01   6.5879440045582146e-11  -2.2411800075026941e-12
 -1.0000000000000000e+01   6.5602720811160145e-11  -2.4005341987091504e-12
 -9.9499999999999993e+00   6.5330100932870127e-11  -2.5652512887230024e-12
 -9.9000000000000004e+00   6.5061856353399854e-11  -2.7354294286066632e-12
 -9.8499999999999996e+00   6.4798270384762876e-11  -2.9111660976576913e-12
 -9.8000000000000007e+00   6.4539633786846089e-11  -3.0925579645728948e-12
 -9.7500000000000000e+00   6.4286244842532046e-11  -3.2797007416909351e-12
 -9.6999999999999993e+00   6.4038409429111897e-11  -3.4726890320511449e-12
 -9.6500000000000004e+00   6.3796441085690078e-11  -3.6716161689964203e-12
 -9.5999999999999996e+00   6.3560661076262703e-11  -3.8765740480377743e-12
 -9.5500000000000007e+00   6.3331398448136582e-11  -4.0876529506873341e-12
 -9.5000000000000000e+00   6.3108990085337187e-11  -4.3049413599553206e-12
 -9.4499999999999993e+00   6.2893780756635406e-11  -4.5285257671947406e-12
 -9.4000000000000004e+00   6.2686123157802612e-11  -4.7584904699650915e-12
 -9.3499999999999996e+00   6.2486377947680308e-11  -4.9949173605735521e-12
 -9.3000000000000007e+00   6.2294913777630217e-11  -5.2378857049385586e-12
 -9.2500000000000000e+00   6.2112107313904820e-11  -5.4874719114064254e-12
 -9.1999999999999993e+00   6.1938343252454245e-11  -5.7437492891368071e-12
 -9.1500000000000004e+00   6.1774014325657893e-11  -6.0067877956571023e-12
 -9.1000000000000014e+00   6.1619521300441283e-11  -6.2766537731695386e-12
 -9.0500000000000007e+00   6.1475272967208294e-11  -6.5534096731775206e-12
 -9.0000000000000000e+00   6.1341686118986037e-11  -6.8371137689796812e-12
 -8.9499999999999993e+00   6.1219185520145384e-11  -7.1278198555610574e-12
 -8.8999999999999986e+00   6.1108203864025175e-11  -7.4255769363908140e-12
 -8.8500000000000014e+00   6.1009181718750330e-11  -7.7304288966149596e-12
 -8.8000000000000007e+00   6.0922567460490849e-11  -8.0424141621104507e-12
 -8.7500000000000000e+00   6.0848817193368458e-11  -8.3615653438438307e-12
 -8.6999999999999993e+00   6.0788394655171268e-11  -8.6879088669529657e-12
 -8.6499999999999986e+00   6.0741771107987275e-11  -9.0214645839446380e-12
 -8.6000000000000014e+00   6.0709425212817636e-11  -9.3622453713736840e-12
 -8.5500000000000007e+00   6.0691842887174164e-11  -9.7102567093407230e-12
 -8.5000000000000000e+00   6.0689517144607842e-11  -1.0065496243115363e-11
 -8.4499999999999993e+00   6.0702947915053311e-11  -1.0427953326159790e-11
 -8.3999999999999986e+00   6.0732641844809524e-11  -1.0797608543794034e-11
 -8.3500000000000014e+00   6.0779112074906375e-11  -1.1174433216708810e-11
 -8.3000000000000007e+00   6.0842877996533739e-11  -1.1558388883494434e-11
 -8.2500000000000000e+00   6.0924464982129519e-11  -1.1949426761314695e-11
 -8.1999999999999993e+00   6.1024404090639901e-11  -1.2347487183812678e-11
 -8.1499999999999986e+00   6.1143231745376604e-11  -1.2752499015291251e-11
 -8.1000000000000014e+00   6.1281489382801927e-11  -1.3164379040164322e-11
 -8.0500000000000007e+00   6.1439723070470849e-11  -1.3583031326625509e-11
 -8.0000000000000000e+00   6.1618483092253010e-11  -1.4008346563428651e-11
 -7.9499999999999993e+00   6.1818323498845118e-11  -1.4440201368618894e-11
 -7.8999999999999986e+00   6.2039801621462120e-11  -1.4878457568994462e-11
 -7.8500000000000014e+00   6.2283477546468472e-11  -1.5322961449017122e-11
 -7.8000000000000007e+00   6.2549913548575172e-11  -1.5773542967823677e-11
 -7.7500000000000000e+00   6.2839673480083645e-11  -1.6230014942920874e-11
 -7.6999999999999993e+00   6.3153322113503373e-11  -1.6692172199071990e-11
 -7.6499999999999986e+00   6.3491424434707413e-11  -1.7159790680804548e-11
 -7.6000000000000014e+00   6.3854544883617534e-11  -1.7632626526885640e-11
 -7.5500000000000007e+00   6.4243246539226352e-11  -1.8110415105022883e-11
 -7.5000000000000000e+00   6.4658090245569343e-11  -1.8592870004954993e-11
 -7.4499999999999993e+00   6.5099633675051850e-11  -1.9079681987996017e-11
 -7.3999999999999986e+00   6.5568430325317014e-11  -1.9570517890991113e-11
 -7.3500000000000014e+00   6.6065028445607582e-11  -2.0065019482528936e-11
 -7.3000000000000007e+00   6.6589969888327821e-11  -2.0562802269136628e-11
 -7.2500000000000000e+00   6.7143788881250103e-11  -2.1063454249055258e-11
 -7.1999999999999993e+00   6.7727010715532402e-11  -2.1566534611058050e-11
 -7.1499999999999986e+00   6.8340150344420238e-11  -2.2071572375628950e-11
 -7.1000000000000014e+00   6.8983710887194466e-11  -2.2578064975665806e-11
 -7.0500000000000007e+00   6.9658182032598224e-11  -2.3085476773709135e-11
 -7.0000000000000000e+00   7.0364038335627740e-11  -2.3593237512522863e-11
 -6.9499999999999993e+00   7.1101737401203554e-11  -2.4100740695667371e-11
 -6.8999999999999986e+00   7.1871717947849548e-11  -2.4607341894507010e-11
 -6.8500000000000014e+00   7.2674397744097304e-11  -2.5112356977883302e-11
 -6.8000000000000007e+00   7.3510171409900307e-11  -2.5615060260460592e-11
 -6.7500000000000000e+00   7.4379408074885811e-11  -2.6114682565510565e-11
 -6.6999999999999993e+00   7.5282448884791637e-11  -2.6610409197645268e-11
 -6.6499999999999986e+00   7.6219604346927265e-11  -2.7101377820734422e-11
 -6.6000000000000014e+00   7.7191151504968993e-11  -2.7586676235951488e-11
 -6.5500000000000007e+00   7.8197330932838650e-11  -2.8065340054581750e-11
 -6.5000000000000000e+00   7.9238343536831063e-11  -2.8536350259892674e-11
 -6.4499999999999993e+00   8.0314347154539479e-11  -2.8998630652010549e-11
 -6.3999999999999986e+00   8.1425452938486380e-11  -2.9451045169366783e-11
 -6.3500000000000014e+00   8.2571721511696755e-11  -2.9892395079872404e-11
 -6.3000000000000007e+00   8.3753158881752285e-11  -3.0321416034545778e-11
 -6.2500000000000000e+00   8.4969712099136362e-11  -3.0736774975855168e-11
 -6.1999999999999993e+00   8.6221264644924541e-11  -3.1137066892540652e-11
 -6.1499999999999986e+00   8.7507631532091295e-11  -3.1520811412150160e-11
 -6.1000000000000014e+00   8.8828554103895097e-11  -3.1886449221958095e-11
 -6.0500000000000007e+00   9.0183694511973170e-11  -3.2232338308331121e-11
 -6.0000000000000000e+00   9.1572629855921971e-11  -3.2556750003958363e-11
 -5.9499999999999993e+00   9.2994845965263958e-11  -3.2857864831669869e-11
 -5.8999999999999986e+00   9.4449730803811940e-11  -3.3133768132827160e-11
 -5.8500000000000014e+00   9.5936567475541736e-11  -3.3382445467480918e-11
 -5.8000000000000007e+00   9.7454526810182631e-11  -3.3601777772648618e-11
 -5.7500000000000000e+00   9.9002659505828697e-11  -3.3789536264163506e-11
 -5.6999999999999993e+00   1.0057988780498037e-10  -3.3943377066582623e-11
 -5.6499999999999986e+00   1.0218499667955000e-10  -3.4060835554614177e-11
 -5.6000000000000014e+00   1.0381662449952406e-10  -3.4139320388431898e-11
 -5.5500000000000007e+00   1.0547325315918072e-10  -3.4176107224080171e-11
 -5.5000000000000000e+00   1.0715319763402496e-10  -3.4168332078932408e-11
 -5.4499999999999993e+00   1.0885459494094950e-10  -3.4112984330842146e-11
 -5.3999999999999986e+00   1.1057539247357848e-10  -3.4006899328222883e-11
 -5.3500000000000014e+00   1.1231333568433442e-10  -3.3846750586806698e-11
 -5.3000000000000007e+00   1.1406595508451688e-10  -3.3629041547259372e-11
 -5.2500000000000000e+00   1.1583055253362366e-10  -3.3350096866163835e-11
 -5.1999999999999993e+00   1.1760418678932700e-10  -3.3006053211123725e-11
 -5.1499999999999986e+00   1.1938365828998978e-10  -3.2592849528888728e-11
 -5.1000000000000014e+00   1.2116549314243221e-10  -3.2106216753468279e-11
 -5.0500000000000007e+00   1.2294592628890119e-10  -3.1541666919178988e-11
 -5.0000000000000000e+00   1.2472088382892336e-10  -3.0894481641465147e-11
 -4.9499999999999993e+00   1.2648596447402804e-10  -3.0159699926147108e-11
 -4.8999999999999986e+00   1.2823642011632074e-10  -2.9332105265508553e-11
 -4.8500000000000014e+00   1.2996713549568901e-10  -2.8406211977351662e-11
 -4.8000000000000007e+00   1.3167260695517088e-10  -2.7376250740846657e-11
 -4.7500000000000000e+00   1.3334692027986143e-10  -2.6236153280700403e-11
 -4.6999999999999993e+00   1.3498372762186218e-10  -2.4979536148904929e-11
 -4.6499999999999986e+00   1.3657622352240949e-10  -2.3599683551157466e-11
 -4.6000000000000014e+00   1.3811712005270909e-10  -2.2089529163036922e-11
 -4.5500000000000007e+00   1.3959862110742723e-10  -2.0441636879249203e-11
 -4.5000000000000000e+00   1.4101239589957337e-10  -1.8648180437800734e-11
 -4.4499999999999993e+00   1.4234955172302496e-10  -1.6700921859944635e-11
 -4.3999999999999986e+00   1.4360060606964300e-10  -1.4591188646328017e-11
 -4.3500000000000014e+00   1.4475545821232082e-10  -1.2309849670144636e-11
 -4.3000000000000007e+00   1.4580336039397220e-10  -9.8472897094832634e-12
 -4.2500000000000000e+00   1.4673288879605174e-10  -7.1933825637208690e-12
 -4.1999999999999993e+00   1.4753191449948300e-10  -4.3374627030781841e-12
 -4.1499999999999986e+00   1.4818757469674327e-10  -1.2682954067648512e-12
 -4.1000000000000014e+00   1.4868624446734752e-10   2.0259546459895930e-12
 -4.0500000000000007e+00   1.4901350949124712e-10   5.5577563556876465e-12
 -4.0000000000000000e+00   1.4915414014702405e-10   9.3402467608409132e-12
 -3.9499999999999993e+00   1.4909206752574812e-10   1.3387267161793020e-11
 -3.8999999999999986e+00   1.4881036198872759e-10   1.7713400770473204e-11
 -3.8500000000000014e+00   1.4829121501012445e-10   2.2334011812569489e-11
 -3.8000000000000007e+00   1.4751592517575959e-10   2.7265285965866101e-11
 -3.7500000000000000e+00   1.4646488935991303e-10   3.2524271964999383e-11
 -3.6999999999999993e+00   1.4511760027537954e-10   3.8128924136337499e-11
 -3.6500000000000021e+00   1.4345265179169114e-10   4.4098145544271851e-11
 -3.6000000000000014e+00   1.4144775364582628e-10   5.0451831328568206e-11
 -3.5500000000000007e+00   1.3907975743277747e-10   5.7210911687609359e-11
 -3.5000000000000000e+00   1.3632469606424717e-10   6.4397393809687170e-11
 -3.4499999999999993e+00   1.3315783922701825e-10   7.2034401868379593e-11
 -3.4000000000000021e+00   1.2955376776301031e-10   8.0146213971826966e-11
 -3.3500000000000014e+00   1.2548647033559140e-10   8.8758294681596718e-11
 -3.3000000000000007e+00   1.2092946624614468e-10   9.7897321385753330e-11
 -3.2500000000000000e+00   1.1585595882554000e-10   1.0759120241227839e-10
 -3.1999999999999993e+00   1.1023902445064463e-10   1.1786908429105507e-10
 -3.1500000000000021e+00   1.0405184292858036e-10   1.2876134500145599e-10
 -3.1000000000000014e+00   9.7267975751164037e-11   1.4029956936271878e-10
 -3.0500000000000007e+00   8.9861699545505857e-11   1.5251650191885624e-10
 -3.0000000000000000e+00   8.1808402925884399e-11   1.6544597172073331e-10
 -2.9499999999999993e+00   7.3085055871781143e-11   1.7912278229631710e-10
 -2.9000000000000021e+00   6.3670761693066632e-11   1.9358255880732242e-10
 -2.8500000000000014e+00   5.3547402558758964e-11   2.0886154289970351e-10
 -2.8000000000000007e+00   4.2700390406463768e-11   2.2499632405412012e-10
 -2.7500000000000000e+00   3.1119535739223908e-11   2.4202349432565482e-10
 -2.6999999999999993e+00   1.8800047250217021e-11   2.5997921123692527e-10
 -2.6500000000000021e+00   5.7436752526586680e-12   2.7889865128129235e-10
 -2.6000000000000014e+00  -8.0399886532991521e-12   2.9881533405688316e-10
 -2.5500000000000007e+00  -2.2532044613031309e-11   3.1976029458103479e-10
 -2.5000000000000000e+00  -3.7702641680342744e-11   3.4176107897653296e-10
 -2.4499999999999993e+00  -5.3509154539279742e-11   3.6484053669661548e-10
 -2.4000000000000021e+00  -6.9894181166732334e-11   3.8901538108106991e-10
 -2.3500000000000014e+00  -8.6783371256832030e-11   4.1429448974702787e-10
 -2.3000000000000007e+00  -1.0408310674702928e-10   4.4067691769806234e-10
 -2.2500000000000000e+00  -1.2167807101383707e-10   4.6814959983706998e-10
 -2.1999999999999993e+00  -1.3942876285336545e-10   4.9668472673079203e-10
 -2.1500000000000021e+00  -1.5716903572789731e-10   5.2623678911816705e-10
 -2.1000000000000014e+00  -1.7470377219952962e-10   5.5673930405192465e-10
 -2.0500000000000007e+00  -1.9180683780273483e-10   5.8810126005013407e-10
 -2.0000000000000000e+00  -2.0821949695699436e-10   6.2020335145974095e-10
 -1.9499999999999993e+00  -2.2364951401701184e-10   6.5289411430364559e-10
 -1.9000000000000021e+00  -2.3777120199059837e-10   6.8598612739206647e-10
 -1.8500000000000014e+00  -2.5022671495274330e-10   7.1925250242021192e-10
 -1.8000000000000007e+00  -2.6062890100905294e-10   7.5242395234178997e-10
 -1.7500000000000000e+00  -2.6856603223830026e-10   7.8518679326718415e-10
 -1.6999999999999993e+00  -2.7360869641513809e-10   8.1718229329343846e-10
 -1.6500000000000021e+00  -2.7531906219657562e-10   8.4800782066752334e-10
 -1.6000000000000014e+00  -2.7326260604627901e-10   8.7722024937619712e-10
 -1.5500000000000007e+00  -2.6702221071864055e-10   9.0434203704824651e-10
 -1.5000000000000000e+00  -2.5621431404721220e-10   9.2887028337513309e-10
 -1.4499999999999993e+00  -2.4050651576049271e-10   9.5028889722461165e-10
 -1.4000000000000021e+00  -2.1963576417265311e-10   9.6808374653033838e-10
 -1.3500000000000014e+00  -1.9342598137663224e-10   9.8176034972401640e-10
 -1.3000000000000007e+00  -1.6180379167335702e-10   9.9086332015101499e-10
 -1.2500000000000000e+00  -1.2481094214542452e-10   9.9499644080268784e-10
 -1.1999999999999993e+00  -8.2612086953026244e-11   9.9384198213072966e-10
 -1.1500000000000021e+00  -3.5496868512277291e-11   9.8717773836379535e-10
 -1.1000000000000014e+00   1.6124340126602639e-11   9.7489029352808515e-10
 -1.0500000000000007e+00   7.1731109891515846e-11   9.5698325804127103e-10
 -1.0000000000000000e+00   1.3070951465123283e-10   9.3357962655523074e-10
 -9.4999999999999929e-01   1.9237346773810499e-10   9.0491794785950967e-10
 -9.0000000000000213e-01   2.5598928008894705e-10   8.7134259022349487e-10
 -8.5000000000000142e-01   3.2080162714198835e-10   8.3328894059252039e-10
 -8.0000000000000071e-01   3.8605907827888571e-10   7.9126481123069373e-10
 -7.5000000000000000e-01   4.5103752362899969e-10   7.4582958554526330e-10
 -6.9999999999999929e-01   5.1506018218642029e-10   6.9757269423624368e-10
 -6.5000000000000213e-01   5.7751332578788594e-10   6.4709288820984688e-10
 -6.0000000000000142e-01   6.3785732715958607e-10   5.9497950886921167e-10
 -5.5000000000000071e-01   6.9563307935068760e-10   5.4179660799363075e-10
 -5.0000000000000000e-01   7.5046417530778853e-10   4.8807039811763644e-10
 -4.4999999999999929e-01   8.0205549069047184e-10   4.3428017089157472e-10
 -4.0000000000000213e-01   8.5018891057775055e-10   3.8085253860160374e-10
 -3.5000000000000142e-01   8.9471702780096432e-10   3.2815865171305756e-10
 -3.0000000000000071e-01   9.3555548480206196e-10   2.7651392062151270e-10
 -2.5000000000000000e-01   9.7267474237085859e-10   2.2617972142200493e-10
 -1.9999999999999929e-01   1.0060915543540040e-09   1.7736656359944984e-10
 -1.5000000000000213e-01   1.0358610021739527e-09   1.3023825187089862e-10
 -1.0000000000000142e-01   1.0620685573556064e-09   8.4916610920646875e-11
 -5.0000000000000711e-02   1.0848238400179760e-09   4.1486407113085455e-11
  0.0000000000000000e+00   1.1042537670830725e-09   0.0000000000000000e+00
