# Columns: x, u, lamda
# time_step 4000
# time   4.0000000000000000e+01
 -2.5149999999999999e+01   9.9346348440277295e-11  -1.2863085960119455e-15
 -2.5099999999999998e+01   9.9346348440277295e-11  -1.2863085960119455e-15
 -2.5049999999999997e+01   9.9346348440277295e-11  -1.2863085960119455e-15
 -2.5000000000000000e+01   9.9346348440277295e-11  -1.2863085960119455e-15
 -2.4949999999999999e+01   9.9346764703759557e-11  -1.1627766136190768e-15
 -2.4899999999999999e+01   9.9348196139269133e-11  -1.0884630433419382e-15
 -2.4849999999999998e+01   9.9350586064461035e-11  -9.7590634110884752e-16
 -2.4799999999999997e+01   9.9353693219802068e-11  -8.7475848424133385e-16
 -2.4750000000000000e+01   9.9357029144153726e-11  -7.5696381161817843e-16
 -2.4699999999999999e+01   9.9360010824520399e-11  -6.3791640906195118e-16
 -2.4649999999999999e+01   9.9361876304314129e-11  -5.0870728893242096e-16
 -2.4599999999999998e+01   9.9361914978219889e-11  -3.7411847459423675e-16
 -2.4549999999999997e+01   9.9359573203752808e-11  -2.3121843787628806e-16
 -2.4500000000000000e+01   9.9354660015394051e-11  -8.1322193223581527e-17
 -2.4449999999999999e+01   9.9347511294720022e-11   7.6632646304448786e-17
 -2.4399999999999999e+01   9.9338890961913505e-11   2.4238805596276158e-16
 -2.4349999999999998e+01   9.9329654276741806e-11   4.1642426624815800e-16
 -2.4299999999999997e+01   9.9320429442727182e-11   5.9881437561812869e-16
 -2.4250000000000000e+01   9.9311495414694677e-11   7.8986052561746597e-16
 -2.4199999999999999e+01   9.9302854529673346e-11   9.8974073623619538e-16
 -2.4149999999999999e+01   9.9294378590761867e-11   1.1987043911946322e-15
 -2.4099999999999998e+01   9.9285922436833111e-11   1.4169638721540432e-15
 -2.4049999999999997e+01   9.9277372887656110e-11   1.6447541772969253e-15
 -2.4000000000000000e+01   9.9268656580020696e-11   1.8822997968799761e-15
 -2.3949999999999999e+01   9.9259736630493611e-11   2.1298326742275088e-15
 -2.3899999999999999e+01   9.9250609197674248e-11   2.3875820604869765e-15
 -2.3849999999999998e+01   9.9241296330449462e-11   2.6557797770931217e-15
 -2.3799999999999997e+01   9.9231832068696872e-11   2.9346570293534480e-15
 -2.3750000000000000e+01   9.9222246167459263e-11   3.2244458187925120e-15
 -2.3699999999999999e+01   9.9212553220130099e-11   3.5253778375554858e-15
 -2.3649999999999999e+01   9.9202751330885527e-11   3.8376847141178267e-15
 -2.3599999999999998e+01   9.9192828323971839e-11   4.1615975121247338e-15
 -2.3549999999999997e+01   9.9182770032498307e-11   4.4973466141516986e-15
 -2.3500000000000000e+01   9.9172566036436453e-11   4.8451613812942476e-15
 -2.3449999999999999e+01   9.9162211312840082e-11   5.2052699141874885e-15
 -2.3399999999999999e+01   9.9151704894537054e-11   5.5778987421856689e-15
 -2.3349999999999998e+01   9.9141047511275357e-11   5.9632725321402908e-15
 -2.3299999999999997e+01   9.9130239666349598e-11   6.3616137685366115e-15
 -2.3250000000000000e+01   9.9119280674785885e-11   6.7731424296392387e-15
 -2.3199999999999999e+01   9.9108168544964847e-11   7.1980756465073937e-15
 -2.3149999999999999e+01   9.9096900356048604e-11   7.6366273510484175e-15
 -2.3099999999999998e+01   9.9085472798856540e-11   8.0890079096086182e-15
 -2.3049999999999997e+01   9.9073882639390624e-11   8.5554237433760602e-15
 -2.3000000000000000e+01   9.9062126969823390e-11   9.0360769346245673e-15
 -2.2949999999999999e+01   9.9050203222968929e-11   9.5311648188769760e-15
 -2.2899999999999999e+01   9.9038109023040976e-11   1.0040879562615607e-14
 -2.2849999999999998e+01   9.9025841992804275e-11   1.0565407726345696e-14
 -2.2799999999999997e+01   9.9013399619215910e-11   1.1104929812740457e-14
 -2.2750000000000000e+01   9.9000779218138718e-11   1.1659619799632069e-14
 -2.2699999999999999e+01   9.8987977976696637e-11   1.2229644657574464e-14
 -2.2649999999999999e+01   9.8974993021999012e-11   1.2815163851756961e-14
 -2.2599999999999998e+01   9.8961821472202229e-11   1.3416328827998410e-14
 -2.2549999999999997e+01   9.8948460452678423e-11   1.4033282482628740e-14
 -2.2500000000000000e+01   9.8934907084649124e-11   1.4666158616005113e-14
 -2.2449999999999999e+01   9.8921158464020331e-11   1.5315081369460206e-14
 -2.2399999999999999e+01   9.8907211645049436e-11   1.5980164645451212e-14
 -2.2349999999999998e+01   9.8893063634465894e-11   1.6661511510728598e-14
 -2.2299999999999997e+01   9.8878711394069320e-11   1.7359213582296280e-14
 -2.2250000000000000e+01   9.8864151846750200e-11   1.8073350395974104e-14
 -2.2199999999999999e+01   9.8849381881632618e-11   1.8803988757400347e-14
 -2.2149999999999999e+01   9.8834398356472440e-11   1.9551182075255315e-14
 -2.2099999999999998e+01   9.8819198097561989e-11   2.0314969676585534e-14
 -2.2049999999999997e+01   9.8803777898423301e-11   2.1095376104035496e-14
 -2.2000000000000000e+01   9.8788134518560351e-11   2.1892410394865686e-14
 -2.1949999999999999e+01   9.8772264682978113e-11   2.2706065341600993e-14
 -2.1899999999999999e+01   9.8756165082533451e-11   2.3536316734203564e-14
 -2.1849999999999998e+01   9.8739832374775095e-11   2.4383122583657136e-14
 -2.1799999999999997e+01   9.8723263184865005e-11   2.5246422326848711e-14
 -2.1750000000000000e+01   9.8706454106310282e-11   2.6126136012690964e-14
 -2.1699999999999999e+01   9.8689401701465348e-11   2.7022163469389025e-14
 -2.1649999999999999e+01   9.8672102501913646e-11   2.7934383452823259e-14
 -2.1599999999999998e+01   9.8654553008871888e-11   2.8862652775999101e-14
 -2.1549999999999997e+01   9.8636749693711168e-11   2.9806805419541658e-14
 -2.1500000000000000e+01   9.8618688998604627e-11   3.0766651623242746e-14
 -2.1449999999999999e+01   9.8600367337264451e-11   3.1741976958665023e-14
 -2.1399999999999999e+01   9.8581781095714359e-11   3.2732541382861227e-14
 -2.1349999999999998e+01   9.8562926633078148e-11   3.3738078273239584e-14
 -2.1299999999999997e+01   9.8543800282391137e-11   3.4758293443669490e-14
 -2.1250000000000000e+01   9.8524398351440768e-11   3.5792864141933356e-14
 -2.1199999999999999e+01   9.8504717123657981e-11   3.6841438028626460e-14
 -2.1149999999999999e+01   9.8484752859060679e-11   3.7903632137685426e-14
 -2.1099999999999998e+01   9.8464501795254345e-11   3.8979031818682630e-14
 -2.1049999999999997e+01   9.8443960148481165e-11   4.0067189661125305e-14
 -2.1000000000000000e+01   9.8423124114722637e-11   4.1167624400942595e-14
 -2.0949999999999999e+01   9.8401989870844978e-11   4.2279819809467857e-14
 -2.0899999999999999e+01   9.8380553575797403e-11   4.3403223565144361e-14
 -2.0849999999999998e+01   9.8358811371862161e-11   4.4537246108322034e-14
 -2.0799999999999997e+01   9.8336759385958935e-11   4.5681259479454785e-14
 -2.0750000000000000e+01   9.8314393731009380e-11   4.6834596141094747e-14
 -2.0699999999999999e+01   9.8291710507353628e-11   4.7996547784103387e-14
 -2.0649999999999999e+01   9.8268705804224459e-11   4.9166364118505151e-14
 -2.0599999999999998e+01   9.8245375701281186e-11   5.0343251649491131e-14
 -2.0549999999999997e+01   9.8221716270199587e-11   5.1526372439088625e-14
 -2.0500000000000000e+01   9.8197723576321036e-11   5.2714842854054323e-14
 -2.0449999999999999e+01   9.8173393680366622e-11   5.3907732300589994e-14
 -2.0399999999999999e+01   9.8148722640208459e-11   5.5104061946542166e-14
 -2.0349999999999998e+01   9.8123706512707042e-11   5.6302803431738699e-14
 -2.0299999999999997e+01   9.8098341355612268e-11   5.7502877567228264e-14
 -2.0250000000000000e+01   9.8072623229526463e-11   5.8703153024174786e-14
 -2.0199999999999999e+01   9.8046548199936971e-11   5.9902445013226393e-14
 -2.0149999999999999e+01   9.8020112339314051e-11   6.1099513955249157e-14
 -2.0099999999999998e+01   9.7993311729275820e-11   6.2293064144319890e-14
 -2.0049999999999997e+01   9.7966142462818352e-11   6.3481742403972779e-14
 -2.0000000000000000e+01   9.7938600646614432e-11   6.4664136737701230e-14
 -1.9949999999999999e+01   9.7910682403386330e-11   6.5838774974800980e-14
 -1.9899999999999999e+01   9.7882383874345393e-11   6.7004123412697897e-14
 -1.9849999999999998e+01   9.7853701221703081e-11   6.8158585456923312e-14
 -1.9799999999999997e+01   9.7824630631253270e-11   6.9300500260010855e-14
 -1.9750000000000000e+01   9.7795168315029439e-11   7.0428141360596987e-14
 -1.9699999999999999e+01   9.7765310514028420e-11   7.1539715324129868e-14
 -1.9649999999999999e+01   9.7735053501010318e-11   7.2633360386568554e-14
 -1.9599999999999998e+01   9.7704393583372751e-11   7.3707145102620074e-14
 -1.9549999999999997e+01   9.7673327106099328e-11   7.4759067000039076e-14
 -1.9500000000000000e+01   9.7641850454780508e-11   7.5787051241647879e-14
 -1.9449999999999999e+01   9.7609960058710180e-11   7.6788949296752862e-14
 -1.9399999999999999e+01   9.7577652394058106e-11   7.7762537623749041e-14
 -1.9349999999999998e+01   9.7544923987115608e-11   7.8705516365746359e-14
 -1.9299999999999997e+01   9.7511771417614904e-11   7.9615508061140198e-14
 -1.9250000000000000e+01   9.7478191322126379e-11   8.0490056371112528e-14
 -1.9199999999999999e+01   9.7444180397530541e-11   8.1326624826152867e-14
 -1.9149999999999999e+01   9.7409735404565609e-11   8.2122595593732501e-14
 -1.9099999999999998e+01   9.7374853171450371e-11   8.2875268269376564e-14
 -1.9049999999999997e+01   9.7339530597581689e-11   8.3581858693442817e-14
 -1.9000000000000000e+01   9.7303764657303775e-11   8.4239497796013865e-14
 -1.8949999999999999e+01   9.7267552403751871e-11   8.4845230472378569e-14
 -1.8899999999999999e+01   9.7230890972769538e-11   8.5396014491688942e-14
 -1.8849999999999998e+01   9.7193777586898531e-11   8.5888719441447886e-14
 -1.8799999999999997e+01   9.7156209559441538e-11   8.6320125710581999e-14
 -1.8750000000000000e+01   9.7118184298596131e-11   8.6686923513952384e-14
 -1.8699999999999999e+01   9.7079699311660991e-11   8.6985711961235318e-14
 -1.8649999999999999e+01   9.7040752209310754e-11   8.7212998173226879e-14
 -1.8599999999999998e+01   9.7001340709938604e-11   8.7365196448689547e-14
 -1.8549999999999997e+01   9.6961462644067406e-11   8.7438627484983056e-14
 -1.8500000000000000e+01   9.6921115958825493e-11   8.7429517655819556e-14
 -1.8449999999999999e+01   9.6880298722485251e-11   8.7333998349576382e-14
 -1.8399999999999999e+01   9.6839009129063907e-11   8.7148105371711858e-14
 -1.8349999999999998e+01   9.6797245502986724e-11   8.6867778414930697e-14
 -1.8299999999999997e+01   9.6755006303810899e-11   8.6488860600855809e-14
 -1.8250000000000000e+01   9.6712290131006809e-11   8.6007098097074506e-14
 -1.8199999999999999e+01   9.6669095728792818e-11   8.5418139813529070e-14
 -1.8149999999999999e+01   9.6625421991022299e-11   8.4717537182340818e-14
 -1.8099999999999998e+01   9.6581267966120672e-11   8.3900744025266236e-14
 -1.8049999999999997e+01   9.6536632862069790e-11   8.2963116513108291e-14
 -1.8000000000000000e+01   9.6491516051439755e-11   8.1899913221496258e-14
 -1.7949999999999999e+01   9.6445917076460636e-11   8.0706295287610200e-14
 -1.7899999999999999e+01   9.6399835654135191e-11   7.9377326672474526e-14
 -1.7849999999999998e+01   9.6353271681385212e-11   7.7907974533657061e-14
 -1.7799999999999997e+01   9.6306225240228682e-11   7.6293109713241555e-14
 -1.7750000000000000e+01   9.6258696602988025e-11   7.4527507346119714e-14
 -1.7699999999999999e+01   9.6210686237521208e-11   7.2605847593765900e-14
 -1.7649999999999999e+01   9.6162194812473904e-11   7.0522716508740704e-14
 -1.7600000000000001e+01   9.6113223202546325e-11   6.8272607035363157e-14
 -1.7549999999999997e+01   9.6063772493771193e-11   6.5849920152051848e-14
 -1.7500000000000000e+01   9.6013843988798717e-11   6.3248966161012208e-14
 -1.7449999999999999e+01   9.5963439212186082e-11   6.0463966131032631e-14
 -1.7399999999999999e+01   9.5912559915681835e-11   5.7489053499326830e-14
 -1.7350000000000001e+01   9.5861208083502673e-11   5.4318275838431363e-14
 -1.7299999999999997e+01   9.5809385937594610e-11   5.0945596794366559e-14
 -1.7250000000000000e+01   9.5757095942873722e-11   4.7364898202334847e-14
 -1.7199999999999999e+01   9.5704340812441547e-11   4.3569982386402601e-14
 -1.7149999999999999e+01   9.5651123512768301e-11   3.9554574649720561e-14
 -1.7100000000000001e+01   9.5597447268837038e-11   3.5312325961981821e-14
 -1.7049999999999997e+01   9.5543315569241420e-11   3.0836815850937118e-14
 -1.7000000000000000e+01   9.5488732171226092e-11   2.6121555504944654e-14
 -1.6949999999999999e+01   9.5433701105666414e-11   2.1159991093603184e-14
 -1.6899999999999999e+01   9.5378226681981446e-11   1.5945507313722607e-14
 -1.6850000000000001e+01   9.5322313492969489e-11   1.0471431167969006e-14
 -1.6799999999999997e+01   9.5265966419557919e-11   4.7310359836616710e-15
 -1.6750000000000000e+01   9.5209190635459738e-11  -1.2824543206736708e-15
 -1.6699999999999999e+01   9.5151991611727381e-11  -7.5758607132505328e-15
 -1.6649999999999999e+01   9.5094375121191747e-11  -1.4156044263596700e-14
 -1.6600000000000001e+01   9.5036347242779649e-11  -2.1029901085786571e-14
 -1.6549999999999997e+01   9.4977914365697236e-11  -2.8204357002179140e-14
 -1.6500000000000000e+01   9.4919083193470929e-11  -3.5686361919458642e-14
 -1.6449999999999999e+01   9.4859860747836459e-11  -4.3482883908581042e-14
 -1.6399999999999999e+01   9.4800254372463005e-11  -5.1600902980151304e-14
 -1.6350000000000001e+01   9.4740271736499486e-11  -6.0047404546617505e-14
 -1.6299999999999997e+01   9.4679920837933995e-11  -6.8829372562579292e-14
 -1.6250000000000000e+01   9.4619210006752161e-11  -7.7953782334336076e-14
 -1.6199999999999999e+01   9.4558147907881714e-11  -8.7427592989748592e-14
 -1.6149999999999999e+01   9.4496743543909869e-11  -9.7257739599326247e-14
 -1.6100000000000001e+01   9.4435006257563336e-11  -1.0745112493939783e-13
 -1.6049999999999997e+01   9.4372945733934836e-11  -1.1801461088804643e-13
 -1.6000000000000000e+01   9.4310572002440974e-11  -1.2895500944446390e-13
 -1.5949999999999999e+01   9.4247895438498166e-11  -1.4027907336222604e-13
 -1.5899999999999999e+01   9.4184926764900237e-11  -1.5199348638691185e-13
 -1.5850000000000000e+01   9.4121677052882199e-11  -1.6410485308840655e-13
 -1.5799999999999999e+01   9.4058157722854847e-11  -1.7661968827813217e-13
 -1.5750000000000000e+01   9.3994380544793596e-11  -1.8954440600136130e-13
 -1.5699999999999999e+01   9.3930357638263829e-11  -2.0288530809469700e-13
 -1.5649999999999999e+01   9.3866101472065564e-11  -2.1664857229872604e-13
 -1.5600000000000000e+01   9.3801624863480744e-11  -2.3084023991579127e-13
 -1.5549999999999999e+01   9.3736940977102829e-11  -2.4546620300273438e-13
 -1.5500000000000000e+01   9.3672063323230111e-11  -2.6053219108844667e-13
 -1.5449999999999999e+01   9.3607005755803595e-11  -2.7604375740597329e-13
 -1.5399999999999999e+01   9.3541782469869790e-11  -2.9200626462889016e-13
 -1.5350000000000000e+01   9.3476407998546906e-11  -3.0842487010161302e-13
 -1.5299999999999999e+01   9.3410897209475268e-11  -3.2530451055330759e-13
 -1.5250000000000000e+01   9.3345265300728807e-11  -3.4264988628497159e-13
 -1.5199999999999999e+01   9.3279527796164433e-11  -3.6046544481930631e-13
 -1.5149999999999999e+01   9.3213700540187647e-11  -3.7875536400295102e-13
 -1.5100000000000000e+01   9.3147799691912270e-11  -3.9752353455064530e-13
 -1.5049999999999999e+01   9.3081841718689128e-11  -4.1677354202089689e-13
 -1.5000000000000000e+01   9.3015843388979748e-11  -4.3650864821275356e-13
 -1.4949999999999999e+01   9.2949821764550923e-11  -4.5673177197328952e-13
 -1.4899999999999999e+01   9.2883794191961995e-11  -4.7744546940542458e-13
 -1.4850000000000000e+01   9.2817778293319220e-11  -4.9865191346578587e-13
 -1.4799999999999999e+01   9.2751791956272328e-11  -5.2035287294233172e-13
 -1.4750000000000000e+01   9.2685853323223134e-11  -5.4254969080150266e-13
 -1.4699999999999999e+01   9.2619980779720970e-11  -5.6524326189482346e-13
 -1.4649999999999999e+01   9.2554192942015444e-11  -5.8843401001483677e-13
 -1.4600000000000000e+01   9.2488508643734998e-11  -6.1212186429043858e-13
 -1.4549999999999999e+01   9.2422946921663273e-11  -6.3630623491177639e-13
 -1.4500000000000000e+01   9.2357527000580958e-11  -6.6098598817493081e-13
 -1.4449999999999999e+01   9.2292268277142266e-11  -6.8615942083683052e-13
 -1.4400000000000000e+01   9.2227190302754755e-11  -7.1182423377089836e-13
 -1.4350000000000000e+01   9.2162312765428838e-11  -7.3797750491414716e-13
 -1.4299999999999999e+01   9.2097655470564886e-11  -7.6461566149661482e-13
 -1.4250000000000000e+01   9.2033238320642217e-11  -7.9173445154417399e-13
 -1.4199999999999999e+01   9.1969081293775159e-11  -8.1932891464601103e-13
 -1.4150000000000000e+01   9.1905204421100453e-11  -8.4739335197823970e-13
 -1.4100000000000000e+01   9.1841627762959762e-11  -8.7592129557538113e-13
 -1.4049999999999999e+01   9.1778371383841249e-11  -9.0490547684169274e-13
 -1.4000000000000000e+01   9.1715455326042002e-11  -9.3433779429458330e-13
 -1.3949999999999999e+01   9.1652899582012281e-11  -9.6420928053265909e-13
 -1.3900000000000000e+01   9.1590724065341292e-11  -9.9451006842123267e-13
 -1.3850000000000000e+01   9.1528948580344909e-11  -1.0252293564884676e-12
 -1.3799999999999999e+01   9.1467592790215050e-11  -1.0563553735256848e-12
 -1.3750000000000000e+01   9.1406676183688850e-11  -1.0878753423856903e-12
 -1.3699999999999999e+01   9.1346218040195046e-11  -1.1197754429734179e-12
 -1.3650000000000000e+01   9.1286237393433926e-11  -1.1520407744235446e-12
 -1.3600000000000000e+01   9.1226752993347010e-11  -1.1846553164602056e-12
 -1.3549999999999999e+01   9.1167783266432084e-11  -1.2176018899343649e-12
 -1.3500000000000000e+01   9.1109346274356364e-11  -1.2508621165348644e-12
 -1.3449999999999999e+01   9.1051459670822856e-11  -1.2844163776697699e-12
 -1.3400000000000000e+01   9.0994140656641380e-11  -1.3182437725149822e-12
 -1.3350000000000000e+01   9.0937405932955034e-11  -1.3523220752278281e-12
 -1.3299999999999999e+01   9.0881271652574551e-11  -1.3866276913237876e-12
 -1.3250000000000000e+01   9.0825753369370390e-11  -1.4211356132152029e-12
 -1.3199999999999999e+01   9.0770865985672091e-11  -1.4558193749114034e-12
 -1.3150000000000000e+01   9.0716623697621931e-11  -1.4906510058803671e-12
 -1.3100000000000000e+01   9.0663039938430540e-11  -1.5256009840727341e-12
 -1.3049999999999999e+01   9.0610127319480882e-11  -1.5606381881096984e-12
 -1.3000000000000000e+01   9.0557897569226564e-11  -1.5957298486370895e-12
 -1.2949999999999999e+01   9.0506361469828641e-11  -1.6308414988487049e-12
 -1.2900000000000000e+01   9.0455528791474825e-11  -1.6659369241828218e-12
 -1.2850000000000000e+01   9.0405408224324377e-11  -1.7009781111966364e-12
 -1.2799999999999999e+01   9.0356007308019960e-11  -1.7359251956243007e-12
 -1.2750000000000000e+01   9.0307332358707849e-11  -1.7707364096251386e-12
 -1.2699999999999999e+01   9.0259388393506027e-11  -1.8053680282295967e-12
 -1.2650000000000000e+01   9.0212179052359578e-11  -1.8397743149914995e-12
 -1.2600000000000000e+01   9.0165706517220566e-11  -1.8739074668561902e-12
 -1.2549999999999999e+01   9.0119971428490179e-11  -1.9077175582552973e-12
 -1.2500000000000000e+01   9.0074972798658876e-11  -1.9411524844398941e-12
 -1.2449999999999999e+01   9.0030707923079783e-11  -1.9741579040650864e-12
 -1.2400000000000000e+01   8.9987172287810450e-11  -2.0066771810402333e-12
 -1.2350000000000000e+01   8.9944359474455255e-11  -2.0386513256602472e-12
 -1.2299999999999999e+01   8.9902261061941340e-11  -2.0700189350348074e-12
 -1.2250000000000000e+01   8.9860866525158588e-11  -2.1007161328335871e-12
 -1.2199999999999999e+01   8.9820163130393253e-11  -2.1306765083670680e-12
 -1.2150000000000000e+01   8.9780135827485292e-11  -2.1598310550239751e-12
 -1.2100000000000000e+01   8.9740767138636364e-11  -2.1881081080878119e-12
 -1.2049999999999999e+01   8.9702037043796271e-11  -2.2154332819566554e-12
 -1.2000000000000000e+01   8.9663922862554610e-11  -2.2417294067919041e-12
 -1.1949999999999999e+01   8.9626399132462442e-11  -2.2669164646233821e-12
 -1.1900000000000000e+01   8.9589437483708018e-11  -2.2909115249400044e-12
 -1.1850000000000000e+01   8.9553006510068989e-11  -2.3136286797969114e-12
 -1.1799999999999999e+01   8.9517071636062859e-11  -2.3349789784719747e-12
 -1.1750000000000000e+01   8.9481594980215837e-11  -2.3548703617063891e-12
 -1.1699999999999999e+01   8.9446535214369939e-11  -2.3732075955662008e-12
 -1.1650000000000000e+01   8.9411847418948477e-11  -2.3898922049635854e-12
 -1.1600000000000000e+01   8.9377482934097274e-11  -2.4048224068789277e-12
 -1.1549999999999999e+01   8.9343389206618948e-11  -2.4178930433269559e-12
 -1.1500000000000000e+01   8.9309509632614608e-11  -2.4289955141124481e-12
 -1.1449999999999999e+01   8.9275783395747067e-11  -2.4380177094234976e-12
 -1.1400000000000000e+01   8.9242145301039186e-11  -2.4448439423127369e-12
 -1.1350000000000000e+01   8.9208525604119550e-11  -2.4493548811194671e-12
 -1.1299999999999999e+01   8.9174849835827857e-11  -2.4514274818883788e-12
 -1.1250000000000000e+01   8.9141038622090389e-11  -2.4509349208431795e-12
 -1.1199999999999999e+01   8.9107007498975095e-11  -2.4477465269763691e-12
 -1.1150000000000000e+01   8.9072666722834037e-11  -2.4417277148193121e-12
 -1.1100000000000000e+01   8.9037921075439433e-11  -2.4327399174597757e-12
 -1.1049999999999999e+01   8.9002669664020451e-11  -2.4206405198773399e-12
 -1.1000000000000000e+01   8.8966805716105651e-11  -2.4052827926702371e-12
 -1.0949999999999999e+01   8.8930216369076259e-11  -2.3865158262506654e-12
 -1.0900000000000000e+01   8.8892782454334295e-11  -2.3641844655890930e-12
 -1.0850000000000000e+01   8.8854378275987444e-11  -2.3381292455916466e-12
 -1.0799999999999999e+01   8.8814871383952298e-11  -2.3081863271985491e-12
 -1.0750000000000000e+01   8.8774122341376581e-11  -2.2741874342953801e-12
 -1.0699999999999999e+01   8.8731984486279922e-11  -2.2359597915330071e-12
 -1.0650000000000000e+01   8.8688303687313433e-11  -2.1933260631562875e-12
 -1.0600000000000000e+01   8.8642918093535743e-11  -2.1461042929458522e-12
 -1.0549999999999999e+01   8.8595657878105111e-11  -2.0941078453819833e-12
 -1.0500000000000000e+01   8.8546344975783677e-11  -2.0371453481440747e-12
 -1.0449999999999999e+01   8.8494792814151287e-11  -1.9750206360642141e-12
 -1.0400000000000000e+01   8.8440806038424743e-11  -1.9075326966583046e-12
 -1.0350000000000000e+01   8.8384180229778488e-11  -1.8344756173634968e-12
 -1.0299999999999999e+01   8.8324701617062589e-11  -1.7556385346160802e-12
 -1.0250000000000000e+01   8.8262146781813981e-11  -1.6708055849096450e-12
 -1.0199999999999999e+01   8.8196282356456569e-11  -1.5797558579791944e-12
 -1.0150000000000000e+01   8.8126864715585827e-11  -1.4822633522630116e-12
 -1.0100000000000000e+01   8.8053639660233473e-11  -1.3780969328003776e-12
 -1.0050000000000001e+01   8.7976342095007895e-11  -1.2670202917298793e-12
 -1.0000000000000000e+01   8.7894695698007399e-11  -1.1487919115599192e-12
 -9.9499999999999993e+00   8.7808412583403952e-11  -1.0231650313901307e-12
 -9.9000000000000004e+00   8.7717192956596783e-11  -8.8988761626991098e-13
 -9.8499999999999996e+00   8.7620724761834761e-11  -7.4870232988795176e-13
 -9.8000000000000007e+00   8.7518683322209125e-11  -5.9934651079482732e-13
 -9.7500000000000000e+00   8.7410730971919067e-11  -4.4155215236898419e-13
 -9.6999999999999993e+00   8.7296516680714550e-11  -2.7504588674536952e-13
 -9.6500000000000004e+00   8.7175675670423405e-11  -9.9548972934987566e-14
 -9.5999999999999996e+00   8.7047829023473608e-11   8.5222710626688161e-14
 -9.5500000000000007e+00   8.6912583283323369e-11   2.7955866885465451e-13
 -9.5000000000000000e+00   8.6769530046715867e-11   4.8375378785438409e-13
 -9.4499999999999993e+00   8.6618245547678489e-11   6.9810832755779461e-13
 -9.4000000000000004e+00   8.6458290233192787e-11   9.2292790887470627e-13
 -9.3499999999999996e+00   8.6289208330465571e-11   1.1585234950674132e-12
 -9.3000000000000007e+00   8.6110527405737675e-11   1.4052113670436296e-12
 -9.2500000000000000e+00   8.5921757914573018e-11   1.6633130922500096e-12
 -9.1999999999999993e+00   8.5722392743577714e-11   1.9331554868348959e-12
 -9.1500000000000004e+00   8.5511906743507480e-11   2.2150705707346703e-12
 -9.1000000000000014e+00   8.5289756253729961e-11   2.5093955153231735e-12
 -9.0500000000000007e+00   8.5055378618019551e-11   2.8164725832480246e-12
 -9.0000000000000000e+00   8.4808191691672995e-11   3.1366490600612698e-12
 -8.9499999999999993e+00   8.4547593339946476e-11   3.4702771772345864e-12
 -8.8999999999999986e+00   8.4272960927828356e-11   3.8177140261312412e-12
 -8.8500000000000014e+00   8.3983650801175816e-11   4.1793214624880512e-12
 -8.8000000000000007e+00   8.3678997759261625e-11   4.5554660009406828e-12
 -8.7500000000000000e+00   8.3358314518793598e-11   4.9465186991047465e-12
 -8.6999999999999993e+00   8.3020891169489778e-11   5.3528550307031573e-12
 -8.6499999999999986e+00   8.2665994621314692e-11   5.7748547472071556e-12
 -8.6000000000000014e+00   8.2292868043505922e-11   6.2129017274340461e-12
 -8.5500000000000007e+00   8.1900730295546493e-11   6.6673838145191475e-12
 -8.5000000000000000e+00   8.1488775350267257e-11   7.1386926396525575e-12
 -8.4499999999999993e+00   8.1056171709295170e-11   7.6272234319429108e-12
 -8.3999999999999986e+00   8.0602061811096996e-11   8.1333748137405088e-12
 -8.3500000000000014e+00   8.0125561431906568e-11   8.6575485807206292e-12
 -8.3000000000000007e+00   7.9625759079864329e-11   9.2001494659946263e-12
 -8.2500000000000000e+00   7.9101715382743751e-11   9.7615848874814220e-12
 -8.1999999999999993e+00   7.8552462469687397e-11   1.0342264677735006e-11
 -8.1499999999999986e+00   7.7977003347429383e-11   1.0942600795384471e-11
 -8.1000000000000014e+00   7.7374311271539084e-11   1.1563007017301900e-11
 -8.0500000000000007e+00   7.6743329113285009e-11   1.2203898610569892e-11
 -8.0000000000000000e+00   7.6082968722786895e-11   1.2865691983274359e-11
 -7.9499999999999993e+00   7.5392110289198990e-11   1.3548804313099622e-11
 -7.8999999999999986e+00   7.4669601698750206e-11   1.4253653152651244e-11
 -7.8500000000000014e+00   7.3914257891555855e-11   1.4980656010377582e-11
 -7.8000000000000007e+00   7.3124860218212329e-11   1.5730229905903243e-11
 -7.7500000000000000e+00   7.2300155797291893e-11   1.6502790898526559e-11
 -7.6999999999999993e+00   7.1438856874969046e-11   1.7298753587568402e-11
 -7.6499999999999986e+00   7.0539640188134768e-11   1.8118530583191121e-11
 -7.6000000000000014e+00   6.9601146332488931e-11   1.8962531946233460e-11
 -7.5500000000000007e+00   6.8621979137248227e-11   1.9831164595530282e-11
 -7.5000000000000000e+00   6.7600705048265877e-11   2.0724831681103949e-11
 -7.4499999999999993e+00   6.6535852521530623e-11   2.1643931921527437e-11
 -7.3999999999999986e+00   6.5425911429199837e-11   2.2588858903666759e-11
 -7.3500000000000014e+00   6.4269332480522831e-11   2.3560000342912554e-11
 -7.3000000000000007e+00   6.3064526660229498e-11   2.4557737301906434e-11
 -7.2500000000000000e+00   6.1809864687195678e-11   2.5582443365656917e-11
 -7.1999999999999993e+00   6.0503676496453202e-11   2.6634483770822367e-11
 -7.1499999999999986e+00   5.9144250747888345e-11   2.7714214486813090e-11
 -7.1000000000000014e+00   5.7729834365273076e-11   2.8821981246231525e-11
 -7.0500000000000007e+00   5.6258632109595641e-11   2.9958118522027938e-11
 -7.0000000000000000e+00   5.4728806191006954e-11   3.1122948448598135e-11
 -6.9499999999999993e+00   5.3138475924075854e-11   3.2316779683889058e-11
 -6.8999999999999986e+00   5.1485717431453146e-11   3.3539906209407033e-11
 -6.8500000000000014e+00   4.9768563401483481e-11   3.4792606064841055e-11
 -6.8000000000000007e+00   4.7985002905777102e-11   3.6075140013819156e-11
 -6.7500000000000000e+00   4.6132981283263447e-11   3.7387750137108715e-11
 -6.6999999999999993e+00   4.4210400097797738e-11   3.8730658349350332e-11
 -6.6499999999999986e+00   4.2215117176983153e-11   4.0104064835179232e-11
 -6.6000000000000014e+00   4.0144946740507363e-11   4.1508146400336485e-11
 -6.5500000000000007e+00   3.7997659626976671e-11   4.2943054733103566e-11
 -6.5000000000000000e+00   3.5770983628966232e-11   4.4408914571106929e-11
 -6.4499999999999993e+00   3.3462603946795547e-11   4.5905821768233116e-11
 -6.3999999999999986e+00   3.1070163772386314e-11   4.7433841256067231e-11
 -6.3500000000000014e+00   2.8591265015470334e-11   4.8993004893918319e-11
 -6.3000000000000007e+00   2.6023469185391041e-11   5.0583309201121113e-11
 -6.2500000000000000e+00   2.3364298442788813e-11   5.2204712964904230e-11
 -6.1999999999999993e+00   2.0611236836579016e-11   5.3857134716687515e-11
 -6.1499999999999986e+00   1.7761731742830504e-11   5.5540450069214878e-11
 -6.1000000000000014e+00   1.4813195523433737e-11   5.7254488906439717e-11
 -6.0500000000000007e+00   1.1763007423815456e-11   5.8999032417557865e-11
 -6.0000000000000000e+00   8.6085157304170202e-12   6.0773809966023973e-11
 -5.9499999999999993e+00   5.3470402102106750e-12   6.2578495783788704e-11
 -5.8999999999999986e+00   1.9758748561860970e-12   6.4412705480354527e-11
 -5.8500000000000014e+00  -1.5077090354968102e-12   6.6275992355563485e-11
 -5.8000000000000007e+00  -5.1064594291181814e-12   6.8167843504297082e-11
 -5.7500000000000000e+00  -8.8231397242111465e-12   7.0087675700485425e-11
 -5.6999999999999993e+00  -1.2660524509910398e-11   7.2034831046984349e-11
 -5.6499999999999986e+00  -1.6621394864937527e-11   7.4008572376983261e-11
 -5.6000000000000014e+00  -2.0708533166968389e-11   7.6008078391647007e-11
 -5.5500000000000007e+00  -2.4924717372643831e-11   7.8032438517671819e-11
 -5.5000000000000000e+00  -2.9272714726869314e-11   8.0080647467339922e-11
 -5.4499999999999993e+00  -3.3755274857304379e-11   8.2151599482488811e-11
 -5.3999999999999986e+00  -3.8375122207067137e-11   8.4244082242563841e-11
 -5.3500000000000014e+00  -4.3134947755675033e-11   8.6356770415591756e-11
 -5.3000000000000007e+00  -4.8037399975115455e-11   8.8488218829494872e-11
 -5.2500000000000000e+00  -5.3085074964694446e-11   9.0636855239656542e-11
 -5.1999999999999993e+00  -5.8280505704957070e-11   9.2800972667042812e-11
 -5.1499999999999986e+00  -6.3626150367523046e-11   9.4978721279481138e-11
 -5.1000000000000014e+00  -6.9124379614150421e-11   9.7168099786890332e-11
 -5.0500000000000007e+00  -7.4777462814751327e-11   9.9366946319344123e-11
 -5.0000000000000000e+00  -8.0587553110462092e-11   1.0157292875483288e-10
 -4.9499999999999993e+00  -8.6556671244250105e-11   1.0378353446146337e-10
 -4.8999999999999986e+00  -9.2686688077961365e-11   1.0599605941660733e-10
 -4.8500000000000014e+00  -9.8979305711227206e-11   1.0820759666317863e-10
 -4.8000000000000007e+00  -1.0543603711431579e-10   1.1041502406079422e-10
 -4.7500000000000000e+00  -1.1205818418390984e-10   1.1261499128706373e-10
 -4.6999999999999993e+00  -1.1884681412800244e-10   1.1480390604167269e-10
 -4.6499999999999986e+00  -1.2580273408373568e-10   1.1697791940329642e-10
 -4.6000000000000014e+00  -1.3292646387018980e-10   1.1913291028672858e-10
 -4.5500000000000007e+00  -1.4021820677701138e-10   1.2126446894497211e-10
 -4.5000000000000000e+00  -1.4767781828952874e-10   1.2336787945846114e-10
 -4.4499999999999993e+00  -1.5530477265185248e-10   1.2543810115112840e-10
 -4.3999999999999986e+00  -1.6309812717164718e-10   1.2746974887077059e-10
 -4.3500000000000014e+00  -1.7105648417408250e-10   1.2945707206919981e-10
 -4.3000000000000007e+00  -1.7917795051827171e-10   1.3139393261611867e-10
 -4.2500000000000000e+00  -1.8746009459769109e-10   1.3327378127967070e-10
 -4.1999999999999993e+00  -1.9589990075711899e-10   1.3508963280638895e-10
 -4.1499999999999986e+00  -2.0449372107309690e-10   1.3683403953402113e-10
 -4.1000000000000014e+00  -2.1323722446344490e-10   1.3849906347274263e-10
 -4.0500000000000007e+00  -2.2212534311472121e-10   1.4007624679392786e-10
 -4.0000000000000000e+00  -2.3115221624558179e-10   1.4155658067137216e-10
 -3.9499999999999993e+00  -2.4031113125980066e-10   1.4293047242817268e-10
 -3.8999999999999986e+00  -2.4959446238644236e-10   1.4418771095403406e-10
 -3.8500000000000014e+00  -2.5899360695771496e-10   1.4531743037335590e-10
 -3.8000000000000007e+00  -2.6849891953896835e-10   1.4630807196504485e-10
 -3.7500000000000000e+00  -2.7809964420196217e-10   1.4714734436174216e-10
 -3.6999999999999993e+00  -2.8778384532402250e-10   1.4782218209048133e-10
 -3.6500000000000021e+00  -2.9753833740442003e-10   1.4831870256039636e-10
 -3.6000000000000014e+00  -3.0734861451798005e-10   1.4862216165804785e-10
 -3.5500000000000007e+00  -3.1719878017764468e-10   1.4871690817969530e-10
 -3.5000000000000000e+00  -3.2707147855591591e-10   1.4858633741538167e-10
 -3.4499999999999993e+00  -3.3694782822367519e-10   1.4821284430555016e-10
 -3.4000000000000021e+00  -3.4680735980802357e-10   1.4757777672129274e-10
 -3.3500000000000014e+00  -3.5662795925314762e-10   1.4666138957922408e-10
 -3.3000000000000007e+00  -3.6638581869467751e-10   1.4544280069724732e-10
 -3.2500000000000000e+00  -3.7605539733370218e-10   1.4389994953501112e-10
 -3.1999999999999993e+00  -3.8560939512667673e-10   1.4200956025063000e-10
 -3.1500000000000021e+00  -3.9501874259680854e-10   1.3974711085243457e-10
 -3.1000000000000014e+00  -4.0425261062542177e-10   1.3708681064158669e-10
 -3.0500000000000007e+00  -4.1327844470136386e-10   1.3400158864004120e-10
 -3.0000000000000000e+00  -4.2206202879383939e-10   1.3046309629141949e-10
 -2.9499999999999993e+00  -4.3056758476720334e-10   1.2644172842366365e-10
 -2.9000000000000021e+00  -4.3875791406877610e-10   1.2190666728605063e-10
 -2.8500000000000014e+00  -4.4659458927980034e-10   1.1682595543310021e-10
 -2.8000000000000007e+00  -4.5403820400348025e-10   1.1116660433629441e-10
 -2.7500000000000000e+00  -4.6104869043877142e-10   1.0489474687000406e-10
 -2.6999999999999993e+00  -4.6758571480427343e-10   9.7975843242974784e-11
 -2.6500000000000021e+00  -4.7360916146232221e-10   9.0374951523409676e-11
 -2.6000000000000014e+00  -4.7907971705150825e-10   8.2057075610902929e-11
 -2.5500000000000007e+00  -4.8395956603534069e-10   7.2987605296495671e-11
 -2.5000000000000000e+00  -4.8821320864403202e-10   6.3132864845452559e-11
 -2.4499999999999993e+00  -4.9180841100613962e-10   5.2460788215093398e-11
 -2.4000000000000021e+00  -4.9471729506403512e-10   4.0941740403663292e-11
 -2.3500000000000014e+00  -4.9691757231185195e-10   2.8549505263244879e-11
 -2.3000000000000007e+00  -4.9839392010168962e-10   1.5262460055649325e-11
 -2.2500000000000000e+00  -4.9913949180453131e-10   1.0649556313273204e-12
 -2.1999999999999993e+00  -4.9915754203888964e-10  -1.4051082208993346e-11
 -2.1500000000000021e+00  -4.9846313507153330e-10  -3.0084320555599052e-11
 -2.1000000000000014e+00  -4.9708488802896733e-10  -4.7021956207399694e-11
 -2.0500000000000007e+00  -4.9506668062052776e-10  -6.4837434958518034e-11
 -2.0000000000000000e+00  -4.9246923990280481e-10  -8.3487985773359105e-11
 -1.9499999999999993e+00  -4.8937148299026330e-10  -1.0291202712340992e-10
 -1.9000000000000021e+00  -4.8587147407570833e-10  -1.2302653388513720e-10
 -1.8500000000000014e+00  -4.8208682718208825e-10  -1.4372449027002405e-10
 -1.8000000000000007e+00  -4.7815436639259243e-10  -1.6487259590420134e-10
 -1.7500000000000000e+00  -4.7422884577358132e-10  -1.8630943557216111e-10
 -1.6999999999999993e+00  -4.7048053772190638e-10  -2.0784436363885694e-10
 -1.6500000000000021e+00  -4.6709152745766926e-10  -2.2925738509134359e-10
 -1.6000000000000014e+00  -4.6425060881962423e-10  -2.5030032792938647e-10
 -1.5500000000000007e+00  -4.6214676647880875e-10  -2.7069958651064926e-10
 -1.5000000000000000e+00  -4.6096135250287591e-10  -2.9016066283483120e-10
 -1.4499999999999993e+00  -4.6085921553682721e-10  -3.0837463539432564e-10
 -1.4000000000000021e+00  -4.6197920617870437e-10  -3.2502654097220280e-10
 -1.3500000000000014e+00  -4.6442464229735340e-10  -3.3980546936480183e-10
 -1.3000000000000007e+00  -4.6825444679384648e-10  -3.5241596009498960e-10
 -1.2500000000000000e+00  -4.7347573894102658e-10  -3.6259007955044800e-10
 -1.1999999999999993e+00  -4.8003864359613656e-10  -3.7009938008122332e-10
 -1.1500000000000021e+00  -4.8783396512831096e-10  -3.7476583507148060e-10
 -1.1000000000000014e+00  -4.9669415599109872e-10  -3.7647083594114655e-10
 -1.0500000000000007e+00  -5.0639771410628562e-10  -3.7516144467292834e-10
 -1.0000000000000000e+00  -5.1667680716912798e-10  -3.7085331494916877e-10
 -9.4999999999999929e-01  -5.2722759556933868e-10  -3.6363000055840917e-10
 -9.0000000000000213e-01  -5.3772245979584053e-10  -3.5363871757759317e-10
 -8.5000000000000142e-01  -5.4782317362404270e-10  -3.4108296402748298e-10
 -8.0000000000000071e-01  -5.5719402250909143e-10  -3.2621267679467564e-10
 -7.5000000000000000e-01  -5.6551394588280979e-10  -3.0931278347096397e-10
 -6.9999999999999929e-01  -5.7248695966770858e-10  -2.9069106945252836e-10
 -6.5000000000000213e-01  -5.7785035499511711e-10  -2.7066623283604112e-10
 -6.0000000000000142e-01  -5.8138042821297624e-10  -2.4955686369443614e-10
 -5.5000000000000071e-01  -5.8289574068128329e-10  -2.2767189299706498e-10
 -5.0000000000000000e-01  -5.8225810168774657e-10  -2.0530284467285698e-10
 -4.4999999999999929e-01  -5.7937161128341670e-10  -1.8271802264869509e-10
 -4.0000000000000213e-01  -5.7418016452973044e-10  -1.6015859444032178e-10
 -3.5000000000000142e-01  -5.6666386256517023e-10  -1.3783640635676459e-10
 -3.0000000000000071e-01  -5.5683470809068374e-10  -1.1593328371626574e-10
 -2.5000000000000000e-01  -5.4473200156104114e-10  -9.4601531598337141e-11
 -1.9999999999999929e-01  -5.3041761639532666e-10  -7.3965343658201647e-11
 -1.5000000000000213e-01  -5.1397158667631787e-10  -5.4122850037357254e-11
 -1.0000000000000142e-01  -4.9548776878523782e-10  -3.5148555033099253e-11
 -5.0000000000000711e-02  -4.7507041699253291e-10  -1.7095946100108135e-11
  0.0000000000000000e+00  -4.5283050121690493e-10   0.0000000000000000e+00
