# Columns: x, u, lamda
# time_step 10000
# time   1.0000000000000000e+02
 -2.5149999999999999e+01   9.4644077420912603e-11   3.6550591430551056e-14
 -2.5099999999999998e+01   9.4644077420912603e-11   3.6550591430551056e-14
 -2.5049999999999997e+01   9.4644077420912603e-11   3.6550591430551056e-14
 -2.5000000000000000e+01   9.4644077420912603e-11   3.6550591430551056e-14
 -2.4949999999999999e+01   9.4642127491956017e-11   3.7746356511027063e-14
 -2.4899999999999999e+01   9.4640528563900698e-11   3.8367238461279040e-14
 -2.4849999999999998e+01   9.4639615149044517e-11   3.9337032175626505e-14
 -2.4799999999999997e+01   9.4640142357140128e-11   4.0108773490104146e-14
 -2.4750000000000000e+01   9.4638921509516568e-11   4.0997631381891943e-14
 -2.4699999999999999e+01   9.4630125474406203e-11   4.1819438517887076e-14
 -2.4649999999999999e+01   9.4608036213565989e-11   4.2679443967010336e-14
 -2.4599999999999998e+01   9.4572830200778223e-11   4.3514319098484974e-14
 -2.4549999999999997e+01   9.4528632467165173e-11   4.4358840425741598e-14
 -2.4500000000000000e+01   9.4479042413588764e-11   4.5191259775955767e-14
 -2.4449999999999999e+01   9.4425258031696068e-11   4.6022559066970715e-14
 -2.4399999999999999e+01   9.4367168612806533e-11   4.6844692511263700e-14
 -2.4349999999999998e+01   9.4304913274257728e-11   4.7660569264029613e-14
 -2.4299999999999997e+01   9.4239460396914307e-11   4.8466683472313603e-14
 -2.4250000000000000e+01   9.4172135143315679e-11   4.9263172989507184e-14
 -2.4199999999999999e+01   9.4103959215503408e-11   5.0047993207890509e-14
 -2.4149999999999999e+01   9.4035386292710892e-11   5.0820288876232719e-14
 -2.4099999999999998e+01   9.3966467979451634e-11   5.1578440879473227e-14
 -2.4049999999999997e+01   9.3897131389220879e-11   5.2321195374808450e-14
 -2.4000000000000000e+01   9.3827326987092288e-11   5.3047009024304761e-14
 -2.3949999999999999e+01   9.3757020423645585e-11   5.3754426491051502e-14
 -2.3899999999999999e+01   9.3686139199457534e-11   5.4441860729849363e-14
 -2.3849999999999998e+01   9.3614563307689272e-11   5.5107718764219262e-14
 -2.3799999999999997e+01   9.3542166676201065e-11   5.5750327666164541e-14
 -2.3750000000000000e+01   9.3468864410014099e-11   5.6367976097014287e-14
 -2.3699999999999999e+01   9.3394629647965034e-11   5.6958889054836949e-14
 -2.3649999999999999e+01   9.3319478302399812e-11   5.7521241263746557e-14
 -2.3599999999999998e+01   9.3243442387332442e-11   5.8053148260904969e-14
 -2.3549999999999997e+01   9.3166550679134669e-11   5.8552670410019959e-14
 -2.3500000000000000e+01   9.3088821739670432e-11   5.9017809485185373e-14
 -2.3449999999999999e+01   9.3010264241413664e-11   5.9446509589004351e-14
 -2.3399999999999999e+01   9.2930878595585873e-11   5.9836655611106578e-14
 -2.3349999999999998e+01   9.2850657871596559e-11   6.0186073154472395e-14
 -2.3299999999999997e+01   9.2769589069804139e-11   6.0492527664428380e-14
 -2.3250000000000000e+01   9.2687655786211690e-11   6.0753724071696669e-14
 -2.3199999999999999e+01   9.2604841714005701e-11   6.0967306195547723e-14
 -2.3149999999999999e+01   9.2521133469046972e-11   6.1130856345691153e-14
 -2.3099999999999998e+01   9.2436521664292808e-11   6.1241894873468976e-14
 -2.3049999999999997e+01   9.2351000274805987e-11   6.1297879820162929e-14
 -2.3000000000000000e+01   9.2264565125438003e-11   6.1296206581185689e-14
 -2.2949999999999999e+01   9.2177212399343043e-11   6.1234207637129456e-14
 -2.2899999999999999e+01   9.2088937662476457e-11   6.1109152326329674e-14
 -2.2849999999999998e+01   9.1999735468201805e-11   6.0918246677736942e-14
 -2.2799999999999997e+01   9.1909599386993093e-11   6.0658633297414020e-14
 -2.2750000000000000e+01   9.1818522278093572e-11   6.0327391316997661e-14
 -2.2699999999999999e+01   9.1726496661134247e-11   5.9921536403687287e-14
 -2.2649999999999999e+01   9.1633515077916618e-11   5.9438020836764781e-14
 -2.2599999999999998e+01   9.1539570357068666e-11   5.8873733652369764e-14
 -2.2549999999999997e+01   9.1444655730562416e-11   5.8225500860570795e-14
 -2.2500000000000000e+01   9.1348764805043938e-11   5.7490085737352258e-14
 -2.2449999999999999e+01   9.1251891439644823e-11   5.6664189195150574e-14
 -2.2399999999999999e+01   9.1154029601705895e-11   5.5744450235042298e-14
 -2.2349999999999998e+01   9.1055173257909906e-11   5.4727446484298998e-14
 -2.2299999999999997e+01   9.0955316326339824e-11   5.3609694822566189e-14
 -2.2250000000000000e+01   9.0854452684360422e-11   5.2387652100310617e-14
 -2.2199999999999999e+01   9.0752576209613872e-11   5.1057715953344696e-14
 -2.2149999999999999e+01   9.0649680829340757e-11   4.9616225716847818e-14
 -2.2099999999999998e+01   9.0545760559946469e-11   4.8059463443045433e-14
 -2.2049999999999997e+01   9.0440809528635021e-11   4.6383655026157585e-14
 -2.2000000000000000e+01   9.0334821977412520e-11   4.4584971438781871e-14
 -2.1949999999999999e+01   9.0227792255124486e-11   4.2659530083591205e-14
 -2.1899999999999999e+01   9.0119714804893495e-11   4.0603396264605555e-14
 -2.1849999999999998e+01   9.0010584153230991e-11   3.8412584782208907e-14
 -2.1799999999999997e+01   8.9900394904692957e-11   3.6083061656055705e-14
 -2.1750000000000000e+01   8.9789141742701648e-11   3.3610745980415505e-14
 -2.1699999999999999e+01   8.9676819434865004e-11   3.0991511916153825e-14
 -2.1649999999999999e+01   8.9563422839968873e-11   2.8221190824034445e-14
 -2.1599999999999998e+01   8.9448946914106772e-11   2.5295573543804243e-14
 -2.1549999999999997e+01   8.9333386714716729e-11   2.2210412823676937e-14
 -2.1500000000000000e+01   8.9216737402457877e-11   1.8961425904988745e-14
 -2.1449999999999999e+01   8.9098994241645548e-11   1.5544297266701460e-14
 -2.1399999999999999e+01   8.8980152600016986e-11   1.1954681534757074e-14
 -2.1349999999999998e+01   8.8860207948629429e-11   8.1882065609775900e-15
 -2.1299999999999997e+01   8.8739155862354754e-11   4.2404766766034628e-15
 -2.1250000000000000e+01   8.8616992020870525e-11   1.0707612553289257e-16
 -2.1199999999999999e+01   8.8493712209987082e-11  -4.2164273178287095e-15
 -2.1149999999999999e+01   8.8369312322911580e-11  -8.7344785407057790e-15
 -2.1099999999999998e+01   8.8243788361272942e-11  -1.3451531089173761e-14
 -2.1049999999999997e+01   8.8117136435714741e-11  -1.8372042964891947e-14
 -2.1000000000000000e+01   8.7989352766169618e-11  -2.3500472216411485e-14
 -2.0949999999999999e+01   8.7860433681751526e-11  -2.8841272319277894e-14
 -2.0899999999999999e+01   8.7730375620481613e-11  -3.4398887340011807e-14
 -2.0849999999999998e+01   8.7599175128866424e-11  -4.0177746878091532e-14
 -2.0799999999999997e+01   8.7466828861331101e-11  -4.6182260780787913e-14
 -2.0750000000000000e+01   8.7333333579519107e-11  -5.2416813625199112e-14
 -2.0699999999999999e+01   8.7198686151308987e-11  -5.8885758961904849e-14
 -2.0649999999999999e+01   8.7062883549627265e-11  -6.5593413314868137e-14
 -2.0599999999999998e+01   8.6925922851057855e-11  -7.2544049931811396e-14
 -2.0549999999999997e+01   8.6787801234117829e-11  -7.9741892279524452e-14
 -2.0500000000000000e+01   8.6648515977190885e-11  -8.7191107278520054e-14
 -2.0449999999999999e+01   8.6508064456209224e-11  -9.4895798271435114e-14
 -2.0399999999999999e+01   8.6366444142008374e-11  -1.0285999771938919e-13
 -2.0349999999999998e+01   8.6223652597445895e-11  -1.1108765962095812e-13
 -2.0299999999999997e+01   8.6079687474189579e-11  -1.1958265164782579e-13
 -2.0250000000000000e+01   8.5934546509088458e-11  -1.2834874699171131e-13
 -2.0199999999999999e+01   8.5788227520242760e-11  -1.3738961591699765e-13
 -2.0149999999999999e+01   8.5640728402717219e-11  -1.4670881701332399e-13
 -2.0099999999999998e+01   8.5492047123891240e-11  -1.5630978814283260e-13
 -2.0049999999999997e+01   8.5342181718375367e-11  -1.6619583707635850e-13
 -2.0000000000000000e+01   8.5191130282523885e-11  -1.7637013181331185e-13
 -1.9949999999999999e+01   8.5038890968584906e-11  -1.8683569057976778e-13
 -1.9899999999999999e+01   8.4885461978347392e-11  -1.9759537149933534e-13
 -1.9849999999999998e+01   8.4730841556331373e-11  -2.0865186193177404e-13
 -1.9799999999999997e+01   8.4575027982533053e-11  -2.2000766747392611e-13
 -1.9750000000000000e+01   8.4418019564744410e-11  -2.3166510061809194e-13
 -1.9699999999999999e+01   8.4259814630285917e-11  -2.4362626906251318e-13
 -1.9649999999999999e+01   8.4100411517262607e-11  -2.5589306366951296e-13
 -1.9599999999999998e+01   8.3939808565304668e-11  -2.6846714606602921e-13
 -1.9549999999999997e+01   8.3778004105752694e-11  -2.8134993588222574e-13
 -1.9500000000000000e+01   8.3614996451236638e-11  -2.9454259762338546e-13
 -1.9449999999999999e+01   8.3450783884694700e-11  -3.0804602717091857e-13
 -1.9399999999999999e+01   8.3285364647816853e-11  -3.2186083790804741e-13
 -1.9349999999999998e+01   8.3118736928852161e-11  -3.3598734646619345e-13
 -1.9299999999999997e+01   8.2950898849760740e-11  -3.5042555808812125e-13
 -1.9250000000000000e+01   8.2781848452753513e-11  -3.6517515160420804e-13
 -1.9199999999999999e+01   8.2611583686146450e-11  -3.8023546401816365e-13
 -1.9149999999999999e+01   8.2440102389501304e-11  -3.9560547469907633e-13
 -1.9099999999999998e+01   8.2267402278048391e-11  -4.1128378917659534e-13
 -1.9049999999999997e+01   8.2093480926387088e-11  -4.2726862253648591e-13
 -1.9000000000000000e+01   8.1918335751433630e-11  -4.4355778241390655e-13
 -1.8949999999999999e+01   8.1741963994623665e-11  -4.6014865158219875e-13
 -1.8899999999999999e+01   8.1564362703321843e-11  -4.7703817013504074e-13
 -1.8849999999999998e+01   8.1385528711392277e-11  -4.9422281726031224e-13
 -1.8799999999999997e+01   8.1205458618943372e-11  -5.1169859260424774e-13
 -1.8750000000000000e+01   8.1024148771235168e-11  -5.2946099722474323e-13
 -1.8699999999999999e+01   8.0841595236744299e-11  -5.4750501413316210e-13
 -1.8649999999999999e+01   8.0657793784294821e-11  -5.6582508842410445e-13
 -1.8599999999999998e+01   8.0472739859245383e-11  -5.8441510699331170e-13
 -1.8549999999999997e+01   8.0286428558778438e-11  -6.0326837784402454e-13
 -1.8500000000000000e+01   8.0098854606253348e-11  -6.2237760898257535e-13
 -1.8449999999999999e+01   7.9910012324572159e-11  -6.4173488690450430e-13
 -1.8399999999999999e+01   7.9719895608532861e-11  -6.6133165467288112e-13
 -1.8349999999999998e+01   7.9528497896167683e-11  -6.8115868959101691e-13
 -1.8299999999999997e+01   7.9335812139051032e-11  -7.0120608047222380e-13
 -1.8250000000000000e+01   7.9141830771526952e-11  -7.2146320450976999e-13
 -1.8199999999999999e+01   7.8946545678837969e-11  -7.4191870375079080e-13
 -1.8149999999999999e+01   7.8749948164166525e-11  -7.6256046117839843e-13
 -1.8099999999999998e+01   7.8552028914582116e-11  -7.8337557640685440e-13
 -1.8049999999999997e+01   7.8352777965820555e-11  -8.0435034099516090e-13
 -1.8000000000000000e+01   7.8152184665885644e-11  -8.2547021338531563e-13
 -1.7949999999999999e+01   7.7950237637410660e-11  -8.4671979347166618e-13
 -1.7899999999999999e+01   7.7746924738863648e-11  -8.6808279680916025e-13
 -1.7849999999999998e+01   7.7542233024530740e-11  -8.8954202846808399e-13
 -1.7799999999999997e+01   7.7336148703229821e-11  -9.1107935654447673e-13
 -1.7750000000000000e+01   7.7128657095752957e-11  -9.3267568533559605e-13
 -1.7699999999999999e+01   7.6919742590961518e-11  -9.5431092819066678e-13
 -1.7649999999999999e+01   7.6709388600599410e-11  -9.7596398004831467e-13
 -1.7600000000000001e+01   7.6497577512800331e-11  -9.9761268967226309e-13
 -1.7549999999999997e+01   7.6284290644247813e-11  -1.0192338315983681e-12
 -1.7500000000000000e+01   7.6069508190927686e-11  -1.0408030778064466e-12
 -1.7449999999999999e+01   7.5853209177474922e-11  -1.0622949691316842e-12
 -1.7399999999999999e+01   7.5635371405091303e-11  -1.0836828864308969e-12
 -1.7350000000000001e+01   7.5415971398087265e-11  -1.1049390215204369e-12
 -1.7299999999999997e+01   7.5194984348991025e-11  -1.1260343479028814e-12
 -1.7250000000000000e+01   7.4972384062163560e-11  -1.1469385913012697e-12
 -1.7199999999999999e+01   7.4748142895902778e-11  -1.1676202000203240e-12
 -1.7149999999999999e+01   7.4522231703053651e-11  -1.1880463151553930e-12
 -1.7100000000000001e+01   7.4294619770136021e-11  -1.2081827406708537e-12
 -1.7049999999999997e+01   7.4065274754968154e-11  -1.2279939133709577e-12
 -1.7000000000000000e+01   7.3834162622692806e-11  -1.2474428727870726e-12
 -1.6949999999999999e+01   7.3601247580265260e-11  -1.2664912310070190e-12
 -1.6899999999999999e+01   7.3366492009418348e-11  -1.2850991424727810e-12
 -1.6850000000000001e+01   7.3129856398030436e-11  -1.3032252737746169e-12
 -1.6799999999999997e+01   7.2891299269865491e-11  -1.3208267734708035e-12
 -1.6750000000000000e+01   7.2650777112724302e-11  -1.3378592419636480e-12
 -1.6699999999999999e+01   7.2408244305019083e-11  -1.3542767014636919e-12
 -1.6649999999999999e+01   7.2163653040725987e-11  -1.3700315660755024e-12
 -1.6600000000000001e+01   7.1916953252725366e-11  -1.3850746120401244e-12
 -1.6549999999999997e+01   7.1668092534485590e-11  -1.3993549481703235e-12
 -1.6500000000000000e+01   7.1417016060131333e-11  -1.4128199865169288e-12
 -1.6449999999999999e+01   7.1163666502908118e-11  -1.4254154133055467e-12
 -1.6399999999999999e+01   7.0907983951996774e-11  -1.4370851601849482e-12
 -1.6350000000000001e+01   7.0649905827652945e-11  -1.4477713758299103e-12
 -1.6299999999999997e+01   7.0389366794744442e-11  -1.4574143979432615e-12
 -1.6250000000000000e+01   7.0126298674682567e-11  -1.4659527257031388e-12
 -1.6199999999999999e+01   6.9860630355727866e-11  -1.4733229927037964e-12
 -1.6149999999999999e+01   6.9592287701649645e-11  -1.4794599404396963e-12
 -1.6100000000000001e+01   6.9321193458791458e-11  -1.4842963923849353e-12
 -1.6049999999999997e+01   6.9047267161530501e-11  -1.4877632287213807e-12
 -1.6000000000000000e+01   6.8770425036149814e-11  -1.4897893617715004e-12
 -1.5949999999999999e+01   6.8490579903156046e-11  -1.4903017121933894e-12
 -1.5899999999999999e+01   6.8207641078031286e-11  -1.4892251859977162e-12
 -1.5850000000000000e+01   6.7921514270432941e-11  -1.4864826524484442e-12
 -1.5799999999999999e+01   6.7632101481886520e-11  -1.4819949229112702e-12
 -1.5750000000000000e+01   6.7339300901995409e-11  -1.4756807307158492e-12
 -1.5699999999999999e+01   6.7043006803174266e-11  -1.4674567121001561e-12
 -1.5649999999999999e+01   6.6743109433930314e-11  -1.4572373883076022e-12
 -1.5600000000000000e+01   6.6439494910747281e-11  -1.4449351489098849e-12
 -1.5549999999999999e+01   6.6132045108584755e-11  -1.4304602364306975e-12
 -1.5500000000000000e+01   6.5820637550035194e-11  -1.4137207323481660e-12
 -1.5449999999999999e+01   6.5505145293191180e-11  -1.3946225445560443e-12
 -1.5399999999999999e+01   6.5185436818255436e-11  -1.3730693963663452e-12
 -1.5350000000000000e+01   6.4861375912911933e-11  -1.3489628171385239e-12
 -1.5299999999999999e+01   6.4532821556543752e-11  -1.3222021346232015e-12
 -1.5250000000000000e+01   6.4199627803339878e-11  -1.2926844691105898e-12
 -1.5199999999999999e+01   6.3861643664335179e-11  -1.2603047294769160e-12
 -1.5149999999999999e+01   6.3518712988465152e-11  -1.2249556112246858e-12
 -1.5100000000000000e+01   6.3170674342688987e-11  -1.1865275966153680e-12
 -1.5049999999999999e+01   6.2817360891219149e-11  -1.1449089569959984e-12
 -1.5000000000000000e+01   6.2458600273940301e-11  -1.0999857574241318e-12
 -1.4949999999999999e+01   6.2094214484124984e-11  -1.0516418636984541e-12
 -1.4899999999999999e+01   6.1724019745500761e-11  -9.9975895190519968e-13
 -1.4850000000000000e+01   6.1347826388752966e-11  -9.4421652059389585e-13
 -1.4799999999999999e+01   6.0965438727559698e-11  -8.8489190569875608e-13
 -1.4750000000000000e+01   6.0576654934210552e-11  -8.2166029832513195e-13
 -1.4699999999999999e+01   6.0181266914955965e-11  -7.5439476552411002e-13
 -1.4649999999999999e+01   5.9779060185184129e-11  -6.8296627418082224e-13
 -1.4600000000000000e+01   5.9369813744495948e-11  -6.0724371814591518e-13
 -1.4549999999999999e+01   5.8953299951823029e-11  -5.2709394874285954e-13
 -1.4500000000000000e+01   5.8529284400691114e-11  -4.4238180878678670e-13
 -1.4449999999999999e+01   5.8097525794768708e-11  -3.5297017025458616e-13
 -1.4400000000000000e+01   5.7657775823827480e-11  -2.5871997574891629e-13
 -1.4350000000000000e+01   5.7209779040219192e-11  -1.5949028390264965e-13
 -1.4299999999999999e+01   5.6753272736027118e-11  -5.5138318873863046e-14
 -1.4250000000000000e+01   5.6287986821043599e-11   5.4480475915112617e-14
 -1.4199999999999999e+01   5.5813643701742662e-11   1.6951237963705800e-13
 -1.4150000000000000e+01   5.5329958161399539e-11   2.9010533135667131e-13
 -1.4100000000000000e+01   5.4836637241500154e-11   4.1640886259985261e-13
 -1.4049999999999999e+01   5.4333380124619077e-11   5.4857402502668350e-13
 -1.4000000000000000e+01   5.3819878018959369e-11   6.8675331303549632e-13
 -1.3949999999999999e+01   5.3295814044754846e-11   8.3110058112137654e-13
 -1.3900000000000000e+01   5.2760863122721609e-11   9.8177095580855143e-13
 -1.3850000000000000e+01   5.2214691864751764e-11   1.1389207419719446e-12
 -1.3799999999999999e+01   5.1656958467065931e-11   1.3027073233591100e-12
 -1.3750000000000000e+01   5.1087312606041437e-11   1.4732890571196652e-12
 -1.3699999999999999e+01   5.0505395336954219e-11   1.6508251621449789e-12
 -1.3650000000000000e+01   4.9910838995873582e-11   1.8354756010167698e-12
 -1.3600000000000000e+01   4.9303267104954104e-11   2.0274009553588033e-12
 -1.3549999999999999e+01   4.8682294281373737e-11   2.2267622943815867e-12
 -1.3500000000000000e+01   4.8047526150160053e-11   2.4337210364055957e-12
 -1.3449999999999999e+01   4.7398559261232783e-11   2.6484388031437036e-12
 -1.3400000000000000e+01   4.6734981010929592e-11   2.8710772665196486e-12
 -1.3350000000000000e+01   4.6056369568296318e-11   3.1017979877940050e-12
 -1.3299999999999999e+01   4.5362293806444860e-11   3.3407622487650509e-12
 -1.3250000000000000e+01   4.4652313239302647e-11   3.5881308748068744e-12
 -1.3199999999999999e+01   4.3925977964092266e-11   3.8440640495024727e-12
 -1.3150000000000000e+01   4.3182828609873206e-11   4.1087211206247317e-12
 -1.3100000000000000e+01   4.2422396292497205e-11   4.3822603972132517e-12
 -1.3049999999999999e+01   4.1644202576340263e-11   4.6648389374900911e-12
 -1.3000000000000000e+01   4.0847759443192766e-11   4.9566123273524564e-12
 -1.2949999999999999e+01   4.0032569268691953e-11   5.2577344491754259e-12
 -1.2900000000000000e+01   3.9198124806701521e-11   5.5683572406524454e-12
 -1.2850000000000000e+01   3.8343909182057052e-11   5.8886304433963833e-12
 -1.2799999999999999e+01   3.7469395892105270e-11   6.2187013410185445e-12
 -1.2750000000000000e+01   3.6574048817481752e-11   6.5587144863977360e-12
 -1.2699999999999999e+01   3.5657322242588520e-11   6.9088114178461526e-12
 -1.2650000000000000e+01   3.4718660886252565e-11   7.2691303638733044e-12
 -1.2600000000000000e+01   3.3757499943048356e-11   7.6398059362438216e-12
 -1.2549999999999999e+01   3.2773265135803273e-11   8.0209688110191739e-12
 -1.2500000000000000e+01   3.1765372779802642e-11   8.4127453972678950e-12
 -1.2449999999999999e+01   3.0733229859232623e-11   8.8152574931229681e-12
 -1.2400000000000000e+01   2.9676234116429618e-11   9.2286219288592566e-12
 -1.2350000000000000e+01   2.8593774154502555e-11   9.6529501966580390e-12
 -1.2299999999999999e+01   2.7485229553938114e-11   1.0088348066719513e-11
 -1.2250000000000000e+01   2.6349971003801161e-11   1.0534915189378293e-11
 -1.2199999999999999e+01   2.5187360448163771e-11   1.0992744682870537e-11
 -1.2150000000000000e+01   2.3996751248436081e-11   1.1461922706395140e-11
 -1.2100000000000000e+01   2.2777488362260009e-11   1.1942528018105158e-11
 -1.2049999999999999e+01   2.1528908539669833e-11   1.2434631517658906e-11
 -1.2000000000000000e+01   2.0250340537254664e-11   1.2938295772953883e-11
 -1.1949999999999999e+01   1.8941105351057174e-11   1.3453574530659766e-11
 -1.1900000000000000e+01   1.7600516468984792e-11   1.3980512210159968e-11
 -1.1850000000000000e+01   1.6227880143529681e-11   1.4519143380504371e-11
 -1.1799999999999999e+01   1.4822495685640943e-11   1.5069492219968644e-11
 -1.1750000000000000e+01   1.3383655780588483e-11   1.5631571957808585e-11
 -1.1699999999999999e+01   1.1910646826688082e-11   1.6205384297790267e-11
 -1.1650000000000000e+01   1.0402749297796273e-11   1.6790918823069616e-11
 -1.1600000000000000e+01   8.8592381305085376e-12   1.7388152381987128e-11
 -1.1549999999999999e+01   7.2793831370408738e-12   1.7997048454335780e-11
 -1.1500000000000000e+01   5.6624494447912696e-12   1.8617556497652162e-11
 -1.1449999999999999e+01   4.0076979636171935e-12   1.9249611273072657e-11
 -1.1400000000000000e+01   2.3143858819039845e-12   1.9893132150288181e-11
 -1.1350000000000000e+01   5.8176719250805490e-13   2.0548022391122454e-11
 -1.1299999999999999e+01  -1.1909067502782693e-12   2.1214168411249872e-11
 -1.1250000000000000e+01  -3.0043866415633878e-12   2.1891439019560296e-11
 -1.1199999999999999e+01  -4.8594246032732358e-12   2.2579684634668548e-11
 -1.1150000000000000e+01  -6.7567735268824754e-12   2.3278736478057093e-11
 -1.1100000000000000e+01  -8.6971863801619204e-12   2.3988405743330609e-11
 -1.1049999999999999e+01  -1.0681415476590445e-11   2.4708482741051185e-11
 -1.1000000000000000e+01  -1.2710211706050377e-11   2.5438736018612277e-11
 -1.0949999999999999e+01  -1.4784323725370157e-11   2.6178911454599264e-11
 -1.0900000000000000e+01  -1.6904497107210791e-11   2.6928731327073191e-11
 -1.0850000000000000e+01  -1.9071473445759230e-11   2.7687893355203186e-11
 -1.0799999999999999e+01  -2.1285989417627283e-11   2.8456069713661192e-11
 -1.0750000000000000e+01  -2.3548775796303695e-11   2.9232906019180544e-11
 -1.0699999999999999e+01  -2.5860556418456015e-11   3.0018020288667569e-11
 -1.0650000000000000e+01  -2.8222047100299911e-11   3.0811001868242256e-11
 -1.0600000000000000e+01  -3.0633954502219978e-11   3.1611410332570810e-11
 -1.0549999999999999e+01  -3.3096974939723445e-11   3.2418774353838837e-11
 -1.0500000000000000e+01  -3.5611793138770807e-11   3.3232590539699587e-11
 -1.0449999999999999e+01  -3.8179080933434169e-11   3.4052322239516664e-11
 -1.0400000000000000e+01  -4.0799495903764506e-11   3.4877398318205037e-11
 -1.0350000000000000e+01  -4.3473679951682937e-11   3.5707211896958013e-11
 -1.0299999999999999e+01  -4.6202257812620770e-11   3.6541119060130948e-11
 -1.0250000000000000e+01  -4.8985835500550722e-11   3.7378437527534972e-11
 -1.0199999999999999e+01  -5.1824998683965681e-11   3.8218445291375740e-11
 -1.0150000000000000e+01  -5.4720310990257588e-11   3.9060379217053134e-11
 -1.0100000000000000e+01  -5.7672312235859879e-11   3.9903433607017856e-11
 -1.0050000000000001e+01  -6.0681516579424781e-11   4.0746758726860301e-11
 -1.0000000000000000e+01  -6.3748410595192846e-11   4.1589459292785166e-11
 -9.9499999999999993e+00  -6.6873451263609426e-11   4.2430592919602712e-11
 -9.9000000000000004e+00  -7.0057063876121548e-11   4.3269168528343800e-11
 -9.8499999999999996e+00  -7.3299639850984208e-11   4.4104144712581049e-11
 -9.8000000000000007e+00  -7.6601534456748189e-11   4.4934428062512408e-11
 -9.7500000000000000e+00  -7.9963064439991183e-11   4.5758871445836204e-11
 -9.6999999999999993e+00  -8.3384505553725517e-11   4.6576272244418141e-11
 -9.6500000000000004e+00  -8.6866089982774983e-11   4.7385370545720667e-11
 -9.5999999999999996e+00  -9.0408003662243867e-11   4.8184847287934018e-11
 -9.5500000000000007e+00  -9.4010383485054965e-11   4.8973322357714765e-11
 -9.5000000000000000e+00  -9.7673314394373942e-11   4.9749352639403424e-11
 -9.4499999999999993e+00  -1.0139682635656699e-10   5.0511430014555884e-11
 -9.4000000000000004e+00  -1.0518089121016573e-10   5.1257979310585430e-11
 -9.3499999999999996e+00  -1.0902541938611435e-10   5.1987356197271595e-11
 -9.3000000000000007e+00  -1.1293025649439047e-10   5.2697845029849943e-11
 -9.2500000000000000e+00  -1.1689517977187981e-10   5.3387656637351832e-11
 -9.1999999999999993e+00  -1.2091989438617230e-10   5.4054926054816591e-11
 -9.1500000000000004e+00  -1.2500402958972779e-10   5.4697710197948940e-11
 -9.1000000000000014e+00  -1.2914713471863180e-10   5.5313985478742154e-11
 -9.0500000000000007e+00  -1.3334867502991861e-10   5.5901645360532779e-11
 -9.0000000000000000e+00  -1.3760802737117942e-10   5.6458497850894262e-11
 -8.9499999999999993e+00  -1.4192447567590077e-10   5.6982262930716225e-11
 -8.8999999999999986e+00  -1.4629720627771628e-10   5.7470569917750965e-11
 -8.8500000000000014e+00  -1.5072530303646118e-10   5.7920954762841044e-11
 -8.8000000000000007e+00  -1.5520774226859870e-10   5.8330857276969709e-11
 -8.7500000000000000e+00  -1.5974338747428908e-10   5.8697618287199871e-11
 -8.6999999999999993e+00  -1.6433098385303525e-10   5.9018476719486976e-11
 -8.6499999999999986e+00  -1.6896915259949435e-10   5.9290566606266339e-11
 -8.6000000000000014e+00  -1.7365638497069162e-10   5.9510914016625717e-11
 -8.5500000000000007e+00  -1.7839103611548643e-10   5.9676433906779011e-11
 -8.5000000000000000e+00  -1.8317131865674390e-10   5.9783926888456489e-11
 -8.4499999999999993e+00  -1.8799529601626169e-10   5.9830075912720885e-11
 -8.3999999999999986e+00  -1.9286087547207700e-10   5.9811442866605957e-11
 -8.3500000000000014e+00  -1.9776580093733143e-10   5.9724465079855539e-11
 -8.3000000000000007e+00  -2.0270764544941288e-10   5.9565451738914546e-11
 -8.2500000000000000e+00  -2.0768380335760029e-10   5.9330580205190296e-11
 -8.1999999999999993e+00  -2.1269148219693920e-10   5.9015892234460623e-11
 -8.1499999999999986e+00  -2.1772769423555538e-10   5.8617290094155681e-11
 -8.1000000000000014e+00  -2.2278924768207362e-10   5.8130532575080771e-11
 -8.0500000000000007e+00  -2.2787273753923894e-10   5.7551230893979522e-11
 -8.0000000000000000e+00  -2.3297453608925000e-10   5.6874844483157602e-11
 -7.9499999999999993e+00  -2.3809078299571541e-10   5.6096676663197245e-11
 -7.8999999999999986e+00  -2.4321737500650640e-10   5.5211870194591728e-11
 -7.8500000000000014e+00  -2.4834995524112680e-10   5.4215402703914833e-11
 -7.8000000000000007e+00  -2.5348390204555287e-10   5.3102081979913485e-11
 -7.7500000000000000e+00  -2.5861431739679971e-10   5.1866541134670314e-11
 -7.6999999999999993e+00  -2.6373601483874139e-10   5.0503233624726819e-11
 -7.6499999999999986e+00  -2.6884350692998135e-10   4.9006428126785352e-11
 -7.6000000000000014e+00  -2.7393099218380337e-10   4.7370203262318451e-11
 -7.5500000000000007e+00  -2.7899234147945095e-10   4.5588442165106271e-11
 -7.5000000000000000e+00  -2.8402108392317632e-10   4.3654826885395509e-11
 -7.4499999999999993e+00  -2.8901039213668011e-10   4.1562832624024353e-11
 -7.3999999999999986e+00  -2.9395306694972008e-10   3.9305721789487514e-11
 -7.3500000000000014e+00  -2.9884152147281242e-10   3.6876537870520260e-11
 -7.3000000000000007e+00  -3.0366776452507737e-10   3.4268099116360307e-11
 -7.2500000000000000e+00  -3.0842338339139540e-10   3.1472992016398556e-11
 -7.1999999999999993e+00  -3.1309952588215394e-10   2.8483564570452476e-11
 -7.1499999999999986e+00  -3.1768688166796527e-10   2.5291919340388018e-11
 -7.1000000000000014e+00  -3.2217566286083648e-10   2.1889906273273541e-11
 -7.0500000000000007e+00  -3.2655558381237806e-10   1.8269115285671906e-11
 -7.0000000000000000e+00  -3.3081584009874844e-10   1.4420868598060602e-11
 -6.9499999999999993e+00  -3.3494508666116204e-10   1.0336212807712693e-11
 -6.8999999999999986e+00  -3.3893141506993542e-10   6.0059106876699248e-12
 -6.8500000000000014e+00  -3.4276232987922372e-10   1.4204326986912922e-12
 -6.8000000000000007e+00  -3.4642472403881741e-10  -3.4300517997386571e-12
 -6.7500000000000000e+00  -3.4990485332863387e-10  -8.5556836541101121e-12
 -6.6999999999999993e+00  -3.5318830978086964e-10  -1.3966923352975762e-11
 -6.6499999999999986e+00  -3.5625999405417149e-10  -1.9674560811077604e-11
 -6.6000000000000014e+00  -3.5910408672368551e-10  -2.5689725519202743e-11
 -6.5500000000000007e+00  -3.6170401845043105e-10  -3.2023897078568345e-11
 -6.5000000000000000e+00  -3.6404243899318029e-10  -3.8688916139720685e-11
 -6.4499999999999993e+00  -3.6610118502588368e-10  -4.5696995767200782e-11
 -6.3999999999999986e+00  -3.6786124672373911e-10  -5.3060733252581731e-11
 -6.3500000000000014e+00  -3.6930273308123674e-10  -6.0793122399930074e-11
 -6.3000000000000007e+00  -3.7040483592599340e-10  -6.8907566309287912e-11
 -6.2500000000000000e+00  -3.7114579259292669e-10  -7.7417890685424602e-11
 -6.1999999999999993e+00  -3.7150284722437151e-10  -8.6338357700870221e-11
 -6.1499999999999986e+00  -3.7145221066313577e-10  -9.5683680444127815e-11
 -6.1000000000000014e+00  -3.7096901890728210e-10  -1.0546903798597364e-10
 -6.0500000000000007e+00  -3.7002729009767508e-10  -1.1571009109890361e-10
 -6.0000000000000000e+00  -3.6859988001209119e-10  -1.2642299866707738e-10
 -5.9499999999999993e+00  -3.6665843604303428e-10  -1.3762443482655831e-10
 -5.8999999999999986e+00  -3.6417334964040533e-10  -1.4933160687825749e-10
 -5.8500000000000014e+00  -3.6111370720492330e-10  -1.6156227401876965e-10
 -5.8000000000000007e+00  -3.5744723942379384e-10  -1.7433476693725096e-10
 -5.7500000000000000e+00  -3.5314026904666395e-10  -1.8766800832964000e-10
 -5.6999999999999993e+00  -3.4815765710751776e-10  -2.0158153438487172e-10
 -5.6499999999999986e+00  -3.4246274760699112e-10  -2.1609551730129172e-10
 -5.6000000000000014e+00  -3.3601731067976571e-10  -2.3123078889524853e-10
 -5.5500000000000007e+00  -3.2878148428340876e-10  -2.4700886536783359e-10
 -5.5000000000000000e+00  -3.2071371445844354e-10  -2.6345197329995774e-10
 -5.4499999999999993e+00  -3.1177069422479548e-10  -2.8058307695039792e-10
 -5.3999999999999986e+00  -3.0190730119726656e-10  -2.9842590693612896e-10
 -5.3500000000000014e+00  -2.9107653402264114e-10  -3.1700499037915466e-10
 -5.3000000000000007e+00  -2.7922944776370595e-10  -3.3634568260918001e-10
 -5.2500000000000000e+00  -2.6631508838120750e-10  -3.5647420051679412e-10
 -5.1999999999999993e+00  -2.5228042649395810e-10  -3.7741765765735279e-10
 -5.1499999999999986e+00  -2.3707029063034708e-10  -3.9920410121142616e-10
 -5.1000000000000014e+00  -2.2062730022190504e-10  -4.2186255091347149e-10
 -5.0500000000000007e+00  -2.0289179863182640e-10  -4.4542304006625789e-10
 -5.0000000000000000e+00  -1.8380178655909103e-10  -4.6991665876443192e-10
 -4.9499999999999993e+00  -1.6329285621270916e-10  -4.9537559945638491e-10
 -4.8999999999999986e+00  -1.4129812671141765e-10  -5.2183320497915262e-10
 -4.8500000000000014e+00  -1.1774818123272053e-10  -5.4932401920630639e-10
 -4.8000000000000007e+00  -9.2571006512492372e-11  -5.7788384045348318e-10
 -4.7500000000000000e+00  -6.5691935383509296e-11  -6.0754977779015617e-10
 -4.6999999999999993e+00  -3.7033593139515714e-11  -6.3836031040915816e-10
 -4.6499999999999986e+00  -6.5158486221517756e-12  -6.7035535020701417e-10
 -4.6000000000000014e+00   2.5944228947161604e-11  -7.0357630772787968e-10
 -4.5500000000000007e+00   6.0432406227655354e-11  -7.3806616162131119e-10
 -4.5000000000000000e+00   9.7037313790711539e-11  -7.7386953175855529e-10
 -4.4499999999999993e+00   1.3585046442249582e-10  -8.1103275614278291e-10
 -4.3999999999999986e+00   1.7696625999630022e-10  -8.4960397173474358e-10
 -4.3500000000000014e+00   2.2048198498597544e-10  -8.8963319929553013e-10
 -4.3000000000000007e+00   2.6649778443553983e-10  -9.3117243232112460e-10
 -4.2500000000000000e+00   3.1511662391093210e-10  -9.7427573010744215e-10
 -4.1999999999999993e+00   3.6644422863361282e-10  -1.0189993149376383e-09
 -4.1499999999999986e+00   4.2058899862748137e-10  -1.0654016733230286e-09
 -4.1000000000000014e+00   4.7766189629491749e-10  -1.1135436611520548e-09
 -4.0500000000000007e+00   5.3777630236848759e-10  -1.1634886125047340e-09
 -4.0000000000000000e+00   6.0104783565501205e-10  -1.2153024517685224e-09
 -3.9499999999999993e+00   6.6759413139052645e-10  -1.2690538085403235e-09
 -3.8999999999999986e+00   7.3753457234936791e-10  -1.3248141346120964e-09
 -3.8500000000000014e+00   8.1098996608847720e-10  -1.3826578221066266e-09
 -3.8000000000000007e+00   8.8808216084814737e-10  -1.4426623215463979e-09
 -3.7500000000000000e+00   9.6893359166090583e-10  -1.5049082582912554e-09
 -3.6999999999999993e+00   1.0536667471278585e-09  -1.5694795453567351e-09
 -3.6500000000000021e+00   1.1424035460923653e-09  -1.6364634901089856e-09
 -3.6000000000000014e+00   1.2352646120590537e-09  -1.7059508917057543e-09
 -3.5500000000000007e+00   1.3323684316557429e-09  -1.7780361253940953e-09
 -3.5000000000000000e+00   1.4338303817000675e-09  -1.8528172088584244e-09
 -3.4499999999999993e+00   1.5397616074947630e-09  -1.9303958447069438e-09
 -3.4000000000000021e+00   1.6502677328196035e-09  -2.0108774318545777e-09
 -3.3500000000000014e+00   1.7654473796997178e-09  -2.0943710369649504e-09
 -3.3000000000000007e+00   1.8853904733985973e-09  -2.1809893152043908e-09
 -3.2500000000000000e+00   2.0101763052044747e-09  -2.2708483672823414e-09
 -3.1999999999999993e+00   2.1398713224543099e-09  -2.3640675170420280e-09
 -3.1500000000000021e+00   2.2745266118866319e-09  -2.4607689906523479e-09
 -3.1000000000000014e+00   2.4141750388673969e-09  -2.5610774746589708e-09
 -3.0500000000000007e+00   2.5588280013517659e-09  -2.6651195256956898e-09
 -3.0000000000000000e+00   2.7084717537239593e-09  -2.7730227994483351e-09
 -2.9499999999999993e+00   2.8630632520392753e-09  -2.8849150604155415e-09
 -2.9000000000000021e+00   3.0225254688814072e-09  -3.0009229270420539e-09
 -2.8500000000000014e+00   3.1867421233315436e-09  -3.1211702988461864e-09
 -2.8000000000000007e+00   3.3555517698170445e-09  -3.2457764031886932e-09
 -2.7500000000000000e+00   3.5287411893968125e-09  -3.3748533893516010e-09
 -2.6999999999999993e+00   3.7060380290491644e-09  -3.5085033867070180e-09
 -2.6500000000000021e+00   3.8871026396692875e-09  -3.6468149321690938e-09
 -2.6000000000000014e+00   4.0715190729268498e-09  -3.7898586602166516e-09
 -2.5500000000000007e+00   4.2587852123521463e-09  -3.9376821371628499e-09
 -2.5000000000000000e+00   4.4483020368286880e-09  -4.0903037109621008e-09
 -2.4499999999999993e+00   4.6393620472646409e-09  -4.2477052400328059e-09
 -2.4000000000000021e+00   4.8311369321710543e-09  -4.4098235612245566e-09
 -2.3500000000000014e+00   5.0226646081118041e-09  -4.5765405607265384e-09
 -2.3000000000000007e+00   5.2128358496628270e-09  -4.7476717257566930e-09
 -2.2500000000000000e+00   5.4003808237993041e-09  -4.9229530835564191e-09
 -2.1999999999999993e+00   5.5838559683356496e-09  -5.1020264827752998e-09
 -2.1500000000000021e+00   5.7616318050527259e-09  -5.2844232469028046e-09
 -2.1000000000000014e+00   5.9318824555566829e-09  -5.4695463367858522e-09
 -2.0500000000000007e+00   6.0925778288827794e-09  -5.6566513063784157e-09
 -2.0000000000000000e+00   6.2414796671295416e-09  -5.8448265287846062e-09
 -1.9499999999999993e+00   6.3761428555727757e-09  -6.0329734121356742e-09
 -1.9000000000000021e+00   6.4939236053599060e-09  -6.2197876161823119e-09
 -1.8500000000000014e+00   6.5919962690232375e-09  -6.4037426127454252e-09
 -1.8000000000000007e+00   6.6673806102771922e-09  -6.5830772878942067e-09
 -1.7500000000000000e+00   6.7169812688651299e-09  -6.7557896285990328e-09
 -1.6999999999999993e+00   6.7376408813289059e-09  -6.9196388228839102e-09
 -1.6500000000000021e+00   6.7262077829185485e-09  -7.0721582643899900e-09
 -1.6000000000000014e+00   6.6796183798064873e-09  -7.2106819099610342e-09
 -1.5500000000000007e+00   6.5949931270185692e-09  -7.3323861069155167e-09
 -1.5000000000000000e+00   6.4697436040449590e-09  -7.4343483088284027e-09
 -1.4499999999999993e+00   6.3016865372472913e-09  -7.5136229890984768e-09
 -1.4000000000000021e+00   6.0891589389400701e-09  -7.5673335500429113e-09
 -1.3500000000000014e+00   5.8311270500751165e-09  -7.5927772004318551e-09
 -1.3000000000000007e+00   5.5272807665256895e-09  -7.5875378174654386e-09
 -1.2500000000000000e+00   5.1781049800880021e-09  -7.5495999883182953e-09
 -1.1999999999999993e+00   4.7849199962094991e-09  -7.4774560648015520e-09
 -1.1500000000000021e+00   4.3498849946008712e-09  -7.3701974824917455e-09
 -1.1000000000000014e+00   3.8759612878866822e-09  -7.2275820340016514e-09
 -1.0500000000000007e+00   3.3668356186485654e-09  -7.0500703330582487e-09
 -1.0000000000000000e+00   2.8268074591646319e-09  -6.8388272485487774e-09
 -9.4999999999999929e-01   2.2606476955623428e-09  -6.5956873094892534e-09
 -9.0000000000000213e-01   1.6734386694173710e-09  -6.3230865163539654e-09
 -8.5000000000000142e-01   1.0704069343407270e-09  -6.0239661209888972e-09
 -8.0000000000000071e-01   4.5676010479415940e-10  -5.7016562960099876e-09
 -7.5000000000000000e-01  -1.6246208722780306e-10  -5.3597489021453871e-09
 -6.9999999999999929e-01  -7.8251465221478669e-10  -5.0019686858609991e-09
 -6.5000000000000213e-01  -1.3990470544688680e-09  -4.6320513155376783e-09
 -6.0000000000000142e-01  -2.0081736073966879e-09  -4.2536349645075360e-09
 -5.5000000000000071e-01  -2.6065150478430896e-09  -3.8701700252065628e-09
 -5.0000000000000000e-01  -3.1912138111358534e-09  -3.4848493373521299e-09
 -4.4999999999999929e-01  -3.7599270533236747e-09  -3.1005593227809487e-09
 -4.0000000000000213e-01  -4.3108019754578939e-09  -2.7198508189341796e-09
 -3.5000000000000142e-01  -4.8424385716598456e-09  -2.3449272914968985e-09
 -3.0000000000000071e-01  -5.3538438295759861e-09  -1.9776474507779196e-09
 -2.5000000000000000e-01  -5.8443822783171737e-09  -1.6195390909697940e-09
 -1.9999999999999929e-01  -6.3137243846772899e-09  -1.2718210143820282e-09
 -1.5000000000000213e-01  -6.7617983019261834e-09  -9.3543028430824299e-10
 -1.0000000000000142e-01  -7.1887412906396343e-09  -6.1105227530968657e-10
 -5.0000000000000711e-02  -7.5948616190185698e-09  -2.9915142842889797e-10
  0.0000000000000000e+00  -7.9805960911090086e-09   0.0000000000000000e+00
