# Columns: x, u, lamda
# time_step 0
# time   0.0000000000000000e+00
 -2.5149999999999999e+01   1.0010000000000143e-10   9.9999899999999998e-11
 -2.5099999999999998e+01   1.0010000000000143e-10   9.9999899999999998e-11
 -2.5049999999999997e+01   1.0010000000000143e-10   9.9999899999999998e-11
 -2.5000000000000000e+01   1.0010000000000143e-10   9.9999899999999998e-11
 -2.4949999999999999e+01   1.0010000000000143e-10   9.9999899999999998e-11
 -2.4899999999999999e+01   1.0010000000000143e-10   9.9999899999999998e-11
 -2.4849999999999998e+01   1.0010000000000143e-10   9.9999899999999998e-11
 -2.4799999999999997e+01   1.0010000000000143e-10   9.9999899999999998e-11
 -2.4750000000000000e+01   1.0010000000000143e-10   9.9999899999999998e-11
 -2.4699999999999999e+01   1.0010000000000143e-10   9.9999899999999998e-11
 -2.4649999999999999e+01   1.0010076804849666e-10   9.9999898458004021e-11
 -2.4599999999999998e+01   1.0010189868469126e-10   9.9999896166580587e-11
 -2.4549999999999997e+01   1.0010304205641500e-10   9.9999893823346101e-11
 -2.4500000000000000e+01   1.0010419830824065e-10   9.9999891427125604e-11
 -2.4449999999999999e+01   1.0010536758638775e-10   9.9999888976717397e-11
 -2.4399999999999999e+01   1.0010655003879417e-10   9.9999886470892328e-11
 -2.4349999999999998e+01   1.0010774581509017e-10   9.9999883908393303e-11
 -2.4299999999999997e+01   1.0010895506664064e-10   9.9999881287934533e-11
 -2.4250000000000000e+01   1.0011017794656398e-10   9.9999878608200919e-11
 -2.4199999999999999e+01   1.0011141460970987e-10   9.9999875867847438e-11
 -2.4149999999999999e+01   1.0011266521274641e-10   9.9999873065498372e-11
 -2.4099999999999998e+01   1.0011392991415342e-10   9.9999870199746611e-11
 -2.4049999999999997e+01   1.0011520887422516e-10   9.9999867269153002e-11
 -2.4000000000000000e+01   1.0011650225513887e-10   9.9999864272245473e-11
 -2.3949999999999999e+01   1.0011781022092375e-10   9.9999861207518465e-11
 -2.3899999999999999e+01   1.0011913293750085e-10   9.9999858073432028e-11
 -2.3849999999999998e+01   1.0012047057273321e-10   9.9999854868411052e-11
 -2.3799999999999997e+01   1.0012182329640753e-10   9.9999851590844528e-11
 -2.3750000000000000e+01   1.0012319128030605e-10   9.9999848239084568e-11
 -2.3699999999999999e+01   1.0012457469818301e-10   9.9999844811445729e-11
 -2.3649999999999999e+01   1.0012597372578957e-10   9.9999841306204112e-11
 -2.3599999999999998e+01   1.0012738854096088e-10   9.9999837721596326e-11
 -2.3549999999999997e+01   1.0012881932355336e-10   9.9999834055818792e-11
 -2.3500000000000000e+01   1.0013026625553318e-10   9.9999830307026692e-11
 -2.3449999999999999e+01   1.0013172952097722e-10   9.9999826473333032e-11
 -2.3399999999999999e+01   1.0013320930608798e-10   9.9999822552807716e-11
 -2.3349999999999998e+01   1.0013470579925084e-10   9.9999818543476483e-11
 -2.3299999999999997e+01   1.0013621919104032e-10   9.9999814443319927e-11
 -2.3250000000000000e+01   1.0013774967423130e-10   9.9999810250272500e-11
 -2.3199999999999999e+01   1.0013929744386272e-10   9.9999805962221338e-11
 -2.3149999999999999e+01   1.0014086269722736e-10   9.9999801577005302e-11
 -2.3099999999999998e+01   1.0014244563392155e-10   9.9999797092413765e-11
 -2.3049999999999997e+01   1.0014404645587726e-10   9.9999792506185498e-11
 -2.3000000000000000e+01   1.0014566536737352e-10   9.9999787816007487e-11
 -2.2949999999999999e+01   1.0014730257507765e-10   9.9999783019513760e-11
 -2.2899999999999999e+01   1.0014895828804694e-10   9.9999778114284222e-11
 -2.2849999999999998e+01   1.0015063271781140e-10   9.9999773097843248e-11
 -2.2799999999999997e+01   1.0015232607834532e-10   9.9999767967658568e-11
 -2.2750000000000000e+01   1.0015403858615224e-10   9.9999762721139763e-11
 -2.2699999999999999e+01   1.0015577046023345e-10   9.9999757355637192e-11
 -2.2649999999999999e+01   1.0015752192218484e-10   9.9999751868440312e-11
 -2.2599999999999998e+01   1.0015929319618222e-10   9.9999746256776507e-11
 -2.2549999999999997e+01   1.0016108450902174e-10   9.9999740517809540e-11
 -2.2500000000000000e+01   1.0016289609014304e-10   9.9999734648638167e-11
 -2.2449999999999999e+01   1.0016472817171021e-10   9.9999728646294451e-11
 -2.2399999999999999e+01   1.0016658098859610e-10   9.9999722507742393e-11
 -2.2349999999999998e+01   1.0016845477840892e-10   9.9999716229876318e-11
 -2.2299999999999997e+01   1.0017034978159021e-10   9.9999709809519128e-11
 -2.2250000000000000e+01   1.0017226624135947e-10   9.9999703243420882e-11
 -2.2199999999999999e+01   1.0017420440382603e-10   9.9999696528256884e-11
 -2.2149999999999999e+01   1.0017616451798093e-10   9.9999689660626050e-11
 -2.2099999999999998e+01   1.0017814683574922e-10   9.9999682637049130e-11
 -2.2049999999999997e+01   1.0018015161201155e-10   9.9999675453966895e-11
 -2.2000000000000000e+01   1.0018217910466112e-10   9.9999668107738251e-11
 -2.1949999999999999e+01   1.0018422957464475e-10   9.9999660594638262e-11
 -2.1899999999999999e+01   1.0018630328595653e-10   9.9999652910856416e-11
 -2.1849999999999998e+01   1.0018840050572848e-10   9.9999645052494419e-11
 -2.1799999999999997e+01   1.0019052150423042e-10   9.9999637015564264e-11
 -2.1750000000000000e+01   1.0019266655493777e-10   9.9999628795986089e-11
 -2.1699999999999999e+01   1.0019483593456285e-10   9.9999620389586033e-11
 -2.1649999999999999e+01   1.0019702992307411e-10   9.9999611792094137e-11
 -2.1599999999999998e+01   1.0019924880376306e-10   9.9999602999141995e-11
 -2.1549999999999997e+01   1.0020149286326887e-10   9.9999594006260518e-11
 -2.1500000000000000e+01   1.0020376239164890e-10   9.9999584808877493e-11
 -2.1449999999999999e+01   1.0020605768238005e-10   9.9999575402315328e-11
 -2.1399999999999999e+01   1.0020837903241935e-10   9.9999565781788486e-11
 -2.1349999999999998e+01   1.0021072674227077e-10   9.9999555942400925e-11
 -2.1299999999999997e+01   1.0021310111598258e-10   9.9999545879143678e-11
 -2.1250000000000000e+01   1.0021550246124221e-10   9.9999535586891986e-11
 -2.1199999999999999e+01   1.0021793108937493e-10   9.9999525060402842e-11
 -2.1149999999999999e+01   1.0022038731543513e-10   9.9999514294311955e-11
 -2.1099999999999998e+01   1.0022287145820274e-10   9.9999503283131187e-11
 -2.1049999999999997e+01   1.0022538384029232e-10   9.9999492021245353e-11
 -2.1000000000000000e+01   1.0022792478813339e-10   9.9999480502909541e-11
 -2.0949999999999999e+01   1.0023049463207559e-10   9.9999468722245844e-11
 -2.0899999999999999e+01   1.0023309370640842e-10   9.9999456673240336e-11
 -2.0849999999999998e+01   1.0023572234941017e-10   9.9999444349739892e-11
 -2.0799999999999997e+01   1.0023838090342578e-10   9.9999431745448827e-11
 -2.0750000000000000e+01   1.0024106971487448e-10   9.9999418853925705e-11
 -2.0699999999999999e+01   1.0024378913433552e-10   9.9999405668579809e-11
 -2.0649999999999999e+01   1.0024653951660237e-10   9.9999392182667537e-11
 -2.0599999999999998e+01   1.0024932122071609e-10   9.9999378389289013e-11
 -2.0549999999999997e+01   1.0025213461002105e-10   9.9999364281384302e-11
 -2.0500000000000000e+01   1.0025498005224989e-10   9.9999349851729546e-11
 -2.0449999999999999e+01   1.0025785791953340e-10   9.9999335092933342e-11
 -2.0399999999999999e+01   1.0026076858850100e-10   9.9999319997432521e-11
 -2.0349999999999998e+01   1.0026371244031878e-10   9.9999304557488212e-11
 -2.0299999999999997e+01   1.0026668986072807e-10   9.9999288765181855e-11
 -2.0250000000000000e+01   1.0026970124014565e-10   9.9999272612410647e-11
 -2.0199999999999999e+01   1.0027274697369062e-10   9.9999256090883433e-11
 -2.0149999999999999e+01   1.0027582746126751e-10   9.9999239192116107e-11
 -2.0099999999999998e+01   1.0027894310760950e-10   9.9999221907427174e-11
 -2.0049999999999997e+01   1.0028209432234577e-10   9.9999204227933001e-11
 -2.0000000000000000e+01   1.0028528152008816e-10   9.9999186144542961e-11
 -1.9949999999999999e+01   1.0028850512045509e-10   9.9999167647954712e-11
 -1.9899999999999999e+01   1.0029176554816784e-10   9.9999148728649032e-11
 -1.9849999999999998e+01   1.0029506323309889e-10   9.9999129376884734e-11
 -1.9799999999999997e+01   1.0029839861037029e-10   9.9999109582693294e-11
 -1.9750000000000000e+01   1.0030177212036884e-10   9.9999089335873690e-11
 -1.9699999999999999e+01   1.0030518420886626e-10   9.9999068625986592e-11
 -1.9649999999999999e+01   1.0030863532706298e-10   9.9999047442348885e-11
 -1.9599999999999998e+01   1.0031212593166952e-10   9.9999025774027799e-11
 -1.9549999999999997e+01   1.0031565648496570e-10   9.9999003609834994e-11
 -1.9500000000000000e+01   1.0031922745488953e-10   9.9998980938320454e-11
 -1.9449999999999999e+01   1.0032283931510833e-10   9.9998957747766210e-11
 -1.9399999999999999e+01   1.0032649254508970e-10   9.9998934026180017e-11
 -1.9349999999999998e+01   1.0033018763017394e-10   9.9998909761288802e-11
 -1.9299999999999997e+01   1.0033392506167032e-10   9.9998884940531892e-11
 -1.9250000000000000e+01   1.0033770533691733e-10   9.9998859551054177e-11
 -1.9199999999999999e+01   1.0034152895936945e-10   9.9998833579699129e-11
 -1.9149999999999999e+01   1.0034539643867904e-10   9.9998807013001476e-11
 -1.9099999999999998e+01   1.0034930829078230e-10   9.9998779837179911e-11
 -1.9049999999999997e+01   1.0035326503797490e-10   9.9998752038129453e-11
 -1.9000000000000000e+01   1.0035726720900819e-10   9.9998723601413681e-11
 -1.8949999999999999e+01   1.0036131533917028e-10   9.9998694512256810e-11
 -1.8899999999999999e+01   1.0036540997036904e-10   9.9998664755535548e-11
 -1.8849999999999998e+01   1.0036955165123037e-10   9.9998634315770735e-11
 -1.8799999999999997e+01   1.0037374093717962e-10   9.9998603177118761e-11
 -1.8750000000000000e+01   1.0037797839054701e-10   9.9998571323362802e-11
 -1.8699999999999999e+01   1.0038226458064522e-10   9.9998538737903849e-11
 -1.8649999999999999e+01   1.0038660008386751e-10   9.9998505403751536e-11
 -1.8599999999999998e+01   1.0039098548379533e-10   9.9998471303514623e-11
 -1.8549999999999997e+01   1.0039542137128763e-10   9.9998436419391291e-11
 -1.8500000000000000e+01   1.0039990834457989e-10   9.9998400733159359e-11
 -1.8449999999999999e+01   1.0040444700938538e-10   9.9998364226165994e-11
 -1.8399999999999999e+01   1.0040903797899861e-10   9.9998326879317374e-11
 -1.8349999999999998e+01   1.0041368187440179e-10   9.9998288673067918e-11
 -1.8299999999999997e+01   1.0041837932436510e-10   9.9998249587409446e-11
 -1.8250000000000000e+01   1.0042313096555587e-10   9.9998209601859881e-11
 -1.8199999999999999e+01   1.0042793744264852e-10   9.9998168695451796e-11
 -1.8149999999999999e+01   1.0043279940844168e-10   9.9998126846720526e-11
 -1.8099999999999998e+01   1.0043771752395524e-10   9.9998084033692226e-11
 -1.8049999999999997e+01   1.0044269245856472e-10   9.9998040233871304e-11
 -1.8000000000000000e+01   1.0044772489008902e-10   9.9997995424227955e-11
 -1.7949999999999999e+01   1.0045281550494194e-10   9.9997949581184843e-11
 -1.7899999999999999e+01   1.0045796499823064e-10   9.9997902680603957e-11
 -1.7849999999999998e+01   1.0046317407387708e-10   9.9997854697772890e-11
 -1.7799999999999997e+01   1.0046844344475915e-10   9.9997805607390630e-11
 -1.7750000000000000e+01   1.0047377383280899e-10   9.9997755383553459e-11
 -1.7699999999999999e+01   1.0047916596916754e-10   9.9997703999739926e-11
 -1.7649999999999999e+01   1.0048462059430059e-10   9.9997651428795797e-11
 -1.7600000000000001e+01   1.0049013845813643e-10   9.9997597642918563e-11
 -1.7549999999999997e+01   1.0049572032019084e-10   9.9997542613641501e-11
 -1.7500000000000000e+01   1.0050136694971663e-10   9.9997486311817325e-11
 -1.7449999999999999e+01   1.0050707912582544e-10   9.9997428707601527e-11
 -1.7399999999999999e+01   1.0051285763764892e-10   9.9997369770435057e-11
 -1.7350000000000001e+01   1.0051870328446935e-10   9.9997309469026808e-11
 -1.7299999999999997e+01   1.0052461687586529e-10   9.9997247771335579e-11
 -1.7250000000000000e+01   1.0053059923186108e-10   9.9997184644551483e-11
 -1.7199999999999999e+01   1.0053665118307848e-10   9.9997120055077002e-11
 -1.7149999999999999e+01   1.0054277357088908e-10   9.9997053968507447e-11
 -1.7100000000000001e+01   1.0054896724757947e-10   9.9996986349610854e-11
 -1.7049999999999997e+01   1.0055523307648659e-10   9.9996917162307752e-11
 -1.7000000000000000e+01   1.0056157193217839e-10   9.9996846369649896e-11
 -1.6949999999999999e+01   1.0056798470061757e-10   9.9996773933798644e-11
 -1.6899999999999999e+01   1.0057447227931780e-10   9.9996699816002964e-11
 -1.6850000000000001e+01   1.0058103557751335e-10   9.9996623976576643e-11
 -1.6799999999999997e+01   1.0058767551633765e-10   9.9996546374874971e-11
 -1.6750000000000000e+01   1.0059439302900122e-10   9.9996466969270757e-11
 -1.6699999999999999e+01   1.0060118906095719e-10   9.9996385717129858e-11
 -1.6649999999999999e+01   1.0060806457009926e-10   9.9996302574785902e-11
 -1.6600000000000001e+01   1.0061502052692888e-10   9.9996217497514563e-11
 -1.6549999999999997e+01   1.0062205791475441e-10   9.9996130439506914e-11
 -1.6500000000000000e+01   1.0062917772988225e-10   9.9996041353842210e-11
 -1.6449999999999999e+01   1.0063638098180752e-10   9.9995950192459937e-11
 -1.6399999999999999e+01   1.0064366869340372e-10   9.9995856906131321e-11
 -1.6350000000000001e+01   1.0065104190114099e-10   9.9995761444429596e-11
 -1.6299999999999997e+01   1.0065850165528068e-10   9.9995663755699930e-11
 -1.6250000000000000e+01   1.0066604902008729e-10   9.9995563787028408e-11
 -1.6199999999999999e+01   1.0067368507403175e-10   9.9995461484210270e-11
 -1.6149999999999999e+01   1.0068141091002222e-10   9.9995356791717026e-11
 -1.6100000000000001e+01   1.0068922763561197e-10   9.9995249652663088e-11
 -1.6049999999999997e+01   1.0069713637322587e-10   9.9995140008771258e-11
 -1.6000000000000000e+01   1.0070513826039379e-10   9.9995027800337292e-11
 -1.5949999999999999e+01   1.0071323444997618e-10   9.9994912966193679e-11
 -1.5899999999999999e+01   1.0072142611040050e-10   9.9994795443672323e-11
 -1.5850000000000000e+01   1.0072971442590582e-10   9.9994675168566251e-11
 -1.5799999999999999e+01   1.0073810059678630e-10   9.9994552075090240e-11
 -1.5750000000000000e+01   1.0074658583963900e-10   9.9994426095840510e-11
 -1.5699999999999999e+01   1.0075517138761577e-10   9.9994297161753270e-11
 -1.5649999999999999e+01   1.0076385849068968e-10   9.9994165202062015e-11
 -1.5600000000000000e+01   1.0077264841591054e-10   9.9994030144253909e-11
 -1.5549999999999999e+01   1.0078154244767628e-10   9.9993891914024805e-11
 -1.5500000000000000e+01   1.0079054188800765e-10   9.9993750435233062e-11
 -1.5449999999999999e+01   1.0079964805682804e-10   9.9993605629852117e-11
 -1.5399999999999999e+01   1.0080886229223836e-10   9.9993457417921948e-11
 -1.5350000000000000e+01   1.0081818595081820e-10   9.9993305717498838e-11
 -1.5299999999999999e+01   1.0082762040791485e-10   9.9993150444604026e-11
 -1.5250000000000000e+01   1.0083716705794051e-10   9.9992991513170997e-11
 -1.5199999999999999e+01   1.0084682731468444e-10   9.9992828834991045e-11
 -1.5149999999999999e+01   1.0085660261162344e-10   9.9992662319657609e-11
 -1.5100000000000000e+01   1.0086649440223533e-10   9.9992491874508958e-11
 -1.5049999999999999e+01   1.0087650416032430e-10   9.9992317404569341e-11
 -1.5000000000000000e+01   1.0088663338035851e-10   9.9992138812488349e-11
 -1.4949999999999999e+01   1.0089688357779784e-10   9.9991955998478763e-11
 -1.4899999999999999e+01   1.0090725628943933e-10   9.9991768860252736e-11
 -1.4850000000000000e+01   1.0091775307377543e-10   9.9991577292955767e-11
 -1.4799999999999999e+01   1.0092837551133426e-10   9.9991381189099547e-11
 -1.4750000000000000e+01   1.0093912520505937e-10   9.9991180438492221e-11
 -1.4699999999999999e+01   1.0095000378067738e-10   9.9990974928166985e-11
 -1.4649999999999999e+01   1.0096101288706662e-10   9.9990764542308925e-11
 -1.4600000000000000e+01   1.0097215419665820e-10   9.9990549162179198e-11
 -1.4549999999999999e+01   1.0098342940581824e-10   9.9990328666037729e-11
 -1.4500000000000000e+01   1.0099484023525576e-10   9.9990102929063172e-11
 -1.4449999999999999e+01   1.0100638843043366e-10   9.9989871823270897e-11
 -1.4400000000000000e+01   1.0101807576197961e-10   9.9989635217428700e-11
 -1.4350000000000000e+01   1.0102990402612069e-10   9.9989392976969806e-11
 -1.4299999999999999e+01   1.0104187504511401e-10   9.9989144963903686e-11
 -1.4250000000000000e+01   1.0105399066769465e-10   9.9988891036724126e-11
 -1.4199999999999999e+01   1.0106625276952866e-10   9.9988631050314734e-11
 -1.4150000000000000e+01   1.0107866325367265e-10   9.9988364855851773e-11
 -1.4100000000000000e+01   1.0109122405104944e-10   9.9988092300704121e-11
 -1.4049999999999999e+01   1.0110393712092965e-10   9.9987813228330341e-11
 -1.4000000000000000e+01   1.0111680445142579e-10   9.9987527478172765e-11
 -1.3949999999999999e+01   1.0112982805999392e-10   9.9987234885548507e-11
 -1.3900000000000000e+01   1.0114300999394566e-10   9.9986935281537413e-11
 -1.3850000000000000e+01   1.0115635233097575e-10   9.9986628492866469e-11
 -1.3799999999999999e+01   1.0116985717969453e-10   9.9986314341791171e-11
 -1.3750000000000000e+01   1.0118352668017721e-10   9.9985992645973085e-11
 -1.3699999999999999e+01   1.0119736300452130e-10   9.9985663218354039e-11
 -1.3650000000000000e+01   1.0121136835741707e-10   9.9985325867026489e-11
 -1.3600000000000000e+01   1.0122554497673446e-10   9.9984980395100008e-11
 -1.3549999999999999e+01   1.0123989513410756e-10   9.9984626600564165e-11
 -1.3500000000000000e+01   1.0125442113555903e-10   9.9984264276146628e-11
 -1.3449999999999999e+01   1.0126912532211161e-10   9.9983893209167758e-11
 -1.3400000000000000e+01   1.0128401007042590e-10   9.9983513181390451e-11
 -1.3350000000000000e+01   1.0129907779345044e-10   9.9983123968865640e-11
 -1.3299999999999999e+01   1.0131433094108525e-10   9.9982725341773067e-11
 -1.3250000000000000e+01   1.0132977200086255e-10   9.9982317064257225e-11
 -1.3199999999999999e+01   1.0134540349863804e-10   9.9981898894258534e-11
 -1.3150000000000000e+01   1.0136122799930210e-10   9.9981470583339163e-11
 -1.3100000000000000e+01   1.0137724810750398e-10   9.9981031876503771e-11
 -1.3049999999999999e+01   1.0139346646839561e-10   9.9980582512014576e-11
 -1.3000000000000000e+01   1.0140988576838828e-10   9.9980122221200962e-11
 -1.2949999999999999e+01   1.0142650873592945e-10   9.9979650728263167e-11
 -1.2900000000000000e+01   1.0144333814229694e-10   9.9979167750069909e-11
 -1.2850000000000000e+01   1.0146037680241012e-10   9.9978672995949830e-11
 -1.2799999999999999e+01   1.0147762757566119e-10   9.9978166167476455e-11
 -1.2750000000000000e+01   1.0149509336676448e-10   9.9977646958246578e-11
 -1.2699999999999999e+01   1.0151277712662876e-10   9.9977115053651486e-11
 -1.2650000000000000e+01   1.0153068185324326e-10   9.9976570130641517e-11
 -1.2600000000000000e+01   1.0154881059259340e-10   9.9976011857482711e-11
 -1.2549999999999999e+01   1.0156716643959050e-10   9.9975439893506213e-11
 -1.2500000000000000e+01   1.0158575253902572e-10   9.9974853888849740e-11
 -1.2449999999999999e+01   1.0160457208655140e-10   9.9974253484190609e-11
 -1.2400000000000000e+01   1.0162362832967632e-10   9.9973638310470725e-11
 -1.2350000000000000e+01   1.0164292456879542e-10   9.9973007988612485e-11
 -1.2299999999999999e+01   1.0166246415823752e-10   9.9972362129225760e-11
 -1.2250000000000000e+01   1.0168225050733793e-10   9.9971700332305611e-11
 -1.2199999999999999e+01   1.0170228708154550e-10   9.9971022186920032e-11
 -1.2150000000000000e+01   1.0172257740354473e-10   9.9970327270887969e-11
 -1.2100000000000000e+01   1.0174312505441330e-10   9.9969615150446765e-11
 -1.2049999999999999e+01   1.0176393367480909e-10   9.9968885379908753e-11
 -1.2000000000000000e+01   1.0178500696617914e-10   9.9968137501306925e-11
 -1.1949999999999999e+01   1.0180634869200744e-10   9.9967371044028839e-11
 -1.1900000000000000e+01   1.0182796267908597e-10   9.9966585524438691e-11
 -1.1850000000000000e+01   1.0184985281882682e-10   9.9965780445486790e-11
 -1.1799999999999999e+01   1.0187202306859832e-10   9.9964955296306365e-11
 -1.1750000000000000e+01   1.0189447745309892e-10   9.9964109551796997e-11
 -1.1699999999999999e+01   1.0191722006576805e-10   9.9963242672194166e-11
 -1.1650000000000000e+01   1.0194025507022815e-10   9.9962354102624549e-11
 -1.1600000000000000e+01   1.0196358670177024e-10   9.9961443272646313e-11
 -1.1549999999999999e+01   1.0198721926887172e-10   9.9960509595774251e-11
 -1.1500000000000000e+01   1.0201115715475613e-10   9.9959552468988734e-11
 -1.1449999999999999e+01   1.0203540481899704e-10   9.9958571272228040e-11
 -1.1400000000000000e+01   1.0205996679915482e-10   9.9957565367863807e-11
 -1.1350000000000000e+01   1.0208484771246671e-10   9.9956534100158233e-11
 -1.1299999999999999e+01   1.0211005225757506e-10   9.9955476794703029e-11
 -1.1250000000000000e+01   1.0213558521630346e-10   9.9954392757839060e-11
 -1.1199999999999999e+01   1.0216145145548195e-10   9.9953281276055957e-11
 -1.1150000000000000e+01   1.0218765592881683e-10   9.9952141615371132e-11
 -1.1100000000000000e+01   1.0221420367881660e-10   9.9950973020687154e-11
 -1.1049999999999999e+01   1.0224109983876485e-10   9.9949774715126888e-11
 -1.1000000000000000e+01   1.0226834963474823e-10   9.9948545899345382e-11
 -1.0949999999999999e+01   1.0229595838774442e-10   9.9947285750817461e-11
 -1.0900000000000000e+01   1.0232393151575996e-10   9.9945993423100578e-11
 -1.0850000000000000e+01   1.0235227453603304e-10   9.9944668045071313e-11
 -1.0799999999999999e+01   1.0238099306729581e-10   9.9943308720134901e-11
 -1.0750000000000000e+01   1.0241009283209602e-10   9.9941914525406797e-11
 -1.0699999999999999e+01   1.0243957965919330e-10   9.9940484510864511e-11
 -1.0650000000000000e+01   1.0246945948600856e-10   9.9939017698469630e-11
 -1.0600000000000000e+01   1.0249973836115945e-10   9.9937513081257478e-11
 -1.0549999999999999e+01   1.0253042244705275e-10   9.9935969622394525e-11
 -1.0500000000000000e+01   1.0256151802256133e-10   9.9934386254200935e-11
 -1.0449999999999999e+01   1.0259303148577428e-10   9.9932761877137832e-11
 -1.0400000000000000e+01   1.0262496935682486e-10   9.9931095358757308e-11
 -1.0350000000000000e+01   1.0265733828080382e-10   9.9929385532613749e-11
 -1.0299999999999999e+01   1.0269014503075656e-10   9.9927631197134957e-11
 -1.0250000000000000e+01   1.0272339651076674e-10   9.9925831114451438e-11
 -1.0199999999999999e+01   1.0275709975913401e-10   9.9923984009181836e-11
 -1.0150000000000000e+01   1.0279126195164391e-10   9.9922088567173053e-11
 -1.0100000000000000e+01   1.0282589040493398e-10   9.9920143434193024e-11
 -1.0050000000000001e+01   1.0286099257996446e-10   9.9918147214573881e-11
 -1.0000000000000000e+01   1.0289657608558922e-10   9.9916098469803936e-11
 -9.9499999999999993e+00   1.0293264868224035e-10   9.9913995717065547e-11
 -9.9000000000000004e+00   1.0296921828571675e-10   9.9911837427717661e-11
 -9.8499999999999996e+00   1.0300629297109910e-10   9.9909622025719212e-11
 -9.8000000000000007e+00   1.0304388097677686e-10   9.9907347885992166e-11
 -9.7500000000000000e+00   1.0308199070860389e-10   9.9905013332720791e-11
 -9.6999999999999993e+00   1.0312063074418019e-10   9.9902616637584777e-11
 -9.6500000000000004e+00   1.0315980983727340e-10   9.9900156017922702e-11
 -9.5999999999999996e+00   1.0319953692237377e-10   9.9897629634823671e-11
 -9.5500000000000007e+00   1.0323982111939516e-10   9.9895035591143211e-11
 -9.5000000000000000e+00   1.0328067173852647e-10   9.9892371929440346e-11
 -9.4499999999999993e+00   1.0332209828523529e-10   9.9889636629832366e-11
 -9.4000000000000004e+00   1.0336411046543748e-10   9.9886827607763343e-11
 -9.3499999999999996e+00   1.0340671819082850e-10   9.9883942711682789e-11
 -9.3000000000000007e+00   1.0344993158439180e-10   9.9880979720630158e-11
 -9.2500000000000000e+00   1.0349376098608589e-10   9.9877936341721048e-11
 -9.1999999999999993e+00   1.0353821695871859e-10   9.9874810207530372e-11
 -9.1500000000000004e+00   1.0358331029401532e-10   9.9871598873368043e-11
 -9.1000000000000014e+00   1.0362905201888950e-10   9.9868299814441947e-11
 -9.0500000000000007e+00   1.0367545340192264e-10   9.9864910422902960e-11
 -9.0000000000000000e+00   1.0372252596006402e-10   9.9861428004766501e-11
 -8.9499999999999993e+00   1.0377028146555432e-10   9.9857849776704976e-11
 -8.8999999999999986e+00   1.0381873195308494e-10   9.9854172862704880e-11
 -8.8500000000000014e+00   1.0386788972720769e-10   9.9850394290581613e-11
 -8.8000000000000007e+00   1.0391776736999215e-10   9.9846510988346258e-11
 -8.7500000000000000e+00   1.0396837774895311e-10   9.9842519780416139e-11
 -8.6999999999999993e+00   1.0401973402525351e-10   9.9838417383662199e-11
 -8.6499999999999986e+00   1.0407184966219339e-10   9.9834200403284955e-11
 -8.6000000000000014e+00   1.0412473843399982e-10   9.9829865328510850e-11
 -8.5500000000000007e+00   1.0417841443492902e-10   9.9825408528099766e-11
 -8.5000000000000000e+00   1.0423289208869143e-10   9.9820826245654944e-11
 -8.4499999999999993e+00   1.0428818615821601e-10   9.9816114594724847e-11
 -8.3999999999999986e+00   1.0434431175576833e-10   9.9811269553686931e-11
 -8.3500000000000014e+00   1.0440128435343428e-10   9.9806286960402151e-11
 -8.3000000000000007e+00   1.0445911979398995e-10   9.9801162506628472e-11
 -8.2500000000000000e+00   1.0451783430216912e-10   9.9795891732181446e-11
 -8.1999999999999993e+00   1.0457744449634907e-10   9.9790470018828439e-11
 -8.1499999999999986e+00   1.0463796740067067e-10   9.9784892583903159e-11
 -8.1000000000000014e+00   1.0469942045761416e-10   9.9779154473625582e-11
 -8.0500000000000007e+00   1.0476182154104938e-10   9.9773250556111985e-11
 -8.0000000000000000e+00   1.0482518896977917e-10   9.9767175514059223e-11
 -7.9499999999999993e+00   1.0488954152160277e-10   9.9760923837085231e-11
 -7.8999999999999986e+00   1.0495489844791897e-10   9.9754489813708107e-11
 -7.8500000000000014e+00   1.0502127948889347e-10   9.9747867522944185e-11
 -7.8000000000000007e+00   1.0508870488921705e-10   9.9741050825504584e-11
 -7.7500000000000000e+00   1.0515719541448337e-10   9.9734033354568316e-11
 -7.6999999999999993e+00   1.0522677236820945e-10   9.9726808506109224e-11
 -7.6499999999999986e+00   1.0529745760953465e-10   9.9719369428751839e-11
 -7.6000000000000014e+00   1.0536927357162482e-10   9.9711709013130518e-11
 -7.5500000000000007e+00   1.0544224328081926e-10   9.9703819880723784e-11
 -7.5000000000000000e+00   1.0551639037654976e-10   9.9695694372135088e-11
 -7.4499999999999993e+00   1.0559173913207449e-10   9.9687324534788267e-11
 -7.3999999999999986e+00   1.0566831447606027e-10   9.9678702110004862e-11
 -7.3500000000000014e+00   1.0574614201505759e-10   9.9669818519427899e-11
 -7.3000000000000007e+00   1.0582524805690970e-10   9.9660664850754708e-11
 -7.2500000000000000e+00   1.0590565963514164e-10   9.9651231842738593e-11
 -7.1999999999999993e+00   1.0598740453437650e-10   9.9641509869417285e-11
 -7.1499999999999986e+00   1.0607051131683161e-10   9.9631488923522198e-11
 -7.1000000000000014e+00   1.0615500934994453e-10   9.9621158599020958e-11
 -7.0500000000000007e+00   1.0624092883518943e-10   9.9610508072741011e-11
 -7.0000000000000000e+00   1.0632830083813925e-10   9.9599526085020061e-11
 -6.9499999999999993e+00   1.0641715731984023e-10   9.9588200919324213e-11
 -6.8999999999999986e+00   1.0650753116956342e-10   9.9576520380771606e-11
 -6.8500000000000014e+00   1.0659945623900391e-10   9.9564471773494722e-11
 -6.8000000000000007e+00   1.0669296737800356e-10   9.9552041876769809e-11
 -6.7500000000000000e+00   1.0678810047187329e-10   9.9539216919837545e-11
 -6.6999999999999993e+00   1.0688489248040323e-10   9.9525982555332872e-11
 -6.6499999999999986e+00   1.0698338147864277e-10   9.9512323831237498e-11
 -6.6000000000000014e+00   1.0708360669955129e-10   9.9498225161260730e-11
 -6.5500000000000007e+00   1.0718560857861186e-10   9.9483670293549805e-11
 -6.5000000000000000e+00   1.0728942880052004e-10   9.9468642277621496e-11
 -6.4499999999999993e+00   1.0739511034805272e-10   9.9453123429401233e-11
 -6.3999999999999986e+00   1.0750269755324109e-10   9.9437095294245907e-11
 -6.3500000000000014e+00   1.0761223615096964e-10   9.9420538607818716e-11
 -6.3000000000000007e+00   1.0772377333513664e-10   9.9403433254674330e-11
 -6.2500000000000000e+00   1.0783735781751558e-10   9.9385758224402286e-11
 -6.1999999999999993e+00   1.0795303988947015e-10   9.9367491565164970e-11
 -6.1499999999999986e+00   1.0807087148668173e-10   9.9348610334454684e-11
 -6.1000000000000014e+00   1.0819090625705772e-10   9.9329090546880936e-11
 -6.0500000000000007e+00   1.0831319963200321e-10   9.9308907118784622e-11
 -6.0000000000000000e+00   1.0843780890124698e-10   9.9288033809460383e-11
 -5.9499999999999993e+00   1.0856479329142523e-10   9.9266443158751578e-11
 -5.8999999999999986e+00   1.0869421404864228e-10   9.9244106420763917e-11
 -5.8500000000000014e+00   1.0882613452523607e-10   9.9220993493424356e-11
 -5.8000000000000007e+00   1.0896062027099838e-10   9.9197072843589737e-11
 -5.7500000000000000e+00   1.0909773912910885e-10   9.9172311427386814e-11
 -5.6999999999999993e+00   1.0923756133706317e-10   9.9146674605439954e-11
 -5.6499999999999986e+00   1.0938015963289196e-10   9.9120126052614643e-11
 -5.6000000000000014e+00   1.0952560936698861e-10   9.9092627661875393e-11
 -5.5500000000000007e+00   1.0967398861988261e-10   9.9064139441823825e-11
 -5.5000000000000000e+00   1.0982537832631814e-10   9.9034619407447175e-11
 -5.4499999999999993e+00   1.0997986240602316e-10   9.9004023463568465e-11
 -5.3999999999999986e+00   1.1013752790157819e-10   9.8972305280447238e-11
 -5.3500000000000014e+00   1.1029846512381929e-10   9.8939416160934782e-11
 -5.3000000000000007e+00   1.1046276780524469e-10   9.8905304898535359e-11
 -5.2500000000000000e+00   1.1063053326191919e-10   9.8869917625672307e-11
 -5.1999999999999993e+00   1.1080186256440790e-10   9.8833197651396435e-11
 -5.1499999999999986e+00   1.1097686071830491e-10   9.8795085287709350e-11
 -5.1000000000000014e+00   1.1115563685495997e-10   9.8755517663602590e-11
 -5.0500000000000007e+00   1.1133830443304791e-10   9.8714428525835262e-11
 -5.0000000000000000e+00   1.1152498145166718e-10   9.8671748025387279e-11
 -4.9499999999999993e+00   1.1171579067569988e-10   9.8627402488431837e-11
 -4.8999999999999986e+00   1.1191085987421581e-10   9.8581314170567957e-11
 -4.8500000000000014e+00   1.1211032207275123e-10   9.8533400992942353e-11
 -4.8000000000000007e+00   1.1231431582035265e-10   9.8483576258766124e-11
 -4.7500000000000000e+00   1.1252298547232714e-10   9.8431748348598833e-11
 -4.6999999999999993e+00   1.1273648148970904e-10   9.8377820392622992e-11
 -4.6499999999999986e+00   1.1295496075651102e-10   9.8321689917972605e-11
 -4.6000000000000014e+00   1.1317858691589907e-10   9.8263248469000944e-11
 -4.5500000000000007e+00   1.1340753072649729e-10   9.8202381198180318e-11
 -4.5000000000000000e+00   1.1364197044010683e-10   9.8138966425112526e-11
 -4.4499999999999993e+00   1.1388209220219362e-10   9.8072875160897954e-11
 -4.3999999999999986e+00   1.1412809047658386e-10   9.8003970594854609e-11
 -4.3500000000000014e+00   1.1438016849587903e-10   9.7932107540301283e-11
 -4.3000000000000007e+00   1.1463853873919075e-10   9.7857131835812116e-11
 -4.2500000000000000e+00   1.1490342343886962e-10   9.7778879698017526e-11
 -4.1999999999999993e+00   1.1517505511798548e-10   9.7697177021661031e-11
 -4.1499999999999986e+00   1.1545367716039430e-10   9.7611838622223081e-11
 -4.1000000000000014e+00   1.1573954441529355e-10   9.7522667415990020e-11
 -4.0500000000000007e+00   1.1603292383823697e-10   9.7429453531972939e-11
 -4.0000000000000000e+00   1.1633409517063087e-10   9.7331973349567738e-11
 -3.9499999999999993e+00   1.1664335165977148e-10   9.7229988455291818e-11
 -3.8999999999999986e+00   1.1696100082150451e-10   9.7123244511329239e-11
 -3.8500000000000014e+00   1.1728736524757856e-10   9.7011470027968145e-11
 -3.8000000000000007e+00   1.1762278345972441e-10   9.6894375031316644e-11
 -3.7500000000000000e+00   1.1796761081241090e-10   9.6771649616937352e-11
 -3.6999999999999993e+00   1.1832222044608744e-10   9.6642962379249754e-11
 -3.6500000000000021e+00   1.1868700429252525e-10   9.6507958705711436e-11
 -3.6000000000000014e+00   1.1906237413357650e-10   9.6366258923915544e-11
 -3.5500000000000007e+00   1.1944876271428275e-10   9.6217456288835246e-11
 -3.5000000000000000e+00   1.1984662491074384e-10   9.6061114796522429e-11
 -3.4499999999999993e+00   1.2025643895248295e-10   9.5896766809643318e-11
 -3.4000000000000021e+00   1.2067870769817900e-10   9.5723910479332736e-11
 -3.3500000000000014e+00   1.2111395996253458e-10   9.5542006947004867e-11
 -3.3000000000000007e+00   1.2156275189067255e-10   9.5350477309012986e-11
 -3.2500000000000000e+00   1.2202566837472796e-10   9.5148699326465099e-11
 -3.1999999999999993e+00   1.2250332450517734e-10   9.4936003862146865e-11
 -3.1500000000000021e+00   1.2299636704682410e-10   9.4711671026477422e-11
 -3.1000000000000014e+00   1.2350547592615799e-10   9.4474926014848071e-11
 -3.0500000000000007e+00   1.2403136571290648e-10   9.4224934619725437e-11
 -3.0000000000000000e+00   1.2457478707388410e-10   9.3960798402732591e-11
 -2.9499999999999993e+00   1.2513652817155951e-10   9.3681549514803960e-11
 -2.9000000000000021e+00   1.2571741597296928e-10   9.3386145156732662e-11
 -2.8500000000000014e+00   1.2631831742650008e-10   9.3073461678379825e-11
 -2.8000000000000007e+00   1.2694014045448232e-10   9.2742288322927663e-11
 -2.7500000000000000e+00   1.2758383469825812e-10   9.2391320633391714e-11
 -2.6999999999999993e+00   1.2825039193923212e-10   9.2019153552797699e-11
 -2.6500000000000021e+00   1.2894084610418653e-10   9.1624274267737919e-11
 -2.6000000000000014e+00   1.2965627274569677e-10   9.1205054868328430e-11
 -2.5500000000000007e+00   1.3039778786873639e-10   9.0759744926873040e-11
 -2.5000000000000000e+00   1.3116654595252860e-10   9.0286464133889231e-11
 -2.4499999999999993e+00   1.3196373699257045e-10   8.9783195174697846e-11
 -2.4000000000000021e+00   1.3279058236193637e-10   8.9247777083650686e-11
 -2.3500000000000014e+00   1.3364832926417534e-10   8.8677899377296419e-11
 -2.3000000000000007e+00   1.3453824352363152e-10   8.8071097343023263e-11
 -2.2500000000000000e+00   1.3546160043443224e-10   8.7424748946286770e-11
 -2.1999999999999993e+00   1.3641967336929878e-10   8.6736073916735881e-11
 -2.1500000000000021e+00   1.3741371983716510e-10   8.6002135679461185e-11
 -2.1000000000000014e+00   1.3844496467856116e-10   8.5219846908641856e-11
 -2.0500000000000007e+00   1.3951458010547685e-10   8.4385979590878548e-11
 -2.0000000000000000e+00   1.4062366233453604e-10   8.3497180585296002e-11
 -1.9499999999999993e+00   1.4177320463632237e-10   8.2549993744119353e-11
 -1.9000000000000021e+00   1.4296406673763901e-10   8.1540889693637033e-11
 -1.8500000000000014e+00   1.4419694067510136e-10   8.0466304349615712e-11
 -1.8000000000000007e+00   1.4547231341394297e-10   7.9322687127841446e-11
 -1.7500000000000000e+00   1.4679042681820541e-10   7.8106559581701660e-11
 -1.6999999999999993e+00   1.4815123588502491e-10   7.6814584827446901e-11
 -1.6500000000000021e+00   1.4955436652598362e-10   7.5443647582084740e-11
 -1.6000000000000014e+00   1.5099907457147413e-10   7.3990943928532212e-11
 -1.5500000000000007e+00   1.5248420805653741e-10   7.2454079046780956e-11
 -1.5000000000000000e+00   1.5400817517302680e-10   7.0831170144796525e-11
 -1.4499999999999993e+00   1.5556892048729521e-10   6.9120950758766632e-11
 -1.4000000000000021e+00   1.5716391206419641e-10   6.7322871575168216e-11
 -1.3500000000000014e+00   1.5879014195051213e-10   6.5437192094386339e-11
 -1.3000000000000007e+00   1.6044414201357868e-10   6.3465056962423315e-11
 -1.2500000000000000e+00   1.6212201639262333e-10   6.1408550793146396e-11
 -1.1999999999999993e+00   1.6381949082998241e-10   5.9270725902017909e-11
 -1.1500000000000021e+00   1.6553197798131155e-10   5.7055598618569003e-11
 -1.1000000000000014e+00   1.6725465657438586e-10   5.4768111690614163e-11
 -1.0500000000000007e+00   1.6898256113936072e-10   5.2414062586543596e-11
 -1.0000000000000000e+00   1.7071067811864894e-10   5.0000000000008215e-11
 -9.4999999999999929e-01   1.7243404360857188e-10   4.7533093265115081e-11
 -9.0000000000000213e-01   1.7414783786654469e-10   4.5020981397166009e-11
 -8.5000000000000142e-01   1.7584747205145268e-10   4.2471609834041043e-11
 -8.0000000000000071e-01   1.7752866339882944e-10   3.9893063515910042e-11
 -7.5000000000000000e-01   1.7918749605884196e-10   3.7293404679308884e-11
 -6.9999999999999929e-01   1.8082046600335701e-10   3.4680522750002148e-11
 -6.5000000000000213e-01   1.8242450959211107e-10   3.2062002184999935e-11
 -6.0000000000000142e-01   1.8399701644980398e-10   2.9445012275313608e-11
 -5.5000000000000071e-01   1.8553582815464690e-10   2.6836221018987134e-11
 -5.0000000000000000e-01   1.8703922482700652e-10   2.4241733415138143e-11
 -4.4999999999999929e-01   1.8850590202830535e-10   2.1667053061560138e-11
 -4.0000000000000213e-01   1.8993494046204980e-10   1.9117064840875559e-11
 -3.5000000000000142e-01   1.9132577085828633e-10   1.6596035771397793e-11
 -3.0000000000000071e-01   1.9267813617625930e-10   1.4107630748947425e-11
 -2.5000000000000000e-01   1.9399205293289633e-10   1.1654939854596156e-11
 -1.9999999999999929e-01   1.9526777310475360e-10   9.2405140766119073e-12
 -1.5000000000000213e-01   1.9650574769512581e-10   6.8664066180471944e-12
 -1.0000000000000142e-01   1.9770659273147704e-10   4.5342173680527840e-12
 -5.0000000000000711e-02   1.9887105817597248e-10   2.2451385516347175e-12
  0.0000000000000000e+00   2.0000000000000001e-10   0.0000000000000000e+00
