# Columns: x, u, lamda
# time_step 7000
# time   7.0000000000000000e+01
 -2.5149999999999999e+01   9.7921572388230783e-11   8.7696904391387917e-15
 -2.5099999999999998e+01   9.7921572388230783e-11   8.7696904391387917e-15
 -2.5049999999999997e+01   9.7921572388230783e-11   8.7696904391387917e-15
 -2.5000000000000000e+01   9.7921572388230783e-11   8.7696904391387917e-15
 -2.4949999999999999e+01   9.7921053513310164e-11   9.4231647732038866e-15
 -2.4899999999999999e+01   9.7921240628512278e-11   9.7829376347911262e-15
 -2.4849999999999998e+01   9.7921820575105515e-11   1.0337765995572936e-14
 -2.4799999999999997e+01   9.7922998306256857e-11   1.0802535348589225e-14
 -2.4750000000000000e+01   9.7923879786946812e-11   1.1340374504484123e-14
 -2.4699999999999999e+01   9.7922886446520103e-11   1.1857943551309382e-14
 -2.4649999999999999e+01   9.7918011395344374e-11   1.2408784175493432e-14
 -2.4599999999999998e+01   9.7908803592775503e-11   1.2961877986285974e-14
 -2.4549999999999997e+01   9.7895679370827769e-11   1.3534866834672036e-14
 -2.4500000000000000e+01   9.7878880160856697e-11   1.4117723683622782e-14
 -2.4449999999999999e+01   9.7858474330516476e-11   1.4716271874215417e-14
 -2.4399999999999999e+01   9.7834896825951948e-11   1.5327242580796315e-14
 -2.4349999999999998e+01   9.7809070023108688e-11   1.5952554297469352e-14
 -2.4299999999999997e+01   9.7782074154024784e-11   1.6591136366581516e-14
 -2.4250000000000000e+01   9.7754727849807899e-11   1.7243608560775388e-14
 -2.4199999999999999e+01   9.7727426061286608e-11   1.7909601717577457e-14
 -2.4149999999999999e+01   9.7700237055957641e-11   1.8589290111364076e-14
 -2.4099999999999998e+01   9.7673087139022645e-11   1.9282513643080359e-14
 -2.4049999999999997e+01   9.7645878735546312e-11   1.9989279012485351e-14
 -2.4000000000000000e+01   9.7618518295149486e-11   2.0709471972499285e-14
 -2.3949999999999999e+01   9.7590907221203976e-11   2.1443020812467019e-14
 -2.3899999999999999e+01   9.7562946327692541e-11   2.2189801756728905e-14
 -2.3849999999999998e+01   9.7534559250300019e-11   2.2949691915856427e-14
 -2.3799999999999997e+01   9.7505712960991140e-11   2.3722537851160460e-14
 -2.3750000000000000e+01   9.7476417750843063e-11   2.4508172352004199e-14
 -2.3699999999999999e+01   9.7446708743765415e-11   2.5306403632580210e-14
 -2.3649999999999999e+01   9.7416623140645772e-11   2.6117020267069336e-14
 -2.3599999999999998e+01   9.7386185508901353e-11   2.6939787110263917e-14
 -2.3549999999999997e+01   9.7355404203221213e-11   2.7774446345399127e-14
 -2.3500000000000000e+01   9.7324274976334904e-11   2.8620715580264479e-14
 -2.3449999999999999e+01   9.7292786535072403e-11   2.9478287605282620e-14
 -2.3399999999999999e+01   9.7260925129278707e-11   3.0346829178972869e-14
 -2.3349999999999998e+01   9.7228677655080505e-11   3.1225980345283182e-14
 -2.3299999999999997e+01   9.7196033598499413e-11   3.2115353424337265e-14
 -2.3250000000000000e+01   9.7162985929473685e-11   3.3014532167028228e-14
 -2.3199999999999999e+01   9.7129530864730300e-11   3.3923070794078158e-14
 -2.3149999999999999e+01   9.7095666672625752e-11   3.4840493079485056e-14
 -2.3099999999999998e+01   9.7061392093301528e-11   3.5766291387758993e-14
 -2.3049999999999997e+01   9.7026705060183094e-11   3.6699925717150147e-14
 -2.3000000000000000e+01   9.6991602136243355e-11   3.7640822719653464e-14
 -2.2949999999999999e+01   9.6956078652410434e-11   3.8588374714989514e-14
 -2.2899999999999999e+01   9.6920129240568075e-11   3.9541938689312054e-14
 -2.2849999999999998e+01   9.6883748405164681e-11   4.0500835284577298e-14
 -2.2799999999999997e+01   9.6846930906482901e-11   4.1464347775886511e-14
 -2.2750000000000000e+01   9.6809671897554538e-11   4.2431721039219919e-14
 -2.2699999999999999e+01   9.6771966871183277e-11   4.3402160509004326e-14
 -2.2649999999999999e+01   9.6733811512811908e-11   4.4374831126837732e-14
 -2.2599999999999998e+01   9.6695201544150699e-11   4.5348856281523651e-14
 -2.2549999999999997e+01   9.6656132611445183e-11   4.6323316741440085e-14
 -2.2500000000000000e+01   9.6616600239373171e-11   4.7297249579710492e-14
 -2.2449999999999999e+01   9.6576599844260999e-11   4.8269647093058866e-14
 -2.2399999999999999e+01   9.6536126782765185e-11   4.9239455715026860e-14
 -2.2349999999999998e+01   9.6495176406952592e-11   5.0205574924521141e-14
 -2.2299999999999997e+01   9.6453744103541083e-11   5.1166856150450911e-14
 -2.2250000000000000e+01   9.6411825308541102e-11   5.2122101673411916e-14
 -2.2199999999999999e+01   9.6369415501181111e-11   5.3070063525477575e-14
 -2.2149999999999999e+01   9.6326510188125267e-11   5.4009442388950452e-14
 -2.2099999999999998e+01   9.6283104888837296e-11   5.4938886495327387e-14
 -2.2049999999999997e+01   9.6239195128395326e-11   5.5856990525450272e-14
 -2.2000000000000000e+01   9.6194776438606778e-11   5.6762294512113700e-14
 -2.1949999999999999e+01   9.6149844364657790e-11   5.7653282746266116e-14
 -2.1899999999999999e+01   9.6104394473422270e-11   5.8528382688152605e-14
 -2.1849999999999998e+01   9.6058422360423501e-11   5.9385963884720507e-14
 -2.1799999999999997e+01   9.6011923654287772e-11   6.0224336894610269e-14
 -2.1750000000000000e+01   9.5964894018952458e-11   6.1041752222286915e-14
 -2.1699999999999999e+01   9.5917329154732631e-11   6.1836399262704227e-14
 -2.1649999999999999e+01   9.5869224799353952e-11   6.2606405258169999e-14
 -2.1599999999999998e+01   9.5820576729640710e-11   6.3349834268989472e-14
 -2.1549999999999997e+01   9.5771380764097523e-11   6.4064686159569265e-14
 -2.1500000000000000e+01   9.5721632766185405e-11   6.4748895601774835e-14
 -2.1449999999999999e+01   9.5671328647923448e-11   6.5400331097314021e-14
 -2.1399999999999999e+01   9.5620464373408300e-11   6.6016794021122441e-14
 -2.1349999999999998e+01   9.5569035962115372e-11   6.6596017687600857e-14
 -2.1299999999999997e+01   9.5517039492036872e-11   6.7135666441796819e-14
 -2.1250000000000000e+01   9.5464471102721733e-11   6.7633334777648343e-14
 -2.1199999999999999e+01   9.5411326998386811e-11   6.8086546485368085e-14
 -2.1149999999999999e+01   9.5357603451137973e-11   6.8492753830345671e-14
 -2.1099999999999998e+01   9.5303296804352521e-11   6.8849336765735174e-14
 -2.1049999999999997e+01   9.5248403476154767e-11   6.9153602181286114e-14
 -2.1000000000000000e+01   9.5192919962994332e-11   6.9402783190704710e-14
 -2.0949999999999999e+01   9.5136842843222753e-11   6.9594038460314868e-14
 -2.0899999999999999e+01   9.5080168780714042e-11   6.9724451581408478e-14
 -2.0849999999999998e+01   9.5022894528511079e-11   6.9791030489218959e-14
 -2.0799999999999997e+01   9.4965016932506878e-11   6.9790706931150029e-14
 -2.0750000000000000e+01   9.4906532935192396e-11   6.9720335987208319e-14
 -2.0699999999999999e+01   9.4847439579420751e-11   6.9576695645624894e-14
 -2.0649999999999999e+01   9.4787734012238137e-11   6.9356486436613807e-14
 -2.0599999999999998e+01   9.4727413488789107e-11   6.9056331127495039e-14
 -2.0549999999999997e+01   9.4666475376240796e-11   6.8672774482371914e-14
 -2.0500000000000000e+01   9.4604917157723248e-11   6.8202283089654308e-14
 -2.0449999999999999e+01   9.4542736436324480e-11   6.7641245260812750e-14
 -2.0399999999999999e+01   9.4479930939095724e-11   6.6985971003932276e-14
 -2.0349999999999998e+01   9.4416498521114716e-11   6.6232692075500710e-14
 -2.0299999999999997e+01   9.4352437169572175e-11   6.5377562114260562e-14
 -2.0250000000000000e+01   9.4287745007848524e-11   6.4416656860786454e-14
 -2.0199999999999999e+01   9.4222420299637944e-11   6.3345974466635467e-14
 -2.0149999999999999e+01   9.4156461453091082e-11   6.2161435897108674e-14
 -2.0099999999999998e+01   9.4089867024977160e-11   6.0858885431557968e-14
 -2.0049999999999997e+01   9.4022635724836377e-11   5.9434091265486424e-14
 -2.0000000000000000e+01   9.3954766419139519e-11   5.7882746218579876e-14
 -1.9949999999999999e+01   9.3886258135480252e-11   5.6200468553044784e-14
 -1.9899999999999999e+01   9.3817110066735812e-11   5.4382802906728202e-14
 -1.9849999999999998e+01   9.3747321575221318e-11   5.2425221345427113e-14
 -1.9799999999999997e+01   9.3676892196840508e-11   5.0323124539127535e-14
 -1.9750000000000000e+01   9.3605821645246449e-11   4.8071843066777132e-14
 -1.9699999999999999e+01   9.3534109815938297e-11   4.5666638854566735e-14
 -1.9649999999999999e+01   9.3461756790351842e-11   4.3102706752406494e-14
 -1.9599999999999998e+01   9.3388762839926687e-11   4.0375176253835924e-14
 -1.9549999999999997e+01   9.3315128430135857e-11   3.7479113364297206e-14
 -1.9500000000000000e+01   9.3240854224455493e-11   3.4409522623097045e-14
 -1.9449999999999999e+01   9.3165941088297164e-11   3.1161349284242210e-14
 -1.9399999999999999e+01   9.3090390092895618e-11   2.7729481661633624e-14
 -1.9349999999999998e+01   9.3014202519125143e-11   2.4108753644055611e-14
 -1.9299999999999997e+01   9.2937379861237328e-11   2.0293947385559867e-14
 -1.9250000000000000e+01   9.2859923830543235e-11   1.6279796176876994e-14
 -1.9199999999999999e+01   9.2781836359009041e-11   1.2060987503697692e-14
 -1.9149999999999999e+01   9.2703119602755641e-11   7.6321662975943728e-15
 -1.9099999999999998e+01   9.2623775945460940e-11   2.9879383855814067e-15
 -1.9049999999999997e+01   9.2543808001659969e-11  -1.8771258556865103e-15
 -1.9000000000000000e+01   9.2463218619925579e-11  -6.9684876349269367e-15
 -1.8949999999999999e+01   9.2382010885935567e-11  -1.2291635664299556e-14
 -1.8899999999999999e+01   9.2300188125407029e-11  -1.7852081854191398e-14
 -1.8849999999999998e+01   9.2217753906878632e-11  -2.3655356778388891e-14
 -1.8799999999999997e+01   9.2134712044345232e-11  -2.9707004903193025e-14
 -1.8750000000000000e+01   9.2051066599736320e-11  -3.6012579573932665e-14
 -1.8699999999999999e+01   9.1966821885238753e-11  -4.2577637752328684e-14
 -1.8649999999999999e+01   9.1881982465423089e-11  -4.9407734497968982e-14
 -1.8599999999999998e+01   9.1796553159167970e-11  -5.6508417187247248e-14
 -1.8549999999999997e+01   9.1710539041397721e-11  -6.3885219462933028e-14
 -1.8500000000000000e+01   9.1623945444611284e-11  -7.1543654907499037e-14
 -1.8449999999999999e+01   9.1536777960178145e-11  -7.9489210433314569e-14
 -1.8399999999999999e+01   9.1449042439391021e-11  -8.7727339382726712e-14
 -1.8349999999999998e+01   9.1360744994273175e-11  -9.6263454331017756e-14
 -1.8299999999999997e+01   9.1271891998131275e-11  -1.0510291958517062e-13
 -1.8250000000000000e+01   9.1182490085826869e-11  -1.1425104337132229e-13
 -1.8199999999999999e+01   9.1092546153752043e-11  -1.2371306970378712e-13
 -1.8149999999999999e+01   9.1002067359506427e-11  -1.3349416992846318e-13
 -1.8099999999999998e+01   9.0911061121269497e-11  -1.4359943393342943e-13
 -1.8049999999999997e+01   9.0819535116833561e-11  -1.5403386101946962e-13
 -1.8000000000000000e+01   9.0727497282293895e-11  -1.6480235042336997e-13
 -1.7949999999999999e+01   9.0634955810357283e-11  -1.7590969148660817e-13
 -1.7899999999999999e+01   9.0541919148297982e-11  -1.8736055346238264e-13
 -1.7849999999999998e+01   9.0448395995521799e-11  -1.9915947495349727e-13
 -1.7799999999999997e+01   9.0354395300714158e-11  -2.1131085297405198e-13
 -1.7750000000000000e+01   9.0259926258570394e-11  -2.2381893162763765e-13
 -1.7699999999999999e+01   9.0164998306062609e-11  -2.3668779039479379e-13
 -1.7649999999999999e+01   9.0069621118260358e-11  -2.4992133202270798e-13
 -1.7600000000000001e+01   8.9973804603680973e-11  -2.6352327000985650e-13
 -1.7549999999999997e+01   8.9877558899146272e-11  -2.7749711567864686e-13
 -1.7500000000000000e+01   8.9780894364113827e-11  -2.9184616482893678e-13
 -1.7449999999999999e+01   8.9683821574476182e-11  -3.0657348396558126e-13
 -1.7399999999999999e+01   8.9586351315798382e-11  -3.2168189609300638e-13
 -1.7350000000000001e+01   8.9488494576003202e-11  -3.3717396607017184e-13
 -1.7299999999999997e+01   8.9390262537466649e-11  -3.5305198551904938e-13
 -1.7250000000000000e+01   8.9291666568490075e-11  -3.6931795728015724e-13
 -1.7199999999999999e+01   8.9192718214130497e-11  -3.8597357940860449e-13
 -1.7149999999999999e+01   8.9093429186379646e-11  -4.0302022870433891e-13
 -1.7100000000000001e+01   8.8993811353677748e-11  -4.2045894377036478e-13
 -1.7049999999999997e+01   8.8893876729737694e-11  -4.3829040759290069e-13
 -1.7000000000000000e+01   8.8793637461620055e-11  -4.5651492963748860e-13
 -1.6949999999999999e+01   8.8693105817070664e-11  -4.7513242745552049e-13
 -1.6899999999999999e+01   8.8592294171110847e-11  -4.9414240779548694e-13
 -1.6850000000000001e+01   8.8491214991830073e-11  -5.1354394721368846e-13
 -1.6799999999999997e+01   8.8389880825349713e-11  -5.3333567217930811e-13
 -1.6750000000000000e+01   8.8288304279953853e-11  -5.5351573866899989e-13
 -1.6699999999999999e+01   8.8186498009368650e-11  -5.7408181124633402e-13
 -1.6649999999999999e+01   8.8084474695146152e-11  -5.9503104162171996e-13
 -1.6600000000000001e+01   8.7982247028138695e-11  -6.1636004668882584e-13
 -1.6549999999999997e+01   8.7879827689019318e-11  -6.3806488603355479e-13
 -1.6500000000000000e+01   8.7777229327842763e-11  -6.6014103891229270e-13
 -1.6449999999999999e+01   8.7674464542627636e-11  -6.8258338069614678e-13
 -1.6399999999999999e+01   8.7571545856914674e-11  -7.0538615877844363e-13
 -1.6350000000000001e+01   8.7468485696261439e-11  -7.2854296794303769e-13
 -1.6299999999999997e+01   8.7365296363676874e-11  -7.5204672519149427e-13
 -1.6250000000000000e+01   8.7261990013961571e-11  -7.7588964402736605e-13
 -1.6199999999999999e+01   8.7158578626916612e-11  -8.0006320819649569e-13
 -1.6149999999999999e+01   8.7055073979382776e-11  -8.2455814488248529e-13
 -1.6100000000000001e+01   8.6951487616103733e-11  -8.4936439735719414e-13
 -1.6049999999999997e+01   8.6847830819371928e-11  -8.7447109708629137e-13
 -1.6000000000000000e+01   8.6744114577429065e-11  -8.9986653529075366e-13
 -1.5949999999999999e+01   8.6640349551601332e-11  -9.2553813396548274e-13
 -1.5899999999999999e+01   8.6536546042127044e-11  -9.5147241635686407e-13
 -1.5850000000000000e+01   8.6432713952646051e-11  -9.7765497690170905e-13
 -1.5799999999999999e+01   8.6328862753331081e-11  -1.0040704506305992e-12
 -1.5750000000000000e+01   8.6225001442630897e-11  -1.0307024820392610e-12
 -1.5699999999999999e+01   8.6121138507587240e-11  -1.0575336934323016e-12
 -1.5649999999999999e+01   8.6017281882693703e-11  -1.0845456527443179e-12
 -1.5600000000000000e+01   8.5913438907277802e-11  -1.1117188408441401e-12
 -1.5549999999999999e+01   8.5809616281364707e-11  -1.1390326183285985e-12
 -1.5500000000000000e+01   8.5705820019993729e-11  -1.1664651918131593e-12
 -1.5449999999999999e+01   8.5602055405963091e-11  -1.1939935797274282e-12
 -1.5399999999999999e+01   8.5498326940969327e-11  -1.2215935776244305e-12
 -1.5350000000000000e+01   8.5394638295098484e-11  -1.2492397230133881e-12
 -1.5299999999999999e+01   8.5290992254655876e-11  -1.2769052597267610e-12
 -1.5250000000000000e+01   8.5187390668296779e-11  -1.3045621018329965e-12
 -1.5199999999999999e+01   8.5083834391420517e-11  -1.3321807971076482e-12
 -1.5149999999999999e+01   8.4980323228808328e-11  -1.3597304900764036e-12
 -1.5100000000000000e+01   8.4876855875472446e-11  -1.3871788846445803e-12
 -1.5049999999999999e+01   8.4773429855674843e-11  -1.4144922063287613e-12
 -1.5000000000000000e+01   8.4670041460090233e-11  -1.4416351641073785e-12
 -1.4949999999999999e+01   8.4566685681096643e-11  -1.4685709119081666e-12
 -1.4899999999999999e+01   8.4463356146149899e-11  -1.4952610097515030e-12
 -1.4850000000000000e+01   8.4360045049214158e-11  -1.5216653845700791e-12
 -1.4799999999999999e+01   8.4256743080226634e-11  -1.5477422907264468e-12
 -1.4750000000000000e+01   8.4153439352547895e-11  -1.5734482702512497e-12
 -1.4699999999999999e+01   8.4050121328392805e-11  -1.5987381128266053e-12
 -1.4649999999999999e+01   8.3946774742210737e-11  -1.6235648155400412e-12
 -1.4600000000000000e+01   8.3843383521970741e-11  -1.6478795424361621e-12
 -1.4549999999999999e+01   8.3739929708340405e-11  -1.6716315838946722e-12
 -1.4500000000000000e+01   8.3636393371722676e-11  -1.6947683158646473e-12
 -1.4449999999999999e+01   8.3532752527132265e-11  -1.7172351589869109e-12
 -1.4400000000000000e+01   8.3428983046887147e-11  -1.7389755376376318e-12
 -1.4350000000000000e+01   8.3325058571079112e-11  -1.7599308389281328e-12
 -1.4299999999999999e+01   8.3220950415807529e-11  -1.7800403716976290e-12
 -1.4250000000000000e+01   8.3116627479153034e-11  -1.7992413255372246e-12
 -1.4199999999999999e+01   8.3012056144873993e-11  -1.8174687298855331e-12
 -1.4150000000000000e+01   8.2907200183802066e-11  -1.8346554132379614e-12
 -1.4100000000000000e+01   8.2802020652908421e-11  -1.8507319625137572e-12
 -1.4049999999999999e+01   8.2696475792025938e-11  -1.8656266826269002e-12
 -1.4000000000000000e+01   8.2590520918212937e-11  -1.8792655563088902e-12
 -1.3949999999999999e+01   8.2484108317745136e-11  -1.8915722042336698e-12
 -1.3900000000000000e+01   8.2377187135715978e-11  -1.9024678454970057e-12
 -1.3850000000000000e+01   8.2269703263227231e-11  -1.9118712585049341e-12
 -1.3799999999999999e+01   8.2161599222161638e-11  -1.9196987423281576e-12
 -1.3750000000000000e+01   8.2052814047524356e-11  -1.9258640785815721e-12
 -1.3699999999999999e+01   8.1943283167346643e-11  -1.9302784938906186e-12
 -1.3650000000000000e+01   8.1832938280143759e-11  -1.9328506230085099e-12
 -1.3600000000000000e+01   8.1721707229921507e-11  -1.9334864726510583e-12
 -1.3549999999999999e+01   8.1609513878725403e-11  -1.9320893861183622e-12
 -1.3500000000000000e+01   8.1496277976718446e-11  -1.9285600087752663e-12
 -1.3449999999999999e+01   8.1381915029810770e-11  -1.9227962544655459e-12
 -1.3400000000000000e+01   8.1266336164832060e-11  -1.9146932729370770e-12
 -1.3350000000000000e+01   8.1149447992245831e-11  -1.9041434183587700e-12
 -1.3299999999999999e+01   8.1031152466412260e-11  -1.8910362190125628e-12
 -1.3250000000000000e+01   8.0911346743411822e-11  -1.8752583482471422e-12
 -1.3199999999999999e+01   8.0789923036444505e-11  -1.8566935967830602e-12
 -1.3150000000000000e+01   8.0666768468814111e-11  -1.8352228464621763e-12
 -1.3100000000000000e+01   8.0541764924514294e-11  -1.8107240455377561e-12
 -1.3049999999999999e+01   8.0414788896435012e-11  -1.7830721856048669e-12
 -1.3000000000000000e+01   8.0285711332215406e-11  -1.7521392802743155e-12
 -1.2949999999999999e+01   8.0154397477765189e-11  -1.7177943456968540e-12
 -1.2900000000000000e+01   8.0020706718485518e-11  -1.6799033830482095e-12
 -1.2850000000000000e+01   7.9884492418222112e-11  -1.6383293630891648e-12
 -1.2799999999999999e+01   7.9745601755985962e-11  -1.5929322129188806e-12
 -1.2750000000000000e+01   7.9603875560481087e-11  -1.5435688050436148e-12
 -1.2699999999999999e+01   7.9459148142483362e-11  -1.4900929488870996e-12
 -1.2650000000000000e+01   7.9311247125120152e-11  -1.4323553848730781e-12
 -1.2600000000000000e+01   7.9159993272098068e-11  -1.3702037812147270e-12
 -1.2549999999999999e+01   7.9005200313940441e-11  -1.3034827335503109e-12
 -1.2500000000000000e+01   7.8846674772291812e-11  -1.2320337675687319e-12
 -1.2449999999999999e+01   7.8684215782354148e-11  -1.1556953447735425e-12
 -1.2400000000000000e+01   7.8517614913530174e-11  -1.0743028715386751e-12
 -1.2350000000000000e+01   7.8346655988344096e-11  -9.8768871161403894e-13
 -1.2299999999999999e+01   7.8171114899726572e-11  -8.9568220224439186e-13
 -1.2250000000000000e+01   7.7990759426748293e-11  -7.9810967406983998e-13
 -1.2199999999999999e+01   7.7805349048892110e-11  -6.9479447498189378e-13
 -1.2150000000000000e+01   7.7614634758969687e-11  -5.8555699811442661e-13
 -1.2100000000000000e+01   7.7418358874779129e-11  -4.7021471415442147e-13
 -1.2049999999999999e+01   7.7216254849617320e-11  -3.4858220816343847e-13
 -1.2000000000000000e+01   7.7008047081771112e-11  -2.2047122110649276e-13
 -1.1949999999999999e+01   7.6793450723107386e-11  -8.5690696291234231e-14
 -1.1900000000000000e+01   7.6572171486897113e-11   5.5953169073269623e-14
 -1.1850000000000000e+01   7.6343905455012051e-11   2.0465686698254042e-13
 -1.1799999999999999e+01   7.6108338884650375e-11   3.6061951618495407e-13
 -1.1750000000000000e+01   7.5865148014742772e-11   5.2404279394315965e-13
 -1.1699999999999999e+01   7.5613998872201848e-11   6.9513086177216869e-13
 -1.1650000000000000e+01   7.5354547078193162e-11   8.7409028491054899e-13
 -1.1600000000000000e+01   7.5086437654611118e-11   1.0611299452735933e-12
 -1.1549999999999999e+01   7.4809304830959481e-11   1.2564609476295502e-12
 -1.1500000000000000e+01   7.4522771851837905e-11   1.4602965187321804e-12
 -1.1449999999999999e+01   7.4226450785249836e-11   1.6728518991345415e-12
 -1.1400000000000000e+01   7.3919942331962101e-11   1.8943442274005373e-12
 -1.1350000000000000e+01   7.3602835636146286e-11   2.1249924164220975e-12
 -1.1299999999999999e+01   7.3274708097557629e-11   2.3650170215406619e-12
 -1.1250000000000000e+01   7.2935125185514968e-11   2.6146401001626160e-12
 -1.1199999999999999e+01   7.2583640254958679e-11   2.8740850625485224e-12
 -1.1150000000000000e+01   7.2219794364879341e-11   3.1435765134462573e-12
 -1.1100000000000000e+01   7.1843116099418537e-11   3.4233400842278745e-12
 -1.1049999999999999e+01   7.1453121391964879e-11   3.7136022551794305e-12
 -1.1000000000000000e+01   7.1049313352576831e-11   4.0145901675822202e-12
 -1.0949999999999999e+01   7.0631182099084337e-11   4.3265314252124487e-12
 -1.0900000000000000e+01   7.0198204592244967e-11   4.6496538848747758e-12
 -1.0850000000000000e+01   6.9749844475339460e-11   4.9841854355731302e-12
 -1.0799999999999999e+01   6.9285551918614700e-11   5.3303537659095968e-12
 -1.0750000000000000e+01   6.8804763469000435e-11   5.6883861192893453e-12
 -1.0699999999999999e+01   6.8306901905542982e-11   6.0585090364961198e-12
 -1.0650000000000000e+01   6.7791376101031141e-11   6.4409480851888857e-12
 -1.0600000000000000e+01   6.7257580890297125e-11   6.8359275758559750e-12
 -1.0549999999999999e+01   6.6704896945717787e-11   7.2436702637478764e-12
 -1.0500000000000000e+01   6.6132690660449226e-11   7.6643970362947056e-12
 -1.0449999999999999e+01   6.5540314039965568e-11   8.0983265854978597e-12
 -1.0400000000000000e+01   6.4927104602496500e-11   8.5456750647690772e-12
 -1.0350000000000000e+01   6.4292385288982545e-11   9.0066557296725097e-12
 -1.0299999999999999e+01   6.3635464383202487e-11   9.4814785620075021e-12
 -1.0250000000000000e+01   6.2955635442758067e-11   9.9703498766509392e-12
 -1.0199999999999999e+01   6.2252177241632460e-11   1.0473471910558661e-11
 -1.0150000000000000e+01   6.1524353725079328e-11   1.0991042393305007e-11
 -1.0100000000000000e+01   6.0771413977632121e-11   1.1523254098518533e-11
 -1.0050000000000001e+01   5.9992592205058721e-11   1.2070294375549865e-11
 -1.0000000000000000e+01   5.9187107731132350e-11   1.2632344660684796e-11
 -9.9499999999999993e+00   5.8354165010129800e-11   1.3209579967191797e-11
 -9.9000000000000004e+00   5.7492953656016780e-11   1.3802168353468118e-11
 -9.8499999999999996e+00   5.6602648489319422e-11   1.4410270368522830e-11
 -9.8000000000000007e+00   5.5682409602745093e-11   1.5034038474007850e-11
 -9.7500000000000000e+00   5.4731382446658723e-11   1.5673616441979687e-11
 -9.6999999999999993e+00   5.3748697935573978e-11   1.6329138727545076e-11
 -9.6500000000000004e+00   5.2733472576876563e-11   1.7000729815512697e-11
 -9.5999999999999996e+00   5.1684808623068859e-11   1.7688503540140792e-11
 -9.5500000000000007e+00   5.0601794248883815e-11   1.8392562377036639e-11
 -9.5000000000000000e+00   4.9483503754683240e-11   1.9112996706228483e-11
 -9.4499999999999993e+00   4.8328997797629112e-11   1.9849884045393377e-11
 -9.4000000000000004e+00   4.7137323652190842e-11   2.0603288252185552e-11
 -9.3499999999999996e+00   4.5907515501638241e-11   2.1373258694569220e-11
 -9.3000000000000007e+00   4.4638594762249167e-11   2.2159829388017109e-11
 -9.2500000000000000e+00   4.3329570442054332e-11   2.2963018098391245e-11
 -9.1999999999999993e+00   4.1979439536035745e-11   2.3782825409275525e-11
 -9.1500000000000004e+00   4.0587187459794855e-11   2.4619233752480492e-11
 -9.1000000000000014e+00   3.9151788523810998e-11   2.5472206400388811e-11
 -9.0500000000000007e+00   3.7672206450522723e-11   2.6341686418755833e-11
 -9.0000000000000000e+00   3.6147394936586326e-11   2.7227595578522279e-11
 -8.9499999999999993e+00   3.4576298262793433e-11   2.8129833225136411e-11
 -8.8999999999999986e+00   3.2957851954255299e-11   2.9048275103819644e-11
 -8.8500000000000014e+00   3.1290983493602157e-11   2.9982772139143302e-11
 -8.8000000000000007e+00   2.9574613090103597e-11   3.0933149167214495e-11
 -8.7500000000000000e+00   2.7807654507761871e-11   3.1899203618695096e-11
 -8.6999999999999993e+00   2.5989015955600140e-11   3.2880704150800809e-11
 -8.6499999999999986e+00   2.4117601043543031e-11   3.3877389226345453e-11
 -8.6000000000000014e+00   2.2192309807470338e-11   3.4888965637809578e-11
 -8.5500000000000007e+00   2.0212039807224756e-11   3.5915106974321822e-11
 -8.5000000000000000e+00   1.8175687301564645e-11   3.6955452029345666e-11
 -8.4499999999999993e+00   1.6082148504269296e-11   3.8009603146763480e-11
 -8.3999999999999986e+00   1.3930320925837025e-11   3.9077124502942857e-11
 -8.3500000000000014e+00   1.1719104805463946e-11   4.0157540322258033e-11
 -8.3000000000000007e+00   9.4474046382510624e-12   4.1250333023419963e-11
 -8.2500000000000000e+00   7.1141308028680147e-12   4.2354941293843360e-11
 -8.1999999999999993e+00   4.7182012951921611e-12   4.3470758089145944e-11
 -8.1499999999999986e+00   2.2585435737506328e-12   4.4597128554734858e-11
 -8.1000000000000014e+00  -2.6590347688036207e-13   4.5733347866286662e-11
 -8.0500000000000007e+00  -2.8561874582147411e-12   4.6878658985770095e-11
 -8.0000000000000000e+00  -5.5133402386625767e-12   4.8032250329494454e-11
 -7.9499999999999993e+00  -8.2383755957470555e-12   4.9193253344490453e-11
 -7.8999999999999986e+00  -1.1032286712060981e-11   5.0360739989343356e-11
 -7.8500000000000014e+00  -1.3896043516856975e-11   5.1533720115400844e-11
 -7.8000000000000007e+00  -1.6830589864708749e-11   5.2711138744068318e-11
 -7.7500000000000000e+00  -1.9836840542194132e-11   5.3891873235682151e-11
 -7.6999999999999993e+00  -2.2915678093031791e-11   5.5074730345215661e-11
 -7.6499999999999986e+00  -2.6067949451564661e-11   5.6258443159822197e-11
 -7.6000000000000014e+00  -2.9294462373907351e-11   5.7441667912954670e-11
 -7.5500000000000007e+00  -3.2595981655468324e-11   5.8622980669518684e-11
 -7.5000000000000000e+00  -3.5973225122914457e-11   5.9800873876217246e-11
 -7.4499999999999993e+00  -3.9426859387971944e-11   6.0973752770926675e-11
 -7.3999999999999986e+00  -4.2957495349740107e-11   6.2139931644605628e-11
 -7.3500000000000014e+00  -4.6565683431443613e-11   6.3297629948879287e-11
 -7.3000000000000007e+00  -5.0251908536752430e-11   6.4444968242059657e-11
 -7.2500000000000000e+00  -5.4016584709960225e-11   6.5579963965954849e-11
 -7.1999999999999993e+00  -5.7860049483430313e-11   6.6700527045388938e-11
 -7.1499999999999986e+00  -6.1782557894789433e-11   6.7804455301892845e-11
 -7.1000000000000014e+00  -6.5784276155368072e-11   6.8889429672536464e-11
 -7.0500000000000007e+00  -6.9865274950360277e-11   6.9953009224350201e-11
 -7.0000000000000000e+00  -7.4025522350091284e-11   7.0992625954227814e-11
 -6.9499999999999993e+00  -7.8264876310647944e-11   7.2005579363609242e-11
 -6.8999999999999986e+00  -8.2583076740933921e-11   7.2989030796610454e-11
 -6.8500000000000014e+00  -8.6979737111961936e-11   7.3939997529593259e-11
 -6.8000000000000007e+00  -9.1454335582886809e-11   7.4855346599449275e-11
 -6.7500000000000000e+00  -9.6006205616912968e-11   7.5731788357105895e-11
 -6.6999999999999993e+00  -1.0063452605878073e-10   7.6565869731943018e-11
 -6.6499999999999986e+00  -1.0533831064403913e-10   7.7353967191937095e-11
 -6.6000000000000014e+00  -1.1011639690876057e-10   7.8092279383415794e-11
 -6.5500000000000007e+00  -1.1496743446672839e-10   7.8776819433311627e-11
 -6.5000000000000000e+00  -1.1988987261945045e-10   7.9403406895739222e-11
 -6.4499999999999993e+00  -1.2488194726260320e-10   7.9967659323585439e-11
 -6.3999999999999986e+00  -1.2994166705071070e-10   8.0464983444588008e-11
 -6.3500000000000014e+00  -1.3506679877999805e-10   8.0890565920081643e-11
 -6.3000000000000007e+00  -1.4025485194744205e-10   8.1239363663204693e-11
 -6.2500000000000000e+00  -1.4550306244207462e-10   8.1506093691879285e-11
 -6.1999999999999993e+00  -1.5080837532258526e-10   8.1685222490293962e-11
 -6.1499999999999986e+00  -1.5616742663321879e-10   8.1770954850926784e-11
 -6.1000000000000014e+00  -1.6157652420788663e-10   8.1757222167337730e-11
 -6.0500000000000007e+00  -1.6703162741031747e-10   8.1637670146027003e-11
 -6.0000000000000000e+00  -1.7252832575597389e-10   8.1405645903589386e-11
 -5.9499999999999993e+00  -1.7806181635937362e-10   8.1054184413187436e-11
 -5.8999999999999986e+00  -1.8362688014839829e-10   8.0575994262008188e-11
 -5.8500000000000014e+00  -1.8921785678516720e-10   7.9963442678847519e-11
 -5.8000000000000007e+00  -1.9482861823113174e-10   7.9208539788277385e-11
 -5.7500000000000000e+00  -2.0045254089223003e-10   7.8302922044978563e-11
 -5.6999999999999993e+00  -2.0608247627827587e-10   7.7237834798758493e-11
 -5.6499999999999986e+00  -2.1171072010927755e-10   7.6004113937506278e-11
 -5.6000000000000014e+00  -2.1732897980014778e-10   7.4592166551856539e-11
 -5.5500000000000007e+00  -2.2292834025432510e-10   7.2991950561627356e-11
 -5.5000000000000000e+00  -2.2849922789625326e-10   7.1192953240155587e-11
 -5.4499999999999993e+00  -2.3403137287253535e-10   6.9184168568464511e-11
 -5.3999999999999986e+00  -2.3951376935198358e-10   6.6954073346754324e-11
 -5.3500000000000014e+00  -2.4493463385582400e-10   6.4490601985998973e-11
 -5.3000000000000007e+00  -2.5028136155112138e-10   6.1781119897453288e-11
 -5.2500000000000000e+00  -2.5554048044318574e-10   5.8812395392622087e-11
 -5.1999999999999993e+00  -2.6069760340648501e-10   5.5570570000712740e-11
 -5.1499999999999986e+00  -2.6573737799859072e-10   5.2041127104790788e-11
 -5.1000000000000014e+00  -2.7064343400815069e-10   4.8208858791789568e-11
 -5.0500000000000007e+00  -2.7539832869605001e-10   4.4057830805206497e-11
 -5.0000000000000000e+00  -2.7998348969908197e-10   3.9571345482771233e-11
 -4.9499999999999993e+00  -2.8437915557791828e-10   3.4731902554628412e-11
 -4.8999999999999986e+00  -2.8856431400633484e-10   2.9521157670686152e-11
 -4.8500000000000014e+00  -2.9251663761692648e-10   2.3919878518802724e-11
 -4.8000000000000007e+00  -2.9621241754044957e-10   1.7907898388499732e-11
 -4.7500000000000000e+00  -2.9962649470201064e-10   1.1464067028006549e-11
 -4.6999999999999993e+00  -3.0273218896825854e-10   4.5661986357954733e-12
 -4.6499999999999986e+00  -3.0550122627626302e-10  -2.8089831784682017e-12
 -4.6000000000000014e+00  -3.0790366391776324e-10  -1.0685903634243146e-11
 -4.5500000000000007e+00  -3.0990781420292985e-10  -1.9090198397081461e-11
 -4.5000000000000000e+00  -3.1148016678685949e-10  -2.8048778751097029e-11
 -4.4499999999999993e+00  -3.1258531001102513e-10  -3.7589900507574855e-11
 -4.3999999999999986e+00  -3.1318585169235627e-10  -4.7743236829973150e-11
 -4.3500000000000014e+00  -3.1324233988625727e-10  -5.8539955152351139e-11
 -4.3000000000000007e+00  -3.1271318425870025e-10  -7.0012798361421058e-11
 -4.2500000000000000e+00  -3.1155457882882512e-10  -8.2196170401007814e-11
 -4.1999999999999993e+00  -3.0972042698989874e-10  -9.5126226440525573e-11
 -4.1499999999999986e+00  -3.0716226988603104e-10  -1.0884096772471142e-10
 -4.1000000000000014e+00  -3.0382921941817611e-10  -1.2338034118854114e-10
 -4.0500000000000007e+00  -2.9966789737961462e-10  -1.3878634387686970e-10
 -4.0000000000000000e+00  -2.9462238248283174e-10  -1.5510313215031033e-10
 -3.9499999999999993e+00  -2.8863416734161861e-10  -1.7237713558407033e-10
 -3.8999999999999986e+00  -2.8164212782017803e-10  -1.9065717537112636e-10
 -3.8500000000000014e+00  -2.7358250756165277e-10  -2.0999458692069290e-10
 -3.8000000000000007e+00  -2.6438892096930694e-10  -2.3044334619192060e-10
 -3.7500000000000000e+00  -2.5399237844302892e-10  -2.5206019911455828e-10
 -3.6999999999999993e+00  -2.4232133828133796e-10  -2.7490479321498757e-10
 -3.6500000000000021e+00  -2.2930179035519855e-10  -2.9903981027809245e-10
 -3.6000000000000014e+00  -2.1485737745630204e-10  -3.2453109852150094e-10
 -3.5500000000000007e+00  -1.9890956113177337e-10  -3.5144780232528957e-10
 -3.5000000000000000e+00  -1.8137783985324962e-10  -3.7986248703118545e-10
 -3.4499999999999993e+00  -1.6218002854552840e-10  -4.0985125568158405e-10
 -3.4000000000000021e+00  -1.4123260983366738e-10  -4.4149385378785398e-10
 -3.3500000000000014e+00  -1.1845116887276136e-10  -4.7487375727308024e-10
 -3.3000000000000007e+00  -9.3750925316271664e-11  -5.1007823759587490e-10
 -3.2500000000000000e+00  -6.7047377869651873e-11  -5.4719839669359907e-10
 -3.1999999999999993e+00  -3.8257078975868685e-11  -5.8632916274449538e-10
 -3.1500000000000021e+00  -7.2985594926845993e-12  -6.2756923579258672e-10
 -3.1000000000000014e+00   2.5906574255498201e-11  -6.7102096995501368e-10
 -3.0500000000000007e+00   6.1432345951753720e-11  -7.1679017618204876e-10
 -3.0000000000000000e+00   9.9346889310076594e-11  -7.6498582630466729e-10
 -2.9499999999999993e+00   1.3971067169149826e-10  -8.1571963532069242e-10
 -2.9000000000000021e+00   1.8257442736416135e-10  -8.6910549447712445e-10
 -2.8500000000000014e+00   2.2797676359022004e-10  -9.2525872264913168e-10
 -2.8000000000000007e+00   2.7594140017257636e-10  -9.8429509775607788e-10
 -2.7500000000000000e+00   3.2647400113543179e-10  -1.0463296234792811e-09
 -2.6999999999999993e+00   3.7955855621569970e-10  -1.1114749793854343e-09
 -2.6500000000000021e+00   4.3515327030356689e-10  -1.1798395948101040e-09
 -2.6000000000000014e+00   4.9318592153996323e-10  -1.2515252787101998e-09
 -2.5500000000000007e+00   5.5354865429204240e-10  -1.3266243294820017e-09
 -2.5000000000000000e+00   6.1609218273768119e-10  -1.4052160409791213e-09
 -2.4499999999999993e+00   6.8061939559314575e-10  -1.4873625144205272e-09
 -2.4000000000000021e+00   7.4687837417057050e-10  -1.5731036816466130e-09
 -2.3500000000000014e+00   8.1455486626209781e-10  -1.6624514447662414e-09
 -2.3000000000000007e+00   8.8326429932972152e-10  -1.7553828426436699e-09
 -2.2500000000000000e+00   9.5254347024968328e-10  -1.8518321684828386e-09
 -2.1999999999999993e+00   1.0218421174394862e-09  -1.9516819881862957e-09
 -2.1500000000000021e+00   1.0905146661955733e-09  -2.0547530500194908e-09
 -2.1000000000000014e+00   1.1578125402180149e-09  -2.1607931367129483e-09
 -2.0500000000000007e+00   1.2228775507722100e-09  -2.2694649959985399e-09
 -2.0000000000000000e+00   1.2847370064916836e-09  -2.3803335988730629e-09
 -1.9499999999999993e+00   1.3423013247365455e-09  -2.4928531195710134e-09
 -1.9000000000000021e+00   1.3943650583279629e-09  -2.6063542077854639e-09
 -1.8500000000000014e+00   1.4396123623061321e-09  -2.7200323284075615e-09
 -1.8000000000000007e+00   1.4766279906423180e-09  -2.8329381670655907e-09
 -1.7500000000000000e+00   1.5039149028995912e-09  -2.9439713227996778e-09
 -1.6999999999999993e+00   1.5199194414353904e-09  -3.0518787039654381e-09
 -1.6500000000000021e+00   1.5230647757818699e-09  -3.1552591708075607e-09
 -1.6000000000000014e+00   1.5117928726966210e-09  -3.2525759796384979e-09
 -1.5500000000000007e+00   1.4846146227864737e-09  -3.3421784260300637e-09
 -1.5000000000000000e+00   1.4401669474000349e-09  -3.4223337085834514e-09
 -1.4499999999999993e+00   1.3772747681410564e-09  -3.4912694078985730e-09
 -1.4000000000000021e+00   1.2950147341800218e-09  -3.5472260963601459e-09
 -1.3500000000000014e+00   1.1927767003650810e-09  -3.5885185090184006e-09
 -1.3000000000000007e+00   1.0703182936912547e-09  -3.6136025160241457e-09
 -1.2500000000000000e+00   9.2780766480911832e-10  -3.6211439991309957e-09
 -1.1999999999999993e+00   7.6584983284104783e-10  -3.6100848422746202e-09
 -1.1500000000000021e+00   5.8549296350811213e-10  -3.5797007962578264e-09
 -1.1000000000000014e+00   3.8821243664931727e-10  -3.5296461254976853e-09
 -1.0500000000000007e+00   1.7587250666739578e-10  -3.4599807586632442e-09
 -1.0000000000000000e+00  -4.9332516810925425e-11  -3.3711770939394063e-09
 -9.4999999999999929e-01  -2.8495365326676739e-10  -3.2641054791677251e-09
 -9.0000000000000213e-01  -5.2837373958650887e-10  -3.1399994274174793e-09
 -8.5000000000000142e-01  -7.7689868697851409e-10  -3.0004035300096179e-09
 -8.0000000000000071e-01  -1.0278470742340699e-09  -2.8471085099688098e-09
 -7.5000000000000000e-01  -1.2786322907015170e-09  -2.6820787254731129e-09
 -6.9999999999999929e-01  -1.5268326675605380e-09  -2.5073776139344101e-09
 -6.5000000000000213e-01  -1.7702466089132093e-09  -2.3250961165124968e-09
 -6.0000000000000142e-01  -2.0069313818655617e-09  -2.1372881906084292e-09
 -5.5000000000000071e-01  -2.2352257499028797e-09  -1.9459163070941850e-09
 -5.0000000000000000e-01  -2.4537578151959582e-09  -1.7528085452892676e-09
 -4.4999999999999929e-01  -2.6614403174654516e-09  -1.5596277161744223e-09
 -4.0000000000000213e-01  -2.8574559671888339e-09  -1.3678519760286899e-09
 -3.5000000000000142e-01  -3.0412356983772962e-09  -1.1787657025253048e-09
 -3.0000000000000071e-01  -3.2124321688922805e-09  -9.9345898305461278e-10
 -2.5000000000000000e-01  -3.3708912451785227e-09  -8.1283390643237045e-10
 -1.9999999999999929e-01  -3.5166224195353497e-09  -6.3761584824173149e-10
 -1.5000000000000213e-01  -3.6497711625939103e-09  -4.6836813426943147e-10
 -1.0000000000000142e-01  -3.7705913133337709e-09  -3.0550859349835783e-10
 -5.0000000000000711e-02  -3.8794233784112656e-09  -1.4932674369056455e-10
  0.0000000000000000e+00  -3.9766706336998352e-09   0.0000000000000000e+00
