# Columns: x, u, lamda
# time_step 200
# time   2.0000000000000000e+00
 -2.5149999999999999e+01   1.0031557898712688e-10   1.6720368497642801e-11
 -2.5099999999999998e+01   1.0031557898712688e-10   1.6720368497642801e-11
 -2.5049999999999997e+01   1.0031557898712688e-10   1.6720368497642801e-11
 -2.5000000000000000e+01   1.0031557898712688e-10   1.6720368497642801e-11
 -2.4949999999999999e+01   1.0031919558084120e-10   1.6717781842541974e-11
 -2.4899999999999999e+01   1.0032269109929572e-10   1.6716387208740504e-11
 -2.4849999999999998e+01   1.0032758811828572e-10   1.6714225480267141e-11
 -2.4799999999999997e+01   1.0033224354775766e-10   1.6712445205329175e-11
 -2.4750000000000000e+01   1.0033705743289288e-10   1.6710386169475510e-11
 -2.4699999999999999e+01   1.0034153571940810e-10   1.6708428497327244e-11
 -2.4649999999999999e+01   1.0034587296409271e-10   1.6706355959092535e-11
 -2.4599999999999998e+01   1.0034993944861369e-10   1.6704306235604021e-11
 -2.4549999999999997e+01   1.0035388333424509e-10   1.6702206357791789e-11
 -2.4500000000000000e+01   1.0035778360881874e-10   1.6700098585130911e-11
 -2.4449999999999999e+01   1.0036175903949161e-10   1.6697958231915683e-11
 -2.4399999999999999e+01   1.0036581854335733e-10   1.6695799103174887e-11
 -2.4349999999999998e+01   1.0036994622066226e-10   1.6693612829913081e-11
 -2.4299999999999997e+01   1.0037411188622390e-10   1.6691403805633419e-11
 -2.4250000000000000e+01   1.0037831335306398e-10   1.6689169070826236e-11
 -2.4199999999999999e+01   1.0038255736833430e-10   1.6686909894517630e-11
 -2.4149999999999999e+01   1.0038685203658887e-10   1.6684625106488426e-11
 -2.4099999999999998e+01   1.0039119785036359e-10   1.6682314935774404e-11
 -2.4049999999999997e+01   1.0039559329287705e-10   1.6679978800966123e-11
 -2.4000000000000000e+01   1.0040003742810594e-10   1.6677616582098285e-11
 -2.3949999999999999e+01   1.0040453121610614e-10   1.6675227888513834e-11
 -2.3899999999999999e+01   1.0040907580426036e-10   1.6672812480186143e-11
 -2.3849999999999998e+01   1.0041367196367527e-10   1.6670370025184482e-11
 -2.3799999999999997e+01   1.0041832009136525e-10   1.6667900239188598e-11
 -2.3750000000000000e+01   1.0042302066397136e-10   1.6665402805147036e-11
 -2.3699999999999999e+01   1.0042777428747391e-10   1.6662877419446203e-11
 -2.3649999999999999e+01   1.0043258162230522e-10   1.6660323765285401e-11
 -2.3599999999999998e+01   1.0043744329332571e-10   1.6657741527933342e-11
 -2.3549999999999997e+01   1.0044235990891833e-10   1.6655130385889841e-11
 -2.3500000000000000e+01   1.0044733208661427e-10   1.6652490015906740e-11
 -2.3449999999999999e+01   1.0045236046310558e-10   1.6649820090036727e-11
 -2.3399999999999999e+01   1.0045744568408978e-10   1.6647120277266560e-11
 -2.3349999999999998e+01   1.0046258840012352e-10   1.6644390242512761e-11
 -2.3299999999999997e+01   1.0046778926746151e-10   1.6641629647133841e-11
 -2.3250000000000000e+01   1.0047304895065105e-10   1.6638838148569417e-11
 -2.3199999999999999e+01   1.0047836812264458e-10   1.6636015400480499e-11
 -2.3149999999999999e+01   1.0048374746433493e-10   1.6633161052601308e-11
 -2.3099999999999998e+01   1.0048918766433752e-10   1.6630274750755665e-11
 -2.3049999999999997e+01   1.0049468941926909e-10   1.6627356136778354e-11
 -2.3000000000000000e+01   1.0050025343394467e-10   1.6624404848490413e-11
 -2.2949999999999999e+01   1.0050588042147346e-10   1.6621420519642350e-11
 -2.2899999999999999e+01   1.0051157110331224e-10   1.6618402779875098e-11
 -2.2849999999999998e+01   1.0051732620936657e-10   1.6615351254669806e-11
 -2.2799999999999997e+01   1.0052314647810056e-10   1.6612265565303823e-11
 -2.2750000000000000e+01   1.0052903265664705e-10   1.6609145328801627e-11
 -2.2699999999999999e+01   1.0053498550091030e-10   1.6605990157888435e-11
 -2.2649999999999999e+01   1.0054100577567559e-10   1.6602799660940748e-11
 -2.2599999999999998e+01   1.0054709425471755e-10   1.6599573441938634e-11
 -2.2549999999999997e+01   1.0055325172091101e-10   1.6596311100415503e-11
 -2.2500000000000000e+01   1.0055947896634193e-10   1.6593012231408563e-11
 -2.2449999999999999e+01   1.0056577679242035e-10   1.6589676425408037e-11
 -2.2399999999999999e+01   1.0057214600999286e-10   1.6586303268306752e-11
 -2.2349999999999998e+01   1.0057858743945994e-10   1.6582892341347962e-11
 -2.2299999999999997e+01   1.0058510191089572e-10   1.6579443221073325e-11
 -2.2250000000000000e+01   1.0059169026416654e-10   1.6575955479270560e-11
 -2.2199999999999999e+01   1.0059835334905362e-10   1.6572428682919315e-11
 -2.2149999999999999e+01   1.0060509202537395e-10   1.6568862394138084e-11
 -2.2099999999999998e+01   1.0061190716310421e-10   1.6565256170129066e-11
 -2.2049999999999997e+01   1.0061879964250557e-10   1.6561609563123410e-11
 -2.2000000000000000e+01   1.0062577035425228e-10   1.6557922120325180e-11
 -2.1949999999999999e+01   1.0063282019956082e-10   1.6554193383855345e-11
 -2.1899999999999999e+01   1.0063995009032060e-10   1.6550422890694782e-11
 -2.1849999999999998e+01   1.0064716094922769e-10   1.6546610172626330e-11
 -2.1799999999999997e+01   1.0065445370991839e-10   1.6542754756176995e-11
 -2.1750000000000000e+01   1.0066182931710611e-10   1.6538856162558714e-11
 -2.1699999999999999e+01   1.0066928872671893e-10   1.6534913907609205e-11
 -2.1649999999999999e+01   1.0067683290603976e-10   1.6530927501731608e-11
 -2.1599999999999998e+01   1.0068446283384840e-10   1.6526896449833553e-11
 -2.1549999999999997e+01   1.0069217950056509e-10   1.6522820251265851e-11
 -2.1500000000000000e+01   1.0069998390839628e-10   1.6518698399760172e-11
 -2.1449999999999999e+01   1.0070787707148093e-10   1.6514530383366552e-11
 -2.1399999999999999e+01   1.0071586001604185e-10   1.6510315684389381e-11
 -2.1349999999999998e+01   1.0072393378053770e-10   1.6506053779323483e-11
 -2.1299999999999997e+01   1.0073209941581588e-10   1.6501744138789268e-11
 -2.1250000000000000e+01   1.0074035798526907e-10   1.6497386227466769e-11
 -2.1199999999999999e+01   1.0074871056499246e-10   1.6492979504029795e-11
 -2.1149999999999999e+01   1.0075715824394488e-10   1.6488523421078326e-11
 -2.1099999999999998e+01   1.0076570212411029e-10   1.6484017425071266e-11
 -2.1049999999999997e+01   1.0077434332066326e-10   1.6479460956257358e-11
 -2.1000000000000000e+01   1.0078308296213407e-10   1.6474853448606664e-11
 -2.0949999999999999e+01   1.0079192219057911e-10   1.6470194329739716e-11
 -2.0899999999999999e+01   1.0080086216175179e-10   1.6465483020857559e-11
 -2.0849999999999998e+01   1.0080990404527713e-10   1.6460718936669700e-11
 -2.0799999999999997e+01   1.0081904902482812e-10   1.6455901485322074e-11
 -2.0750000000000000e+01   1.0082829829830351e-10   1.6451030068324074e-11
 -2.0699999999999999e+01   1.0083765307800979e-10   1.6446104080474362e-11
 -2.0649999999999999e+01   1.0084711459084449e-10   1.6441122909786586e-11
 -2.0599999999999998e+01   1.0085668407848190e-10   1.6436085937413957e-11
 -2.0549999999999997e+01   1.0086636279756194e-10   1.6430992537572869e-11
 -2.0500000000000000e+01   1.0087615201988207e-10   1.6425842077465900e-11
 -2.0449999999999999e+01   1.0088605303259032e-10   1.6420633917204233e-11
 -2.0399999999999999e+01   1.0089606713838324e-10   1.6415367409728589e-11
 -2.0349999999999998e+01   1.0090619565570457e-10   1.6410041900730235e-11
 -2.0299999999999997e+01   1.0091643991894791e-10   1.6404656728570333e-11
 -2.0250000000000000e+01   1.0092680127866267e-10   1.6399211224198755e-11
 -2.0199999999999999e+01   1.0093728110176118e-10   1.6393704711072375e-11
 -2.0149999999999999e+01   1.0094788077172959e-10   1.6388136505071940e-11
 -2.0099999999999998e+01   1.0095860168884125e-10   1.6382505914418590e-11
 -2.0049999999999997e+01   1.0096944527037459e-10   1.6376812239589030e-11
 -2.0000000000000000e+01   1.0098041295083347e-10   1.6371054773230247e-11
 -1.9949999999999999e+01   1.0099150618216943e-10   1.6365232800073291e-11
 -1.9899999999999999e+01   1.0100272643400855e-10   1.6359345596845733e-11
 -1.9849999999999998e+01   1.0101407519388050e-10   1.6353392432183837e-11
 -1.9799999999999997e+01   1.0102555396745162e-10   1.6347372566543361e-11
 -1.9750000000000000e+01   1.0103716427875965e-10   1.6341285252109998e-11
 -1.9699999999999999e+01   1.0104890767045451e-10   1.6335129732708006e-11
 -1.9649999999999999e+01   1.0106078570404079e-10   1.6328905243709046e-11
 -1.9599999999999998e+01   1.0107279996012430e-10   1.6322611011939160e-11
 -1.9549999999999997e+01   1.0108495203866133e-10   1.6316246255585441e-11
 -1.9500000000000000e+01   1.0109724355921252e-10   1.6309810184101285e-11
 -1.9449999999999999e+01   1.0110967616119944e-10   1.6303301998111166e-11
 -1.9399999999999999e+01   1.0112225150416486e-10   1.6296720889314182e-11
 -1.9349999999999998e+01   1.0113497126803716e-10   1.6290066040386756e-11
 -1.9299999999999997e+01   1.0114783715339923e-10   1.6283336624884273e-11
 -1.9250000000000000e+01   1.0116085088176054e-10   1.6276531807142054e-11
 -1.9199999999999999e+01   1.0117401419583336e-10   1.6269650742174987e-11
 -1.9149999999999999e+01   1.0118732885981282e-10   1.6262692575576466e-11
 -1.9099999999999998e+01   1.0120079665966070e-10   1.6255656443416223e-11
 -1.9049999999999997e+01   1.0121441940339298e-10   1.6248541472137362e-11
 -1.9000000000000000e+01   1.0122819892137249e-10   1.6241346778452173e-11
 -1.8949999999999999e+01   1.0124213706660514e-10   1.6234071469237276e-11
 -1.8899999999999999e+01   1.0125623571504089e-10   1.6226714641427559e-11
 -1.8849999999999998e+01   1.0127049676587930e-10   1.6219275381909158e-11
 -1.8799999999999997e+01   1.0128492214187946e-10   1.6211752767411567e-11
 -1.8750000000000000e+01   1.0129951378967450e-10   1.6204145864398639e-11
 -1.8699999999999999e+01   1.0131427368008977e-10   1.6196453728958851e-11
 -1.8649999999999999e+01   1.0132920380846670e-10   1.6188675406694184e-11
 -1.8599999999999998e+01   1.0134430619499098e-10   1.6180809932608314e-11
 -1.8549999999999997e+01   1.0135958288502499e-10   1.6172856330993826e-11
 -1.8500000000000000e+01   1.0137503594944551e-10   1.6164813615318343e-11
 -1.8449999999999999e+01   1.0139066748498674e-10   1.6156680788109685e-11
 -1.8399999999999999e+01   1.0140647961458875e-10   1.6148456840840096e-11
 -1.8349999999999998e+01   1.0142247448775067e-10   1.6140140753809468e-11
 -1.8299999999999997e+01   1.0143865428088845e-10   1.6131731496027638e-11
 -1.8250000000000000e+01   1.0145502119769803e-10   1.6123228025095594e-11
 -1.8199999999999999e+01   1.0147157746952410e-10   1.6114629287085869e-11
 -1.8149999999999999e+01   1.0148832535573454e-10   1.6105934216421899e-11
 -1.8099999999999998e+01   1.0150526714410018e-10   1.6097141735756532e-11
 -1.8049999999999997e+01   1.0152240515118067e-10   1.6088250755849339e-11
 -1.8000000000000000e+01   1.0153974172271502e-10   1.6079260175443370e-11
 -1.7949999999999999e+01   1.0155727923401929e-10   1.6070168881140453e-11
 -1.7899999999999999e+01   1.0157502009038844e-10   1.6060975747276243e-11
 -1.7849999999999998e+01   1.0159296672750554e-10   1.6051679635793749e-11
 -1.7799999999999997e+01   1.0161112161185687e-10   1.6042279396116327e-11
 -1.7750000000000000e+01   1.0162948724115233e-10   1.6032773865019715e-11
 -1.7699999999999999e+01   1.0164806614475298e-10   1.6023161866502988e-11
 -1.7649999999999999e+01   1.0166686088410402e-10   1.6013442211659057e-11
 -1.7600000000000001e+01   1.0168587405317515e-10   1.6003613698543950e-11
 -1.7549999999999997e+01   1.0170510827890721e-10   1.5993675112045562e-11
 -1.7500000000000000e+01   1.0172456622166580e-10   1.5983625223751300e-11
 -1.7449999999999999e+01   1.0174425057570071e-10   1.5973462791815238e-11
 -1.7399999999999999e+01   1.0176416406961292e-10   1.5963186560824170e-11
 -1.7350000000000001e+01   1.0178430946682810e-10   1.5952795261663399e-11
 -1.7299999999999997e+01   1.0180468956607768e-10   1.5942287611381344e-11
 -1.7250000000000000e+01   1.0182530720188710e-10   1.5931662313053699e-11
 -1.7199999999999999e+01   1.0184616524507117e-10   1.5920918055646849e-11
 -1.7149999999999999e+01   1.0186726660323646e-10   1.5910053513880674e-11
 -1.7100000000000001e+01   1.0188861422129104e-10   1.5899067348090774e-11
 -1.7049999999999997e+01   1.0191021108196159e-10   1.5887958204090205e-11
 -1.7000000000000000e+01   1.0193206020631972e-10   1.5876724713030351e-11
 -1.6949999999999999e+01   1.0195416465431532e-10   1.5865365491261757e-11
 -1.6899999999999999e+01   1.0197652752531777e-10   1.5853879140194262e-11
 -1.6850000000000001e+01   1.0199915195866498e-10   1.5842264246156693e-11
 -1.6799999999999997e+01   1.0202204113422131e-10   1.5830519380256208e-11
 -1.6750000000000000e+01   1.0204519827294296e-10   1.5818643098237445e-11
 -1.6699999999999999e+01   1.0206862663745186e-10   1.5806633940341337e-11
 -1.6649999999999999e+01   1.0209232953261830e-10   1.5794490431163637e-11
 -1.6600000000000001e+01   1.0211631030615183e-10   1.5782211079513469e-11
 -1.6549999999999997e+01   1.0214057234920208e-10   1.5769794378271508e-11
 -1.6500000000000000e+01   1.0216511909696763e-10   1.5757238804248449e-11
 -1.6449999999999999e+01   1.0218995402931375e-10   1.5744542818043350e-11
 -1.6399999999999999e+01   1.0221508067139924e-10   1.5731704863902031e-11
 -1.6350000000000001e+01   1.0224050259431313e-10   1.5718723369575698e-11
 -1.6299999999999997e+01   1.0226622341572006e-10   1.5705596746179953e-11
 -1.6250000000000000e+01   1.0229224680051513e-10   1.5692323388054013e-11
 -1.6199999999999999e+01   1.0231857646148888e-10   1.5678901672620413e-11
 -1.6149999999999999e+01   1.0234521616000231e-10   1.5665329960245152e-11
 -1.6100000000000001e+01   1.0237216970667100e-10   1.5651606594098679e-11
 -1.6049999999999997e+01   1.0239944096205941e-10   1.5637729900017308e-11
 -1.6000000000000000e+01   1.0242703383738531e-10   1.5623698186365707e-11
 -1.5949999999999999e+01   1.0245495229523442e-10   1.5609509743900287e-11
 -1.5899999999999999e+01   1.0248320035028529e-10   1.5595162845633573e-11
 -1.5850000000000000e+01   1.0251178207004495e-10   1.5580655746699822e-11
 -1.5799999999999999e+01   1.0254070157559500e-10   1.5565986684222025e-11
 -1.5750000000000000e+01   1.0256996304234822e-10   1.5551153877180301e-11
 -1.5699999999999999e+01   1.0259957070081617e-10   1.5536155526281925e-11
 -1.5649999999999999e+01   1.0262952883738792e-10   1.5520989813833088e-11
 -1.5600000000000000e+01   1.0265984179511935e-10   1.5505654903612733e-11
 -1.5549999999999999e+01   1.0269051397453387e-10   1.5490148940748289e-11
 -1.5500000000000000e+01   1.0272154983443434e-10   1.5474470051593854e-11
 -1.5449999999999999e+01   1.0275295389272649e-10   1.5458616343610762e-11
 -1.5399999999999999e+01   1.0278473072725338e-10   1.5442585905250833e-11
 -1.5350000000000000e+01   1.0281688497664218e-10   1.5426376805842445e-11
 -1.5299999999999999e+01   1.0284942134116177e-10   1.5409987095479843e-11
 -1.5250000000000000e+01   1.0288234458359215e-10   1.5393414804915613e-11
 -1.5199999999999999e+01   1.0291565953010618e-10   1.5376657945456786e-11
 -1.5149999999999999e+01   1.0294937107116306e-10   1.5359714508864797e-11
 -1.5100000000000000e+01   1.0298348416241354e-10   1.5342582467259461e-11
 -1.5049999999999999e+01   1.0301800382561755e-10   1.5325259773027305e-11
 -1.5000000000000000e+01   1.0305293514957355e-10   1.5307744358734577e-11
 -1.4949999999999999e+01   1.0308828329105987e-10   1.5290034137045268e-11
 -1.4899999999999999e+01   1.0312405347578865e-10   1.5272127000644308e-11
 -1.4850000000000000e+01   1.0316025099937188e-10   1.5254020822166453e-11
 -1.4799999999999999e+01   1.0319688122829950e-10   1.5235713454131188e-11
 -1.4750000000000000e+01   1.0323394960093055e-10   1.5217202728883784e-11
 -1.4699999999999999e+01   1.0327146162849565e-10   1.5198486458543399e-11
 -1.4649999999999999e+01   1.0330942289611185e-10   1.5179562434958109e-11
 -1.4600000000000000e+01   1.0334783906381017e-10   1.5160428429667551e-11
 -1.4549999999999999e+01   1.0338671586757487e-10   1.5141082193873732e-11
 -1.4500000000000000e+01   1.0342605912039546e-10   1.5121521458420194e-11
 -1.4449999999999999e+01   1.0346587471333036e-10   1.5101743933780350e-11
 -1.4400000000000000e+01   1.0350616861658264e-10   1.5081747310055225e-11
 -1.4350000000000000e+01   1.0354694688058811e-10   1.5061529256981378e-11
 -1.4299999999999999e+01   1.0358821563711471e-10   1.5041087423949504e-11
 -1.4250000000000000e+01   1.0362998110037371e-10   1.5020419440034223e-11
 -1.4199999999999999e+01   1.0367224956814245e-10   1.4999522914035923e-11
 -1.4150000000000000e+01   1.0371502742289839e-10   1.4978395434535118e-11
 -1.4100000000000000e+01   1.0375832113296449e-10   1.4957034569960080e-11
 -1.4049999999999999e+01   1.0380213725366541e-10   1.4935437868668581e-11
 -1.4000000000000000e+01   1.0384648242849414e-10   1.4913602859044374e-11
 -1.3949999999999999e+01   1.0389136339028887e-10   1.4891527049609378e-11
 -1.3900000000000000e+01   1.0393678696242008e-10   1.4869207929152301e-11
 -1.3850000000000000e+01   1.0398276005998744e-10   1.4846642966874661e-11
 -1.3799999999999999e+01   1.0402928969102570e-10   1.4823829612555142e-11
 -1.3750000000000000e+01   1.0407638295771953e-10   1.4800765296733292e-11
 -1.3699999999999999e+01   1.0412404705762651e-10   1.4777447430913590e-11
 -1.3650000000000000e+01   1.0417228928490821e-10   1.4753873407790995e-11
 -1.3600000000000000e+01   1.0422111703156823e-10   1.4730040601499092e-11
 -1.3549999999999999e+01   1.0427053778869685e-10   1.4705946367882108e-11
 -1.3500000000000000e+01   1.0432055914772188e-10   1.4681588044791998e-11
 -1.3449999999999999e+01   1.0437118880166408e-10   1.4656962952412150e-11
 -1.3400000000000000e+01   1.0442243454639733e-10   1.4632068393608738e-11
 -1.3350000000000000e+01   1.0447430428191224e-10   1.4606901654311574e-11
 -1.3299999999999999e+01   1.0452680601358266e-10   1.4581460003925802e-11
 -1.3250000000000000e+01   1.0457994785343334e-10   1.4555740695776170e-11
 -1.3199999999999999e+01   1.0463373802140799e-10   1.4529740967585607e-11
 -1.3150000000000000e+01   1.0468818484663673e-10   1.4503458041989844e-11
 -1.3100000000000000e+01   1.0474329676870130e-10   1.4476889127090083e-11
 -1.3049999999999999e+01   1.0479908233889720e-10   1.4450031417045652e-11
 -1.3000000000000000e+01   1.0485555022149082e-10   1.4422882092708804e-11
 -1.2949999999999999e+01   1.0491270919497012e-10   1.4395438322303857e-11
 -1.2900000000000000e+01   1.0497056815328716e-10   1.4367697262153067e-11
 -1.2850000000000000e+01   1.0502913610709058e-10   1.4339656057451688e-11
 -1.2799999999999999e+01   1.0508842218494612e-10   1.4311311843094757e-11
 -1.2750000000000000e+01   1.0514843563454315e-10   1.4282661744558434e-11
 -1.2699999999999999e+01   1.0520918582388478e-10   1.4253702878838737e-11
 -1.2650000000000000e+01   1.0527068224245910e-10   1.4224432355450765e-11
 -1.2600000000000000e+01   1.0533293450238927e-10   1.4194847277491491e-11
 -1.2549999999999999e+01   1.0539595233955939e-10   1.4164944742769684e-11
 -1.2500000000000000e+01   1.0545974561471354e-10   1.4134721845006344e-11
 -1.2449999999999999e+01   1.0552432431452437e-10   1.4104175675109515e-11
 -1.2400000000000000e+01   1.0558969855262802e-10   1.4073303322527476e-11
 -1.2350000000000000e+01   1.0565587857062192e-10   1.4042101876684314e-11
 -1.2299999999999999e+01   1.0572287473902105e-10   1.4010568428502526e-11
 -1.2250000000000000e+01   1.0579069755816898e-10   1.3978700072017099e-11
 -1.2199999999999999e+01   1.0585935765909930e-10   1.3946493906086080e-11
 -1.2150000000000000e+01   1.0592886580434230e-10   1.3913947036202858e-11
 -1.2100000000000000e+01   1.0599923288867222e-10   1.3881056576415506e-11
 -1.2049999999999999e+01   1.0607046993978965e-10   1.3847819651359094e-11
 -1.2000000000000000e+01   1.0614258811893277e-10   1.3814233398407050e-11
 -1.1949999999999999e+01   1.0621559872141179e-10   1.3780294969947959e-11
 -1.1900000000000000e+01   1.0628951317705975e-10   1.3746001535794742e-11
 -1.1850000000000000e+01   1.0636434305059269e-10   1.3711350285733323e-11
 -1.1799999999999999e+01   1.0644010004187139e-10   1.3676338432218531e-11
 -1.1750000000000000e+01   1.0651679598605722e-10   1.3640963213225142e-11
 -1.1699999999999999e+01   1.0659444285365327e-10   1.3605221895262775e-11
 -1.1650000000000000e+01   1.0667305275042158e-10   1.3569111776563580e-11
 -1.1600000000000000e+01   1.0675263791716641e-10   1.3532630190452281e-11
 -1.1549999999999999e+01   1.0683321072937319e-10   1.3495774508908781e-11
 -1.1500000000000000e+01   1.0691478369669225e-10   1.3458542146333945e-11
 -1.1449999999999999e+01   1.0699736946225532e-10   1.3420930563530006e-11
 -1.1400000000000000e+01   1.0708098080181196e-10   1.3382937271907627e-11
 -1.1350000000000000e+01   1.0716563062267243e-10   1.3344559837932325e-11
 -1.1299999999999999e+01   1.0725133196244269e-10   1.3305795887823887e-11
 -1.1250000000000000e+01   1.0733809798753532e-10   1.3266643112523034e-11
 -1.1199999999999999e+01   1.0742594199144055e-10   1.3227099272940635e-11
 -1.1150000000000000e+01   1.0751487739273901e-10   1.3187162205505604e-11
 -1.1100000000000000e+01   1.0760491773283809e-10   1.3146829828028642e-11
 -1.1049999999999999e+01   1.0769607667341106e-10   1.3106100145900048e-11
 -1.1000000000000000e+01   1.0778836799351773e-10   1.3064971258640945e-11
 -1.0949999999999999e+01   1.0788180558638330e-10   1.3023441366828516e-11
 -1.0900000000000000e+01   1.0797640345581075e-10   1.2981508779417079e-11
 -1.0850000000000000e+01   1.0807217571220038e-10   1.2939171921478290e-11
 -1.0799999999999999e+01   1.0816913656814822e-10   1.2896429342385186e-11
 -1.0750000000000000e+01   1.0826730033359328e-10   1.2853279724466412e-11
 -1.0699999999999999e+01   1.0836668141048143e-10   1.2809721892158572e-11
 -1.0650000000000000e+01   1.0846729428691088e-10   1.2765754821686668e-11
 -1.0600000000000000e+01   1.0856915353072278e-10   1.2721377651304273e-11
 -1.0549999999999999e+01   1.0867227378249668e-10   1.2676589692127460e-11
 -1.0500000000000000e+01   1.0877666974790919e-10   1.2631390439598429e-11
 -1.0449999999999999e+01   1.0888235618940986e-10   1.2585779585617527e-11
 -1.0400000000000000e+01   1.0898934791716571e-10   1.2539757031384576e-11
 -1.0350000000000000e+01   1.0909765977922242e-10   1.2493322900993566e-11
 -1.0299999999999999e+01   1.0920730665082621e-10   1.2446477555827379e-11
 -1.0250000000000000e+01   1.0931830342284635e-10   1.2399221609802729e-11
 -1.0199999999999999e+01   1.0943066498923425e-10   1.2351555945518715e-11
 -1.0150000000000000e+01   1.0954440623344989e-10   1.2303481731366245e-11
 -1.0100000000000000e+01   1.0965954201378164e-10   1.2255000439659440e-11
 -1.0050000000000001e+01   1.0977608714748031e-10   1.2206113865854572e-11
 -1.0000000000000000e+01   1.0989405639362196e-10   1.2156824148926575e-11
 -9.9499999999999993e+00   1.1001346443460791e-10   1.2107133792978260e-11
 -9.9000000000000004e+00   1.1013432585620329e-10   1.2057045690162758e-11
 -9.8499999999999996e+00   1.1025665512600877e-10   1.2006563145005420e-11
 -9.8000000000000007e+00   1.1038046657025097e-10   1.1955689900217854e-11
 -9.7500000000000000e+00   1.1050577434876987e-10   1.1904430164103375e-11
 -9.6999999999999993e+00   1.1063259242807113e-10   1.1852788639660700e-11
 -9.6500000000000004e+00   1.1076093455230213e-10   1.1800770555500448e-11
 -9.5999999999999996e+00   1.1089081421199839e-10   1.1748381698697836e-11
 -9.5500000000000007e+00   1.1102224461043599e-10   1.1695628449714071e-11
 -9.5000000000000000e+00   1.1115523862741290e-10   1.1642517819529203e-11
 -9.4499999999999993e+00   1.1128980878026819e-10   1.1589057489140045e-11
 -9.4000000000000004e+00   1.1142596718193310e-10   1.1535255851588723e-11
 -9.3499999999999996e+00   1.1156372549579068e-10   1.1481122056700441e-11
 -9.3000000000000007e+00   1.1170309488710447e-10   1.1426666058722817e-11
 -9.2500000000000000e+00   1.1184408597075608e-10   1.1371898667074705e-11
 -9.1999999999999993e+00   1.1198670875501171e-10   1.1316831600428860e-11
 -9.1500000000000004e+00   1.1213097258101391e-10   1.1261477544370976e-11
 -9.1000000000000014e+00   1.1227688605767075e-10   1.1205850212897324e-11
 -9.0500000000000007e+00   1.1242445699158695e-10   1.1149964414034714e-11
 -9.0000000000000000e+00   1.1257369231165281e-10   1.1093836119889996e-11
 -8.9499999999999993e+00   1.1272459798787324e-10   1.1037482541461926e-11
 -8.8999999999999986e+00   1.1287717894398584e-10   1.0980922208576197e-11
 -8.8500000000000014e+00   1.1303143896337808e-10   1.0924175055335104e-11
 -8.8000000000000007e+00   1.1318738058777079e-10   1.0867262511506803e-11
 -8.7500000000000000e+00   1.1334500500809106e-10   1.0810207600315734e-11
 -8.6999999999999993e+00   1.1350431194690676e-10   1.0753035043136145e-11
 -8.6499999999999986e+00   1.1366529953173986e-10   1.0695771371634596e-11
 -8.6000000000000014e+00   1.1382796415851639e-10   1.0638445047955797e-11
 -8.5500000000000007e+00   1.1399230034434484e-10   1.0581086593599219e-11
 -8.5000000000000000e+00   1.1415830056874250e-10   1.0523728727692443e-11
 -8.4499999999999993e+00   1.1432595510235032e-10   1.0466406515431245e-11
 -8.3999999999999986e+00   1.1449525182208987e-10   1.0409157527527368e-11
 -8.3500000000000014e+00   1.1466617601162030e-10   1.0352022011582564e-11
 -8.3000000000000007e+00   1.1483871014584862e-10   1.0295043076393465e-11
 -8.2500000000000000e+00   1.1501283365812987e-10   1.0238266890286468e-11
 -8.1999999999999993e+00   1.1518852268866727e-10   1.0181742894686216e-11
 -8.1499999999999986e+00   1.1536574981248196e-10   1.0125524034236743e-11
 -8.1000000000000014e+00   1.1554448374516715e-10   1.0069667004921766e-11
 -8.0500000000000007e+00   1.1572468902447098e-10   1.0014232521771581e-11
 -8.0000000000000000e+00   1.1590632566556342e-10   9.9592856079000789e-12
 -7.9499999999999993e+00   1.1608934878763530e-10   9.9048959067880234e-12
 -7.8999999999999986e+00   1.1627370820924700e-10   9.8511380199199289e-12
 -7.8500000000000014e+00   1.1645934800959063e-10   9.7980918720938970e-12
 -7.8000000000000007e+00   1.1664620605254833e-10   9.7458431069586227e-12
 -7.7500000000000000e+00   1.1683421347011874e-10   9.6944835155922989e-12
 -7.6999999999999993e+00   1.1702329410143915e-10   9.6441115012270597e-12
 -7.6499999999999986e+00   1.1721336388325010e-10   9.5948325835432164e-12
 -7.6000000000000014e+00   1.1740433018722846e-10   9.5467599463131421e-12
 -7.5500000000000007e+00   1.1759609109914764e-10   9.5000150325692544e-12
 -7.5000000000000000e+00   1.1778853463430699e-10   9.4547281919082957e-12
 -7.4499999999999993e+00   1.1798153788310194e-10   9.4110393850293334e-12
 -7.3999999999999986e+00   1.1817496607997275e-10   9.3690989511410544e-12
 -7.3500000000000014e+00   1.1836867158827164e-10   9.3290684444696436e-12
 -7.3000000000000007e+00   1.1856249279281590e-10   9.2911215467578484e-12
 -7.2500000000000000e+00   1.1875625289104153e-10   9.2554450633746943e-12
 -7.1999999999999993e+00   1.1894975857273351e-10   9.2222400114590822e-12
 -7.1499999999999986e+00   1.1914279857727618e-10   9.1917228094063105e-12
 -7.1000000000000014e+00   1.1933514211623033e-10   9.1641265779792288e-12
 -7.0500000000000007e+00   1.1952653714780377e-10   9.1397025643914076e-12
 -7.0000000000000000e+00   1.1971670848842517e-10   9.1187217018727178e-12
 -6.9499999999999993e+00   1.1990535574515634e-10   9.1014763184910592e-12
 -6.8999999999999986e+00   1.2009215105108285e-10   9.0882820103691255e-12
 -6.8500000000000014e+00   1.2027673658410692e-10   9.0794796958998364e-12
 -6.8000000000000007e+00   1.2045872184773375e-10   9.0754378691223324e-12
 -6.7500000000000000e+00   1.2063768069050413e-10   9.0765550720607189e-12
 -6.6999999999999993e+00   1.2081314803869660e-10   9.0832626075303523e-12
 -6.6499999999999986e+00   1.2098461631483314e-10   9.0960275156526052e-12
 -6.6000000000000014e+00   1.2115153151241068e-10   9.1153558390465721e-12
 -6.5500000000000007e+00   1.2131328889519914e-10   9.1417962033272935e-12
 -6.5000000000000000e+00   1.2146922828747855e-10   9.1759437410569937e-12
 -6.4499999999999993e+00   1.2161862891982507e-10   9.2184443885667388e-12
 -6.3999999999999986e+00   1.2176070379363138e-10   9.2699995859593430e-12
 -6.3500000000000014e+00   1.2189459352662287e-10   9.3313714109567569e-12
 -6.3000000000000007e+00   1.2201935964140700e-10   9.4033881768625746e-12
 -6.2500000000000000e+00   1.2213397725981605e-10   9.4869505235298876e-12
 -6.1999999999999993e+00   1.2223732716775212e-10   9.5830380275725681e-12
 -6.1499999999999986e+00   1.2232818721874217e-10   9.6927163538173127e-12
 -6.1000000000000014e+00   1.2240522304981034e-10   9.8171449638176623e-12
 -6.0500000000000007e+00   1.2246697809095452e-10   9.9575853887716379e-12
 -6.0000000000000000e+00   1.2251186285984034e-10   1.0115410063047921e-11
 -5.9499999999999993e+00   1.2253814354657476e-10   1.0292111700489250e-11
 -5.8999999999999986e+00   1.2254392990964833e-10   1.0489313178714265e-11
 -5.8500000000000014e+00   1.2252716252320646e-10   1.0708777876979681e-11
 -5.8000000000000007e+00   1.2248559943759509e-10   1.0952420390982683e-11
 -5.7500000000000000e+00   1.2241680233945761e-10   1.1222317523505632e-11
 -5.6999999999999993e+00   1.2231812232325803e-10   1.1520719424461776e-11
 -5.6499999999999986e+00   1.2218668540889917e-10   1.1850060732113143e-11
 -5.6000000000000014e+00   1.2201937795432846e-10   1.2212971555205588e-11
 -5.5500000000000007e+00   1.2181283211714051e-10   1.2612288133933152e-11
 -5.5000000000000000e+00   1.2156341152609698e-10   1.3051063014047277e-11
 -5.4499999999999993e+00   1.2126719734056201e-10   1.3532574554039796e-11
 -5.3999999999999986e+00   1.2091997486962310e-10   1.4060335596833817e-11
 -5.3500000000000014e+00   1.2051722080757520e-10   1.4638101267735297e-11
 -5.3000000000000007e+00   1.2005409089313153e-10   1.5269876135426852e-11
 -5.2500000000000000e+00   1.1952540764761352e-10   1.5959921137400379e-11
 -5.1999999999999993e+00   1.1892564821952344e-10   1.6712760259737394e-11
 -5.1499999999999986e+00   1.1824893318991106e-10   1.7533186058472429e-11
 -5.1000000000000014e+00   1.1748901707448130e-10   1.8426263261033023e-11
 -5.0500000000000007e+00   1.1663927829206213e-10   1.9397332968534315e-11
 -5.0000000000000000e+00   1.1569270183865346e-10   2.0452024934328054e-11
 -4.9499999999999993e+00   1.1464184939975625e-10   2.1596283625395177e-11
 -4.8999999999999986e+00   1.1347882721349364e-10   2.2836396461573444e-11
 -4.8500000000000014e+00   1.1219528264022196e-10   2.4178989969437469e-11
 -4.8000000000000007e+00   1.1078244940512078e-10   2.5630972349794520e-11
 -4.7500000000000000e+00   1.0923118588793477e-10   2.7199485325182461e-11
 -4.6999999999999993e+00   1.0753185752427966e-10   2.8892031045499715e-11
 -4.6499999999999986e+00   1.0567396514934412e-10   3.0716880653706104e-11
 -4.6000000000000014e+00   1.0364575258648601e-10   3.2683499070113019e-11
 -4.5500000000000007e+00   1.0143444745621985e-10   3.4802253457438925e-11
 -4.5000000000000000e+00   9.9027653281254903e-11   3.7082835924137390e-11
 -4.4499999999999993e+00   9.6415142491669683e-11   3.9532265135472268e-11
 -4.3999999999999986e+00   9.3588489948433849e-11   4.2155358677182351e-11
 -4.3500000000000014e+00   9.0535902638990475e-11   4.4960624214447928e-11
 -4.3000000000000007e+00   8.7233585300181027e-11   4.7969971969740822e-11
 -4.2500000000000000e+00   8.3641961828496627e-11   5.1222756838396393e-11
 -4.1999999999999993e+00   7.9718586026892710e-11   5.4760779790958093e-11
 -4.1499999999999986e+00   7.5451654396593587e-11   5.8590052506427971e-11
 -4.1000000000000014e+00   7.0898554822101285e-11   6.2637406254257696e-11
 -4.0500000000000007e+00   6.6196882924373841e-11   6.6739277949735366e-11
 -4.0000000000000000e+00   6.1521585519394295e-11   7.0692475599751004e-11
 -3.9499999999999993e+00   5.6998068521728829e-11   7.4354847665353382e-11
 -3.8999999999999986e+00   5.2624192493219085e-11   7.7734264723727594e-11
 -3.8500000000000014e+00   4.8262999011144659e-11   8.0994606049646481e-11
 -3.8000000000000007e+00   4.3722094238940056e-11   8.4361264730405082e-11
 -3.7500000000000000e+00   3.8865070102931694e-11   8.7990737947514509e-11
 -3.6999999999999993e+00   3.3669167611240043e-11   9.1904603716577842e-11
 -3.6500000000000021e+00   2.8188463564072822e-11   9.6034731456115520e-11
 -3.6000000000000014e+00   2.2466796733628097e-11   1.0032676358103395e-10
 -3.5500000000000007e+00   1.6486662617714912e-11   1.0479998207279220e-10
 -3.5000000000000000e+00   1.0195137020476837e-11   1.0951563242889140e-10
 -3.4499999999999993e+00   3.5634407390629352e-12   1.1450590674331078e-10
 -3.4000000000000021e+00  -3.3938636897306455e-12   1.1975174468142686e-10
 -3.3500000000000014e+00  -1.0657878874084450e-11   1.2523022409610297e-10
 -3.3000000000000007e+00  -1.8246714367808724e-11   1.3096417894475674e-10
 -3.2500000000000000e+00  -2.6203182163061586e-11   1.3700689247763569e-10
 -3.1999999999999993e+00  -3.4545951298885437e-11   1.4338296225089082e-10
 -3.1500000000000021e+00  -4.3252087532674092e-11   1.5006775954294761e-10
 -3.1000000000000014e+00  -5.2297803501405423e-11   1.5703781018699051e-10
 -3.0500000000000007e+00  -6.1702919504144510e-11   1.6432527742134760e-10
 -3.0000000000000000e+00  -7.1514280574346896e-11   1.7199724179682242e-10
 -2.9499999999999993e+00  -8.1745163380736936e-11   1.8008099679401079e-10
 -2.9000000000000021e+00  -9.2353652683832769e-11   1.8853803272834241e-10
 -2.8500000000000014e+00  -1.0329609719721410e-10   1.9733146548145253e-10
 -2.8000000000000007e+00  -1.1458649998629554e-10   2.0650060501344480e-10
 -2.7500000000000000e+00  -1.2627488691134547e-10   2.1613363998432479e-10
 -2.6999999999999993e+00  -1.3836470887125458e-10   2.2626352706145027e-10
 -2.6500000000000021e+00  -1.5078138027350018e-10   2.3682888671221247e-10
 -2.6000000000000014e+00  -1.6344431102989089e-10   2.4776689462629493e-10
 -2.5500000000000007e+00  -1.7634995644190071e-10   2.5912044055033156e-10
 -2.5000000000000000e+00  -1.8954425528313416e-10   2.7100289214049744e-10
 -2.4499999999999993e+00  -2.0300834005932622e-10   2.8345016562621072e-10
 -2.4000000000000021e+00  -2.1661214219032627e-10   2.9636065083492478e-10
 -2.3500000000000014e+00  -2.3021208362475540e-10   3.0962408818920975e-10
 -2.3000000000000007e+00  -2.4376754627227699e-10   3.2327636070390564e-10
 -2.2500000000000000e+00  -2.5730575248097476e-10   3.3745381010918461e-10
 -2.1999999999999993e+00  -2.7076432798990046e-10   3.5218267826990399e-10
 -2.1500000000000021e+00  -2.8392494233247523e-10   3.6728847953128041e-10
 -2.1000000000000014e+00  -2.9654637891720184e-10   3.8257533789008917e-10
 -2.0500000000000007e+00  -3.0852639741830924e-10   3.9804785256420579e-10
 -2.0000000000000000e+00  -3.1985686594342204e-10   4.1385094323355424e-10
 -1.9499999999999993e+00  -3.3041065145479517e-10   4.2997285509882701e-10
 -1.9000000000000021e+00  -3.3985227932305197e-10   4.4611416207691708e-10
 -1.8500000000000014e+00  -3.4782006173146889e-10   4.6193807489239437e-10
 -1.8000000000000007e+00  -3.5414678178012162e-10   4.7738304952574985e-10
 -1.7500000000000000e+00  -3.5880177812855780e-10   4.9258176740492400e-10
 -1.6999999999999993e+00  -3.6161131950327959e-10   5.0745199186649926e-10
 -1.6500000000000021e+00  -3.6214917347822712e-10   5.2152149721944823e-10
 -1.6000000000000014e+00  -3.5998444819842679e-10   5.3427789771633030e-10
 -1.5500000000000007e+00  -3.5496947633871024e-10   5.4559468154574811e-10
 -1.5000000000000000e+00  -3.4715991416142343e-10   5.5561745607606481e-10
 -1.4499999999999993e+00  -3.3646128109438188e-10   5.6422252172110488e-10
 -1.4000000000000021e+00  -3.2250842859409136e-10   5.7080888326325811e-10
 -1.3500000000000014e+00  -3.0498724223678701e-10   5.7477697521389487e-10
 -1.3000000000000007e+00  -2.8397504893001469e-10   5.7606949221858935e-10
 -1.2500000000000000e+00  -2.5981469890483702e-10   5.7499721657043939e-10
 -1.1999999999999993e+00  -2.3268396111287624e-10   5.7155741066421360e-10
 -1.1500000000000021e+00  -2.0247414554481337e-10   5.6521765144574639e-10
 -1.1000000000000014e+00  -1.6917042756631389e-10   5.5552671778052430e-10
 -1.0500000000000007e+00  -1.3320046393958611e-10   5.4272166019297536e-10
 -1.0000000000000000e+00  -9.5238098175960431e-11   5.2745035017691251e-10
 -9.4999999999999929e-01  -5.5717679482819915e-11   5.0997002144792593e-10
 -9.0000000000000213e-01  -1.4735523106646412e-11   4.8995898295811558e-10
 -8.5000000000000142e-01   2.7532964260580210e-11   4.6722750584880653e-10
 -8.0000000000000071e-01   7.0511550408469904e-11   4.4231659264170803e-10
 -7.5000000000000000e-01   1.1347269828891042e-10   4.1610901543780315e-10
 -6.9999999999999929e-01   1.5601679390267056e-10   3.8898268410290562e-10
 -6.5000000000000213e-01   1.9811460592580431e-10   3.6069739970184534e-10
 -6.0000000000000142e-01   2.3967239803769515e-10   3.3116245598699889e-10
 -5.5000000000000071e-01   2.8024995520283171e-10   3.0097909902254544e-10
 -5.0000000000000000e-01   3.1932700119870909e-10   2.7098205301192303e-10
 -4.4999999999999929e-01   3.5673049624410410e-10   2.4143257233278316e-10
 -4.0000000000000213e-01   3.9262137515636873e-10   2.1199844556865159e-10
 -3.5000000000000142e-01   4.2707096872940538e-10   1.8252839793120213e-10
 -3.0000000000000071e-01   4.5983085210888556e-10   1.5351551943416599e-10
 -2.5000000000000000e-01   4.9060161795590645e-10   1.2561009402979702e-10
 -1.9999999999999929e-01   5.1938588782115374e-10   9.8889902053862772e-11
 -1.5000000000000213e-01   5.4647419320016784e-10   7.2914487147655470e-11
 -1.0000000000000142e-01   5.7203211368938955e-10   4.7468109771463322e-11
 -5.0000000000000711e-02   5.9585238648209977e-10   2.2957231403039684e-11
  0.0000000000000000e+00   6.1788352867467142e-10   0.0000000000000000e+00
