# First column is time, second column is the perturbation of detonation velocity.
  0.0000000000000000e+00   1.0000000000000000e-10
  1.0000000000000000e-02   1.0149136709457304e-10
  2.0000000000000000e-02   1.0232781296221431e-10
  2.9999999999999999e-02   1.0321099643930817e-10
  4.0000000000000001e-02   1.0440834113320968e-10
  5.0000000000000003e-02   1.0594426234307095e-10
  5.9999999999999998e-02   1.0772957911208448e-10
  7.0000000000000007e-02   1.0964342206213675e-10
  8.0000000000000002e-02   1.1158103750592685e-10
  8.9999999999999997e-02   1.1347819788296623e-10
  1.0000000000000001e-01   1.1531976420992932e-10
  1.1000000000000000e-01   1.1713726917966315e-10
  1.2000000000000000e-01   1.1899871517639561e-10
  1.3000000000000000e-01   1.2099315781784512e-10
  1.4000000000000001e-01   1.2321262948546653e-10
  1.4999999999999999e-01   1.2573324215928090e-10
  1.6000000000000000e-01   1.2859165809047438e-10
  1.7000000000000001e-01   1.3172635954625091e-10
  1.7999999999999999e-01   1.3474102526380024e-10
  1.9000000000000000e-01   1.3589721545700131e-10
  2.0000000000000001e-01   1.2798049799510358e-10
  2.0999999999999999e-01   8.1903615801553312e-11
  2.2000000000000000e-01  -1.1679314813844013e-10
  2.3000000000000001e-01  -9.0971593785583178e-10
  2.3999999999999999e-01  -3.9746197064496343e-09
  2.5000000000000000e-01  -1.5609822161737303e-08
  2.6000000000000001e-01  -5.9237990611779076e-08
  2.7000000000000002e-01  -2.2131397804350588e-07
  2.8000000000000003e-01  -8.1901712224912592e-07
  2.8999999999999998e-01  -3.0102171117722382e-06
  2.9999999999999999e-01  -1.1004375590615353e-05
  3.1000000000000000e-01  -4.0052609884639741e-05
  3.2000000000000001e-01  -1.4525135151508125e-04
  3.3000000000000002e-01  -5.2515805786051300e-04
  3.4000000000000002e-01  -1.8938571772364483e-03
  3.5000000000000003e-01  -6.8149237195655145e-03
  3.5999999999999999e-01  -2.4477736941542576e-02
