# ZND solution.
# Columns are: spatial coordinate; u; lamda.
 -5.9149999999999999e+01   2.0020000000000286e+00   9.9999899999999997e-01
 -5.9100000000000001e+01   2.0020000000000286e+00   9.9999899999999997e-01
 -5.9049999999999997e+01   2.0020000000000286e+00   9.9999899999999997e-01
 -5.9000000000000000e+01   2.0020000000000286e+00   9.9999899999999997e-01
 -5.8949999999999996e+01   2.0020000000000286e+00   9.9999899999999997e-01
 -5.8899999999999999e+01   2.0020000000000286e+00   9.9999899999999997e-01
 -5.8850000000000001e+01   2.0020000000000286e+00   9.9999899999999997e-01
 -5.8799999999999997e+01   2.0020000000000286e+00   9.9999899999999997e-01
 -5.8750000000000000e+01   2.0020000000000286e+00   9.9999899999999997e-01
 -5.8699999999999996e+01   2.0020000000000286e+00   9.9999899999999997e-01
 -5.8649999999999999e+01   2.0020000000000286e+00   9.9999899999999997e-01
 -5.8600000000000001e+01   2.0020000000000286e+00   9.9999899999999997e-01
 -5.8549999999999997e+01   2.0020000000000286e+00   9.9999899999999997e-01
 -5.8500000000000000e+01   2.0020000000000286e+00   9.9999899999999997e-01
 -5.8449999999999996e+01   2.0020000000000286e+00   9.9999899999999997e-01
 -5.8399999999999999e+01   2.0020000000000286e+00   9.9999899999999997e-01
 -5.8350000000000001e+01   2.0020000000000286e+00   9.9999899999999997e-01
 -5.8299999999999997e+01   2.0020000000000286e+00   9.9999899999999997e-01
 -5.8250000000000000e+01   2.0020000000000286e+00   9.9999899999999997e-01
 -5.8199999999999996e+01   2.0020010688835983e+00   9.9999899893083077e-01
 -5.8149999999999999e+01   2.0020071797342700e+00   9.9999899280737858e-01
 -5.8100000000000001e+01   2.0020133096212813e+00   9.9999898664609221e-01
 -5.8049999999999997e+01   2.0020194586058118e+00   9.9999898044673485e-01
 -5.8000000000000000e+01   2.0020256267502803e+00   9.9999897420906714e-01
 -5.7949999999999996e+01   2.0020318141164619e+00   9.9999896793284904e-01
 -5.7899999999999999e+01   2.0020380207666921e+00   9.9999896161783863e-01
 -5.7850000000000001e+01   2.0020442467633073e+00   9.9999895526379268e-01
 -5.7799999999999997e+01   2.0020504921691815e+00   9.9999894887046603e-01
 -5.7750000000000000e+01   2.0020567570470651e+00   9.9999894243761234e-01
 -5.7699999999999996e+01   2.0020630414604397e+00   9.9999893596498313e-01
 -5.7649999999999999e+01   2.0020693454723233e+00   9.9999892945232904e-01
 -5.7600000000000001e+01   2.0020756691462318e+00   9.9999892289939885e-01
 -5.7549999999999997e+01   2.0020820125459542e+00   9.9999891630593962e-01
 -5.7500000000000000e+01   2.0020883757359664e+00   9.9999890967169636e-01
 -5.7449999999999996e+01   2.0020947587798257e+00   9.9999890299641359e-01
 -5.7399999999999999e+01   2.0021011617422917e+00   9.9999889627983318e-01
 -5.7350000000000001e+01   2.0021075846879310e+00   9.9999888952169580e-01
 -5.7299999999999997e+01   2.0021140276817477e+00   9.9999888272174020e-01
 -5.7250000000000000e+01   2.0021204907890628e+00   9.9999887587970337e-01
 -5.7199999999999996e+01   2.0021269740749821e+00   9.9999886899532109e-01
 -5.7149999999999999e+01   2.0021334776053306e+00   9.9999886206832689e-01
 -5.7100000000000001e+01   2.0021400014460129e+00   9.9999885509845277e-01
 -5.7049999999999997e+01   2.0021465456629008e+00   9.9999884808542927e-01
 -5.7000000000000000e+01   2.0021531103220358e+00   9.9999884102898529e-01
 -5.6949999999999996e+01   2.0021596954905441e+00   9.9999883392884703e-01
 -5.6899999999999999e+01   2.0021663012348729e+00   9.9999882678473995e-01
 -5.6850000000000001e+01   2.0021729276216100e+00   9.9999881959638781e-01
 -5.6799999999999997e+01   2.0021795747185966e+00   9.9999881236351151e-01
 -5.6750000000000000e+01   2.0021862425927712e+00   9.9999880508583139e-01
 -5.6699999999999996e+01   2.0021929313121984e+00   9.9999879776306499e-01
 -5.6649999999999999e+01   2.0021996409448368e+00   9.9999879039492845e-01
 -5.6600000000000001e+01   2.0022063715585325e+00   9.9999878298113642e-01
 -5.6549999999999997e+01   2.0022131232217180e+00   9.9999877552140137e-01
 -5.6500000000000000e+01   2.0022198960030968e+00   9.9999876801543386e-01
 -5.6449999999999996e+01   2.0022266899717307e+00   9.9999876046294245e-01
 -5.6399999999999999e+01   2.0022335051965321e+00   9.9999875286363427e-01
 -5.6350000000000001e+01   2.0022403417466572e+00   9.9999874521721455e-01
 -5.6299999999999997e+01   2.0022471996923823e+00   9.9999873752338564e-01
 -5.6250000000000000e+01   2.0022540791032117e+00   9.9999872978184912e-01
 -5.6199999999999996e+01   2.0022609800494511e+00   9.9999872199230400e-01
 -5.6149999999999999e+01   2.0022679026014076e+00   9.9999871415444763e-01
 -5.6100000000000001e+01   2.0022748468294802e+00   9.9999870626797560e-01
 -5.6049999999999997e+01   2.0022818128045397e+00   9.9999869833258126e-01
 -5.6000000000000000e+01   2.0022888005978206e+00   9.9999869034795585e-01
 -5.5949999999999996e+01   2.0022958102805180e+00   9.9999868231378897e-01
 -5.5899999999999999e+01   2.0023028419245570e+00   9.9999867422976763e-01
 -5.5850000000000001e+01   2.0023098956014178e+00   9.9999866609557764e-01
 -5.5799999999999997e+01   2.0023169713833844e+00   9.9999865791090214e-01
 -5.5750000000000000e+01   2.0023240693429494e+00   9.9999864967542229e-01
 -5.5699999999999996e+01   2.0023311895524252e+00   9.9999864138881767e-01
 -5.5649999999999999e+01   2.0023383320849835e+00   9.9999863305076508e-01
 -5.5600000000000001e+01   2.0023454970134047e+00   9.9999862466094003e-01
 -5.5549999999999997e+01   2.0023526844114929e+00   9.9999861621901498e-01
 -5.5500000000000000e+01   2.0023598943529239e+00   9.9999860772466076e-01
 -5.5449999999999996e+01   2.0023671269116150e+00   9.9999859917754608e-01
 -5.5399999999999999e+01   2.0023743821614350e+00   9.9999859057733786e-01
 -5.5350000000000001e+01   2.0023816601773157e+00   9.9999858192369995e-01
 -5.5299999999999997e+01   2.0023889610330903e+00   9.9999857321629559e-01
 -5.5250000000000000e+01   2.0023962848047479e+00   9.9999856445478363e-01
 -5.5199999999999996e+01   2.0024036315668816e+00   9.9999855563882267e-01
 -5.5149999999999999e+01   2.0024110013954668e+00   9.9999854676806776e-01
 -5.5100000000000001e+01   2.0024183943658120e+00   9.9999853784217285e-01
 -5.5049999999999997e+01   2.0024258105543011e+00   9.9999852886078866e-01
 -5.5000000000000000e+01   2.0024332500370927e+00   9.9999851982356425e-01
 -5.4950000000000003e+01   2.0024407128909347e+00   9.9999851073014601e-01
 -5.4899999999999999e+01   2.0024481991926035e+00   9.9999850158017833e-01
 -5.4850000000000001e+01   2.0024557090193493e+00   9.9999849237330307e-01
 -5.4799999999999997e+01   2.0024632424482496e+00   9.9999848310916029e-01
 -5.4750000000000000e+01   2.0024707995573729e+00   9.9999847378738682e-01
 -5.4700000000000003e+01   2.0024783804246824e+00   9.9999846440761764e-01
 -5.4649999999999999e+01   2.0024859851284744e+00   9.9999845496948525e-01
 -5.4600000000000001e+01   2.0024936137471006e+00   9.9999844547262007e-01
 -5.4549999999999997e+01   2.0025012663593138e+00   9.9999843591664994e-01
 -5.4500000000000000e+01   2.0025089430442544e+00   9.9999842630120017e-01
 -5.4450000000000003e+01   2.0025166438813500e+00   9.9999841662589362e-01
 -5.4399999999999999e+01   2.0025243689504775e+00   9.9999840689035047e-01
 -5.4350000000000001e+01   2.0025321183311600e+00   9.9999839709418925e-01
 -5.4299999999999997e+01   2.0025398921037896e+00   9.9999838723702528e-01
 -5.4250000000000000e+01   2.0025476903489947e+00   9.9999837731847141e-01
 -5.4200000000000003e+01   2.0025555131478039e+00   9.9999836733813785e-01
 -5.4149999999999999e+01   2.0025633605806790e+00   9.9999835729563336e-01
 -5.4100000000000001e+01   2.0025712327296730e+00   9.9999834719056246e-01
 -5.4049999999999997e+01   2.0025791296760778e+00   9.9999833702252849e-01
 -5.4000000000000000e+01   2.0025870515020534e+00   9.9999832679113143e-01
 -5.3950000000000003e+01   2.0025949982898408e+00   9.9999831649596893e-01
 -5.3899999999999999e+01   2.0026029701217518e+00   9.9999830613663632e-01
 -5.3850000000000001e+01   2.0026109670810945e+00   9.9999829571272536e-01
 -5.3799999999999997e+01   2.0026189892510491e+00   9.9999828522382572e-01
 -5.3750000000000000e+01   2.0026270367147454e+00   9.9999827466952484e-01
 -5.3700000000000003e+01   2.0026351095563530e+00   9.9999826404940650e-01
 -5.3649999999999999e+01   2.0026432078596264e+00   9.9999825336305270e-01
 -5.3600000000000001e+01   2.0026513317089103e+00   9.9999824261004233e-01
 -5.3549999999999997e+01   2.0026594811890397e+00   9.9999823178995129e-01
 -5.3500000000000000e+01   2.0026676563849048e+00   9.9999822090235302e-01
 -5.3450000000000003e+01   2.0026758573818615e+00   9.9999820994681798e-01
 -5.3399999999999999e+01   2.0026840842656295e+00   9.9999819892291375e-01
 -5.3350000000000001e+01   2.0026923371220322e+00   9.9999818783020533e-01
 -5.3299999999999997e+01   2.0027006160373175e+00   9.9999817666825475e-01
 -5.3250000000000000e+01   2.0027089210979772e+00   9.9999816543662123e-01
 -5.3200000000000003e+01   2.0027172523911436e+00   9.9999815413486071e-01
 -5.3149999999999999e+01   2.0027256100035951e+00   9.9999814276252708e-01
 -5.3100000000000001e+01   2.0027339940230511e+00   9.9999813131917048e-01
 -5.3049999999999997e+01   2.0027424045370177e+00   9.9999811980433884e-01
 -5.3000000000000000e+01   2.0027508416339908e+00   9.9999810821757618e-01
 -5.2950000000000003e+01   2.0027593054023076e+00   9.9999809655842420e-01
 -5.2899999999999999e+01   2.0027677959306227e+00   9.9999808482642161e-01
 -5.2850000000000001e+01   2.0027763133084515e+00   9.9999807302110333e-01
 -5.2799999999999997e+01   2.0027848576248761e+00   9.9999806114200229e-01
 -5.2750000000000000e+01   2.0027934289694946e+00   9.9999804918864810e-01
 -5.2700000000000003e+01   2.0028020274326441e+00   9.9999803716056668e-01
 -5.2649999999999999e+01   2.0028106531045111e+00   9.9999802505728153e-01
 -5.2600000000000001e+01   2.0028193060759909e+00   9.9999801287831247e-01
 -5.2549999999999997e+01   2.0028279864378842e+00   9.9999800062317679e-01
 -5.2500000000000000e+01   2.0028366942819833e+00   9.9999798829138764e-01
 -5.2450000000000003e+01   2.0028454296998812e+00   9.9999797588245576e-01
 -5.2399999999999999e+01   2.0028541927835066e+00   9.9999796339588864e-01
 -5.2350000000000001e+01   2.0028629836253447e+00   9.9999795083119025e-01
 -5.2299999999999997e+01   2.0028718023181877e+00   9.9999793818786131e-01
 -5.2250000000000000e+01   2.0028806489550441e+00   9.9999792546539945e-01
 -5.2200000000000003e+01   2.0028895236293556e+00   9.9999791266329885e-01
 -5.2149999999999999e+01   2.0028984264352130e+00   9.9999789978104991e-01
 -5.2100000000000001e+01   2.0029073574661909e+00   9.9999788681814095e-01
 -5.2049999999999997e+01   2.0029163168170210e+00   9.9999787377405569e-01
 -5.2000000000000000e+01   2.0029253045825044e+00   9.9999786064827489e-01
 -5.1950000000000003e+01   2.0029343208577268e+00   9.9999784744027598e-01
 -5.1899999999999999e+01   2.0029433657381950e+00   9.9999783414953280e-01
 -5.1850000000000001e+01   2.0029524393197491e+00   9.9999782077551580e-01
 -5.1799999999999997e+01   2.0029615416986202e+00   9.9999780731769183e-01
 -5.1750000000000000e+01   2.0029706729715659e+00   9.9999779377552400e-01
 -5.1700000000000003e+01   2.0029798332353312e+00   9.9999778014847240e-01
 -5.1649999999999999e+01   2.0029890225872338e+00   9.9999776643599325e-01
 -5.1600000000000001e+01   2.0029982411249967e+00   9.9999775263753909e-01
 -5.1549999999999997e+01   2.0030074889465128e+00   9.9999773875255915e-01
 -5.1500000000000000e+01   2.0030167661499783e+00   9.9999772478049909e-01
 -5.1450000000000003e+01   2.0030260728343934e+00   9.9999771072080024e-01
 -5.1399999999999999e+01   2.0030354090988078e+00   9.9999769657290072e-01
 -5.1350000000000001e+01   2.0030447750425315e+00   9.9999768233623509e-01
 -5.1299999999999997e+01   2.0030541707653358e+00   9.9999766801023404e-01
 -5.1250000000000000e+01   2.0030635963677286e+00   9.9999765359432391e-01
 -5.1200000000000003e+01   2.0030730519500670e+00   9.9999763908792805e-01
 -5.1149999999999999e+01   2.0030825376134116e+00   9.9999762449046548e-01
 -5.1100000000000001e+01   2.0030920534588632e+00   9.9999760980135188e-01
 -5.1049999999999997e+01   2.0031015995884074e+00   9.9999759501999830e-01
 -5.1000000000000000e+01   2.0031111761041100e+00   9.9999758014581230e-01
 -5.0950000000000003e+01   2.0031207831081033e+00   9.9999756517819804e-01
 -5.0899999999999999e+01   2.0031304207035685e+00   9.9999755011655467e-01
 -5.0850000000000001e+01   2.0031400889935087e+00   9.9999753496027821e-01
 -5.0799999999999997e+01   2.0031497880815863e+00   9.9999751970876027e-01
 -5.0750000000000000e+01   2.0031595180717527e+00   9.9999750436138857e-01
 -5.0700000000000003e+01   2.0031692790685818e+00   9.9999748891754636e-01
 -5.0649999999999999e+01   2.0031790711767647e+00   9.9999747337661327e-01
 -5.0600000000000001e+01   2.0031888945013030e+00   9.9999745773796489e-01
 -5.0549999999999997e+01   2.0031987491477743e+00   9.9999744200097240e-01
 -5.0500000000000000e+01   2.0032086352222431e+00   9.9999742616500265e-01
 -5.0450000000000003e+01   2.0032185528308966e+00   9.9999741022941868e-01
 -5.0399999999999999e+01   2.0032285020807912e+00   9.9999739419357858e-01
 -5.0350000000000001e+01   2.0032384830787304e+00   9.9999737805683719e-01
 -5.0299999999999997e+01   2.0032484959323522e+00   9.9999736181854437e-01
 -5.0250000000000000e+01   2.0032585407496972e+00   9.9999734547804564e-01
 -5.0200000000000003e+01   2.0032686176390553e+00   9.9999732903468241e-01
 -5.0149999999999999e+01   2.0032787267092234e+00   9.9999731248779156e-01
 -5.0100000000000001e+01   2.0032888680696881e+00   9.9999729583670505e-01
 -5.0049999999999997e+01   2.0032990418295284e+00   9.9999727908075176e-01
 -5.0000000000000000e+01   2.0033092480987542e+00   9.9999726221925522e-01
 -4.9950000000000003e+01   2.0033194869881452e+00   9.9999724525153388e-01
 -4.9899999999999999e+01   2.0033297586082295e+00   9.9999722817690273e-01
 -4.9850000000000001e+01   2.0033400630706062e+00   9.9999721099467109e-01
 -4.9799999999999997e+01   2.0033504004865264e+00   9.9999719370414497e-01
 -4.9750000000000000e+01   2.0033607709684058e+00   9.9999717630462448e-01
 -4.9700000000000003e+01   2.0033711746284810e+00   9.9999715879540607e-01
 -4.9649999999999999e+01   2.0033816115797838e+00   9.9999714117578087e-01
 -4.9600000000000001e+01   2.0033920819358575e+00   9.9999712344503511e-01
 -4.9549999999999997e+01   2.0034025858102149e+00   9.9999710560245103e-01
 -4.9500000000000000e+01   2.0034131233172405e+00   9.9999708764730533e-01
 -4.9450000000000003e+01   2.0034236945715791e+00   9.9999706957887013e-01
 -4.9399999999999999e+01   2.0034342996883820e+00   9.9999705139641260e-01
 -4.9350000000000001e+01   2.0034449387830273e+00   9.9999703309919530e-01
 -4.9299999999999997e+01   2.0034556119716873e+00   9.9999701468647528e-01
 -4.9250000000000000e+01   2.0034663193705318e+00   9.9999699615750537e-01
 -4.9200000000000003e+01   2.0034770610966781e+00   9.9999697751153249e-01
 -4.9149999999999999e+01   2.0034878372672078e+00   9.9999695874779937e-01
 -4.9100000000000001e+01   2.0034986480001091e+00   9.9999693986554283e-01
 -4.9049999999999997e+01   2.0035094934133650e+00   9.9999692086399539e-01
 -4.9000000000000000e+01   2.0035203736257623e+00   9.9999690174238376e-01
 -4.8950000000000003e+01   2.0035312887561747e+00   9.9999688249993013e-01
 -4.8899999999999999e+01   2.0035422389243029e+00   9.9999686313585079e-01
 -4.8850000000000001e+01   2.0035532242502749e+00   9.9999684364935681e-01
 -4.8799999999999997e+01   2.0035642448545037e+00   9.9999682403965429e-01
 -4.8750000000000000e+01   2.0035753008576695e+00   9.9999680430594429e-01
 -4.8700000000000003e+01   2.0035863923813868e+00   9.9999678444742168e-01
 -4.8649999999999999e+01   2.0035975195474971e+00   9.9999676446327634e-01
 -4.8600000000000001e+01   2.0036086824783621e+00   9.9999674435269259e-01
 -4.8549999999999997e+01   2.0036198812967214e+00   9.9999672411484941e-01
 -4.8500000000000000e+01   2.0036311161258573e+00   9.9999670374892013e-01
 -4.8450000000000003e+01   2.0036423870895126e+00   9.9999668325407254e-01
 -4.8399999999999999e+01   2.0036536943119341e+00   9.9999666262946874e-01
 -4.8350000000000001e+01   2.0036650379177292e+00   9.9999664187426540e-01
 -4.8299999999999997e+01   2.0036764180322129e+00   9.9999662098761311e-01
 -4.8250000000000000e+01   2.0036878347809601e+00   9.9999659996865709e-01
 -4.8200000000000003e+01   2.0036992882900924e+00   9.9999657881653670e-01
 -4.8149999999999999e+01   2.0037107786863140e+00   9.9999655753038530e-01
 -4.8100000000000001e+01   2.0037223060967140e+00   9.9999653610933059e-01
 -4.8049999999999997e+01   2.0037338706488055e+00   9.9999651455249450e-01
 -4.8000000000000000e+01   2.0037454724707437e+00   9.9999649285899272e-01
 -4.7950000000000003e+01   2.0037571116911286e+00   9.9999647102793510e-01
 -4.7899999999999999e+01   2.0037687884390984e+00   9.9999644905842533e-01
 -4.7850000000000001e+01   2.0037805028443132e+00   9.9999642694956103e-01
 -4.7799999999999997e+01   2.0037922550367560e+00   9.9999640470043405e-01
 -4.7750000000000000e+01   2.0038040451470072e+00   9.9999638231012988e-01
 -4.7700000000000003e+01   2.0038158733062796e+00   9.9999635977772761e-01
 -4.7649999999999999e+01   2.0038277396463400e+00   9.9999633710229996e-01
 -4.7600000000000001e+01   2.0038396442989654e+00   9.9999631428291436e-01
 -4.7549999999999997e+01   2.0038515873969671e+00   9.9999629131863088e-01
 -4.7500000000000000e+01   2.0038635690736459e+00   9.9999626820850329e-01
 -4.7450000000000003e+01   2.0038755894625409e+00   9.9999624495157946e-01
 -4.7399999999999999e+01   2.0038876486978126e+00   9.9999622154690060e-01
 -4.7350000000000001e+01   2.0038997469142203e+00   9.9999619799350126e-01
 -4.7299999999999997e+01   2.0039118842471564e+00   9.9999617429040921e-01
 -4.7250000000000000e+01   2.0039240608322260e+00   9.9999615043664625e-01
 -4.7200000000000003e+01   2.0039362768058520e+00   9.9999612643122693e-01
 -4.7149999999999999e+01   2.0039485323048538e+00   9.9999610227315938e-01
 -4.7100000000000001e+01   2.0039608274665972e+00   9.9999607796144496e-01
 -4.7049999999999997e+01   2.0039731624288599e+00   9.9999605349507847e-01
 -4.7000000000000000e+01   2.0039855373304798e+00   9.9999602887304684e-01
 -4.6950000000000003e+01   2.0039979523100468e+00   9.9999600409433165e-01
 -4.6899999999999999e+01   2.0040104075073346e+00   9.9999597915790628e-01
 -4.6850000000000001e+01   2.0040229030623822e+00   9.9999595406273767e-01
 -4.6799999999999997e+01   2.0040354391159738e+00   9.9999592880778532e-01
 -4.6750000000000000e+01   2.0040480158091176e+00   9.9999590339200228e-01
 -4.6700000000000003e+01   2.0040606332838498e+00   9.9999587781433352e-01
 -4.6649999999999999e+01   2.0040732916820594e+00   9.9999585207371822e-01
 -4.6600000000000001e+01   2.0040859911469426e+00   9.9999582616908678e-01
 -4.6549999999999997e+01   2.0040987318217782e+00   9.9999580009936329e-01
 -4.6500000000000000e+01   2.0041115138507748e+00   9.9999577386346372e-01
 -4.6450000000000003e+01   2.0041243373783426e+00   9.9999574746029740e-01
 -4.6399999999999999e+01   2.0041372025496655e+00   9.9999572088876576e-01
 -4.6350000000000001e+01   2.0041501095107299e+00   9.9999569414776224e-01
 -4.6299999999999997e+01   2.0041630584073351e+00   9.9999566723617428e-01
 -4.6250000000000000e+01   2.0041760493866785e+00   9.9999564015288001e-01
 -4.6200000000000003e+01   2.0041890825962589e+00   9.9999561289675043e-01
 -4.6149999999999999e+01   2.0042021581842793e+00   9.9999558546664857e-01
 -4.6100000000000001e+01   2.0042152762989893e+00   9.9999555786143079e-01
 -4.6049999999999997e+01   2.0042284370897714e+00   9.9999553007994446e-01
 -4.6000000000000000e+01   2.0042416407065344e+00   9.9999550212102917e-01
 -4.5950000000000003e+01   2.0042548872996893e+00   9.9999547398351674e-01
 -4.5899999999999999e+01   2.0042681770201249e+00   9.9999544566623122e-01
 -4.5850000000000001e+01   2.0042815100197067e+00   9.9999541716798779e-01
 -4.5799999999999997e+01   2.0042948864505208e+00   9.9999538848759428e-01
 -4.5750000000000000e+01   2.0043083064652163e+00   9.9999535962385044e-01
 -4.5700000000000003e+01   2.0043217702174956e+00   9.9999533057554679e-01
 -4.5649999999999999e+01   2.0043352778612102e+00   9.9999530134146652e-01
 -4.5600000000000001e+01   2.0043488295511631e+00   9.9999527192038373e-01
 -4.5549999999999997e+01   2.0043624254429222e+00   9.9999524231106374e-01
 -4.5500000000000000e+01   2.0043760656920329e+00   9.9999521251226475e-01
 -4.5450000000000003e+01   2.0043897504551684e+00   9.9999518252273534e-01
 -4.5399999999999999e+01   2.0044034798895374e+00   9.9999515234121561e-01
 -4.5350000000000001e+01   2.0044172541528646e+00   9.9999512196643725e-01
 -4.5299999999999997e+01   2.0044310734037132e+00   9.9999509139712273e-01
 -4.5250000000000000e+01   2.0044449378011602e+00   9.9999506063198595e-01
 -4.5200000000000003e+01   2.0044588475047687e+00   9.9999502966973230e-01
 -4.5149999999999999e+01   2.0044728026751129e+00   9.9999499850905738e-01
 -4.5100000000000001e+01   2.0044868034731023e+00   9.9999496714864844e-01
 -4.5049999999999997e+01   2.0045008500605510e+00   9.9999493558718311e-01
 -4.5000000000000000e+01   2.0045149425995099e+00   9.9999490382333078e-01
 -4.4950000000000003e+01   2.0045290812531755e+00   9.9999487185575053e-01
 -4.4899999999999999e+01   2.0045432661849789e+00   9.9999483968309311e-01
 -4.4850000000000001e+01   2.0045574975594898e+00   9.9999480730399881e-01
 -4.4799999999999997e+01   2.0045717755415060e+00   9.9999477471709952e-01
 -4.4750000000000000e+01   2.0045861002966188e+00   9.9999474192101734e-01
 -4.4700000000000003e+01   2.0046004719912758e+00   9.9999470891436437e-01
 -4.4649999999999999e+01   2.0046148907924644e+00   9.9999467569574341e-01
 -4.4600000000000001e+01   2.0046293568676861e+00   9.9999464226374790e-01
 -4.4549999999999997e+01   2.0046438703854577e+00   9.9999460861696077e-01
 -4.4500000000000000e+01   2.0046584315147049e+00   9.9999457475395570e-01
 -4.4450000000000003e+01   2.0046730404252164e+00   9.9999454067329607e-01
 -4.4399999999999999e+01   2.0046876972873271e+00   9.9999450637353560e-01
 -4.4350000000000001e+01   2.0047024022722701e+00   9.9999447185321744e-01
 -4.4299999999999997e+01   2.0047171555517234e+00   9.9999443711087521e-01
 -4.4250000000000000e+01   2.0047319572982518e+00   9.9999440214503188e-01
 -4.4200000000000003e+01   2.0047468076850459e+00   9.9999436695420030e-01
 -4.4149999999999999e+01   2.0047617068860757e+00   9.9999433153688277e-01
 -4.4100000000000001e+01   2.0047766550759736e+00   9.9999429589157129e-01
 -4.4049999999999997e+01   2.0047916524302329e+00   9.9999426001674696e-01
 -4.4000000000000000e+01   2.0048066991247646e+00   9.9999422391088100e-01
 -4.3950000000000003e+01   2.0048217953362384e+00   9.9999418757243386e-01
 -4.3899999999999999e+01   2.0048369412426066e+00   9.9999415099985389e-01
 -4.3850000000000001e+01   2.0048521370217820e+00   9.9999411419158046e-01
 -4.3799999999999997e+01   2.0048673828528987e+00   9.9999407714604083e-01
 -4.3750000000000000e+01   2.0048826789156382e+00   9.9999403986165170e-01
 -4.3700000000000003e+01   2.0048980253904749e+00   9.9999400233681857e-01
 -4.3649999999999999e+01   2.0049134224587344e+00   9.9999396456993550e-01
 -4.3600000000000001e+01   2.0049288703024284e+00   9.9999392655938546e-01
 -4.3549999999999997e+01   2.0049443691041779e+00   9.9999388830354041e-01
 -4.3500000000000000e+01   2.0049599190475011e+00   9.9999384980076056e-01
 -4.3450000000000003e+01   2.0049755203167337e+00   9.9999381104939444e-01
 -4.3399999999999999e+01   2.0049911730965979e+00   9.9999377204777995e-01
 -4.3350000000000001e+01   2.0050068775731980e+00   9.9999373279424175e-01
 -4.3299999999999997e+01   2.0050226339329615e+00   9.9999369328709387e-01
 -4.3250000000000000e+01   2.0050384423631455e+00   9.9999365352463832e-01
 -4.3200000000000003e+01   2.0050543030519781e+00   9.9999361350516469e-01
 -4.3149999999999999e+01   2.0050702161882312e+00   9.9999357322695115e-01
 -4.3100000000000001e+01   2.0050861819618042e+00   9.9999353268826285e-01
 -4.3049999999999997e+01   2.0051022005629893e+00   9.9999349188735376e-01
 -4.3000000000000000e+01   2.0051182721830529e+00   9.9999345082246505e-01
 -4.2950000000000003e+01   2.0051343970140731e+00   9.9999340949182547e-01
 -4.2899999999999999e+01   2.0051505752490346e+00   9.9999336789365101e-01
 -4.2850000000000001e+01   2.0051668070815793e+00   9.9999332602614543e-01
 -4.2799999999999997e+01   2.0051830927060648e+00   9.9999328388750008e-01
 -4.2750000000000000e+01   2.0051994323179567e+00   9.9999324147589275e-01
 -4.2700000000000003e+01   2.0052158261134521e+00   9.9999319878948856e-01
 -4.2649999999999999e+01   2.0052322742893209e+00   9.9999315582644033e-01
 -4.2600000000000001e+01   2.0052487770434686e+00   9.9999311258488699e-01
 -4.2549999999999997e+01   2.0052653345745175e+00   9.9999306906295460e-01
 -4.2500000000000000e+01   2.0052819470818180e+00   9.9999302525875622e-01
 -4.2450000000000003e+01   2.0052986147657945e+00   9.9999298117039093e-01
 -4.2399999999999999e+01   2.0053153378275712e+00   9.9999293679594470e-01
 -4.2350000000000001e+01   2.0053321164691509e+00   9.9999289213348985e-01
 -4.2299999999999997e+01   2.0053489508933793e+00   9.9999284718108505e-01
 -4.2250000000000000e+01   2.0053658413039526e+00   9.9999280193677520e-01
 -4.2200000000000003e+01   2.0053827879053814e+00   9.9999275639859142e-01
 -4.2149999999999999e+01   2.0053997909031236e+00   9.9999271056455064e-01
 -4.2100000000000001e+01   2.0054168505037118e+00   9.9999266443265511e-01
 -4.2049999999999997e+01   2.0054339669140995e+00   9.9999261800089412e-01
 -4.2000000000000000e+01   2.0054511403424105e+00   9.9999257126724184e-01
 -4.1950000000000003e+01   2.0054683709976522e+00   9.9999252422965801e-01
 -4.1899999999999999e+01   2.0054856590896022e+00   9.9999247688608817e-01
 -4.1850000000000001e+01   2.0055030048291340e+00   9.9999242923446263e-01
 -4.1799999999999997e+01   2.0055204084277785e+00   9.9999238127269763e-01
 -4.1750000000000000e+01   2.0055378700981716e+00   9.9999233299869394e-01
 -4.1700000000000003e+01   2.0055553900538543e+00   9.9999228441033738e-01
 -4.1649999999999999e+01   2.0055729685089192e+00   9.9999223550549965e-01
 -4.1600000000000001e+01   2.0055906056789303e+00   9.9999218628203568e-01
 -4.1549999999999997e+01   2.0056083017800095e+00   9.9999213673778609e-01
 -4.1500000000000000e+01   2.0056260570293936e+00   9.9999208687057550e-01
 -4.1450000000000003e+01   2.0056438716450038e+00   9.9999203667821368e-01
 -4.1399999999999999e+01   2.0056617458459205e+00   9.9999198615849405e-01
 -4.1350000000000001e+01   2.0056796798521077e+00   9.9999193530919439e-01
 -4.1299999999999997e+01   2.0056976738845709e+00   9.9999188412807627e-01
 -4.1250000000000000e+01   2.0057157281650082e+00   9.9999183261288593e-01
 -4.1200000000000003e+01   2.0057338429164702e+00   9.9999178076135231e-01
 -4.1149999999999999e+01   2.0057520183624695e+00   9.9999172857118945e-01
 -4.1100000000000001e+01   2.0057702547279486e+00   9.9999167604009365e-01
 -4.1049999999999997e+01   2.0057885522386201e+00   9.9999162316574519e-01
 -4.1000000000000000e+01   2.0058069111211227e+00   9.9999156994580785e-01
 -4.0950000000000003e+01   2.0058253316032872e+00   9.9999151637792794e-01
 -4.0899999999999999e+01   2.0058438139136765e+00   9.9999146245973558e-01
 -4.0850000000000001e+01   2.0058623582820037e+00   9.9999140818884336e-01
 -4.0799999999999997e+01   2.0058809649388643e+00   9.9999135356284696e-01
 -4.0750000000000000e+01   2.0058996341160351e+00   9.9999129857932423e-01
 -4.0700000000000003e+01   2.0059183660461719e+00   9.9999124323583588e-01
 -4.0649999999999999e+01   2.0059371609630654e+00   9.9999118752992466e-01
 -4.0600000000000001e+01   2.0059560191013421e+00   9.9999113145911611e-01
 -4.0549999999999997e+01   2.0059749406967593e+00   9.9999107502091755e-01
 -4.0500000000000000e+01   2.0059939259861981e+00   9.9999101821281799e-01
 -4.0450000000000003e+01   2.0060129752072906e+00   9.9999096103228913e-01
 -4.0399999999999999e+01   2.0060320885989702e+00   9.9999090347678354e-01
 -4.0350000000000001e+01   2.0060512664013901e+00   9.9999084554373485e-01
 -4.0299999999999997e+01   2.0060705088552928e+00   9.9999078723055945e-01
 -4.0250000000000000e+01   2.0060898162027421e+00   9.9999072853465421e-01
 -4.0200000000000003e+01   2.0061091886869291e+00   9.9999066945339687e-01
 -4.0149999999999999e+01   2.0061286265519862e+00   9.9999060998414657e-01
 -4.0100000000000001e+01   2.0061481300430168e+00   9.9999055012424354e-01
 -4.0049999999999997e+01   2.0061676994066313e+00   9.9999048987100736e-01
 -4.0000000000000000e+01   2.0061873348900705e+00   9.9999042922173953e-01
 -3.9950000000000003e+01   2.0062070367418494e+00   9.9999036817372133e-01
 -3.9899999999999999e+01   2.0062268052116758e+00   9.9999030672421396e-01
 -3.9850000000000001e+01   2.0062466405501911e+00   9.9999024487045918e-01
 -3.9799999999999997e+01   2.0062665430092830e+00   9.9999018260967820e-01
 -3.9750000000000000e+01   2.0062865128418270e+00   9.9999011993907239e-01
 -3.9700000000000003e+01   2.0063065503019617e+00   9.9999005685582221e-01
 -3.9649999999999999e+01   2.0063266556448647e+00   9.9998999335708783e-01
 -3.9600000000000001e+01   2.0063468291269904e+00   9.9998992944000820e-01
 -3.9549999999999997e+01   2.0063670710058124e+00   9.9998986510170174e-01
 -3.9500000000000000e+01   2.0063873815397795e+00   9.9998980033926632e-01
 -3.9450000000000003e+01   2.0064077609890010e+00   9.9998973514977696e-01
 -3.9399999999999999e+01   2.0064282096141568e+00   9.9998966953028912e-01
 -3.9350000000000001e+01   2.0064487276776988e+00   9.9998960347783472e-01
 -3.9299999999999997e+01   2.0064693154427315e+00   9.9998953698942561e-01
 -3.9250000000000000e+01   2.0064899731737604e+00   9.9998947006205097e-01
 -3.9200000000000003e+01   2.0065107011366079e+00   9.9998940269267744e-01
 -3.9149999999999999e+01   2.0065314995979886e+00   9.9998933487825037e-01
 -3.9100000000000001e+01   2.0065523688259077e+00   9.9998926661569232e-01
 -3.9049999999999997e+01   2.0065733090899505e+00   9.9998919790190199e-01
 -3.9000000000000000e+01   2.0065943206603514e+00   9.9998912873375712e-01
 -3.8950000000000003e+01   2.0066154038089965e+00   9.9998905910811098e-01
 -3.8899999999999999e+01   2.0066365588088324e+00   9.9998898902179423e-01
 -3.8850000000000001e+01   2.0066577859340184e+00   9.9998891847161420e-01
 -3.8799999999999997e+01   2.0066790854600476e+00   9.9998884745435435e-01
 -3.8750000000000000e+01   2.0067004576634266e+00   9.9998877596677516e-01
 -3.8700000000000003e+01   2.0067219028223278e+00   9.9998870400561179e-01
 -3.8649999999999999e+01   2.0067434212158708e+00   9.9998863156757634e-01
 -3.8600000000000001e+01   2.0067650131245052e+00   9.9998855864935632e-01
 -3.8549999999999997e+01   2.0067866788300250e+00   9.9998848524761452e-01
 -3.8500000000000000e+01   2.0068084186155168e+00   9.9998841135898897e-01
 -3.8450000000000003e+01   2.0068302327652430e+00   9.9998833698009315e-01
 -3.8399999999999999e+01   2.0068521215648514e+00   9.9998826210751512e-01
 -3.8350000000000001e+01   2.0068740853012592e+00   9.9998818673781775e-01
 -3.8299999999999997e+01   2.0068961242627936e+00   9.9998811086753803e-01
 -3.8250000000000000e+01   2.0069182387389777e+00   9.9998803449318763e-01
 -3.8200000000000003e+01   2.0069404290207999e+00   9.9998795761125181e-01
 -3.8149999999999999e+01   2.0069626954004369e+00   9.9998788021819018e-01
 -3.8100000000000001e+01   2.0069850381715515e+00   9.9998780231043549e-01
 -3.8049999999999997e+01   2.0070074576290793e+00   9.9998772388439416e-01
 -3.8000000000000000e+01   2.0070299540692393e+00   9.9998764493644610e-01
 -3.7950000000000003e+01   2.0070525277898903e+00   9.9998756546294321e-01
 -3.7899999999999999e+01   2.0070751790899077e+00   9.9998748546021143e-01
 -3.7850000000000001e+01   2.0070979082697913e+00   9.9998740492454841e-01
 -3.7799999999999997e+01   2.0071207156313902e+00   9.9998732385222422e-01
 -3.7750000000000000e+01   2.0071436014779072e+00   9.9998724223948121e-01
 -3.7700000000000003e+01   2.0071665661140017e+00   9.9998716008253341e-01
 -3.7650000000000006e+01   2.0071896098456401e+00   9.9998707737756687e-01
 -3.7600000000000001e+01   2.0072127329803795e+00   9.9998699412073844e-01
 -3.7549999999999997e+01   2.0072359358271239e+00   9.9998691030817644e-01
 -3.7500000000000000e+01   2.0072592186962557e+00   9.9998682593597998e-01
 -3.7450000000000003e+01   2.0072825818995423e+00   9.9998674100021911e-01
 -3.7400000000000006e+01   2.0073060257502067e+00   9.9998665549693433e-01
 -3.7350000000000001e+01   2.0073295505630484e+00   9.9998656942213593e-01
 -3.7299999999999997e+01   2.0073531566541734e+00   9.9998648277180480e-01
 -3.7250000000000000e+01   2.0073768443412692e+00   9.9998639554189117e-01
 -3.7200000000000003e+01   2.0074006139436356e+00   9.9998630772831432e-01
 -3.7150000000000006e+01   2.0074244657818237e+00   9.9998621932696363e-01
 -3.7100000000000001e+01   2.0074484001780579e+00   9.9998613033369688e-01
 -3.7049999999999997e+01   2.0074724174560852e+00   9.9998604074434050e-01
 -3.7000000000000000e+01   2.0074965179410840e+00   9.9998595055468975e-01
 -3.6950000000000003e+01   2.0075207019598440e+00   9.9998585976050780e-01
 -3.6900000000000006e+01   2.0075449698406422e+00   9.9998576835752595e-01
 -3.6850000000000001e+01   2.0075693219132740e+00   9.9998567634144331e-01
 -3.6799999999999997e+01   2.0075937585093704e+00   9.9998558370792534e-01
 -3.6750000000000000e+01   2.0076182799618674e+00   9.9998549045260565e-01
 -3.6700000000000003e+01   2.0076428866052369e+00   9.9998539657108487e-01
 -3.6650000000000006e+01   2.0076675787757448e+00   9.9998530205892944e-01
 -3.6600000000000001e+01   2.0076923568111247e+00   9.9998520691167259e-01
 -3.6549999999999997e+01   2.0077172210507763e+00   9.9998511112481336e-01
 -3.6500000000000000e+01   2.0077421718356434e+00   9.9998501469381684e-01
 -3.6450000000000003e+01   2.0077672095085801e+00   9.9998491761411246e-01
 -3.6400000000000006e+01   2.0077923344136548e+00   9.9998481988109644e-01
 -3.6350000000000001e+01   2.0078175468968604e+00   9.9998472149012885e-01
 -3.6299999999999997e+01   2.0078428473058456e+00   9.9998462243653430e-01
 -3.6250000000000000e+01   2.0078682359897368e+00   9.9998452271560245e-01
 -3.6200000000000003e+01   2.0078937132994983e+00   9.9998442232258633e-01
 -3.6150000000000006e+01   2.0079192795877510e+00   9.9998432125270276e-01
 -3.6100000000000001e+01   2.0079449352089296e+00   9.9998421950113148e-01
 -3.6049999999999997e+01   2.0079706805188802e+00   9.9998411706301649e-01
 -3.6000000000000000e+01   2.0079965158754907e+00   9.9998401393346326e-01
 -3.5950000000000003e+01   2.0080224416381776e+00   9.9998391010754051e-01
 -3.5900000000000006e+01   2.0080484581682052e+00   9.9998380558027866e-01
 -3.5850000000000001e+01   2.0080745658285339e+00   9.9998370034667017e-01
 -3.5799999999999997e+01   2.0081007649839160e+00   9.9998359440166884e-01
 -3.5750000000000000e+01   2.0081270560007991e+00   9.9998348774018997e-01
 -3.5700000000000003e+01   2.0081534392473941e+00   9.9998338035710976e-01
 -3.5650000000000006e+01   2.0081799150939577e+00   9.9998327224726391e-01
 -3.5600000000000001e+01   2.0082064839124212e+00   9.9998316340544879e-01
 -3.5549999999999997e+01   2.0082331460763729e+00   9.9998305382642128e-01
 -3.5500000000000000e+01   2.0082599019613165e+00   9.9998294350489736e-01
 -3.5450000000000003e+01   2.0082867519446741e+00   9.9998283243555186e-01
 -3.5400000000000006e+01   2.0083136964056605e+00   9.9998272061301863e-01
 -3.5350000000000001e+01   2.0083407357254521e+00   9.9998260803188954e-01
 -3.5299999999999997e+01   2.0083678702868730e+00   9.9998249468671552e-01
 -3.5250000000000000e+01   2.0083951004748002e+00   9.9998238057200450e-01
 -3.5200000000000003e+01   2.0084224266759820e+00   9.9998226568222193e-01
 -3.5150000000000006e+01   2.0084498492790437e+00   9.9998215001179036e-01
 -3.5100000000000001e+01   2.0084773686746220e+00   9.9998203355508863e-01
 -3.5049999999999997e+01   2.0085049852551311e+00   9.9998191630645250e-01
 -3.5000000000000000e+01   2.0085326994149764e+00   9.9998179826017342e-01
 -3.4950000000000003e+01   2.0085605115506846e+00   9.9998167941049765e-01
 -3.4900000000000006e+01   2.0085884220604635e+00   9.9998155975162784e-01
 -3.4850000000000001e+01   2.0086164313448491e+00   9.9998143927771987e-01
 -3.4799999999999997e+01   2.0086445398060593e+00   9.9998131798288536e-01
 -3.4750000000000000e+01   2.0086727478484301e+00   9.9998119586118939e-01
 -3.4700000000000003e+01   2.0087010558783907e+00   9.9998107290665028e-01
 -3.4650000000000006e+01   2.0087294643041744e+00   9.9998094911324054e-01
 -3.4600000000000001e+01   2.0087579735363561e+00   9.9998082447488412e-01
 -3.4549999999999997e+01   2.0087865839873085e+00   9.9998069898545849e-01
 -3.4500000000000000e+01   2.0088152960716830e+00   9.9998057263879214e-01
 -3.4450000000000003e+01   2.0088441102060228e+00   9.9998044542866593e-01
 -3.4400000000000006e+01   2.0088730268092090e+00   9.9998031734881077e-01
 -3.4350000000000001e+01   2.0089020463019773e+00   9.9998018839290936e-01
 -3.4299999999999997e+01   2.0089311691072611e+00   9.9998005855459438e-01
 -3.4250000000000000e+01   2.0089603956501580e+00   9.9997992782744816e-01
 -3.4200000000000003e+01   2.0089897263579188e+00   9.9997979620500244e-01
 -3.4150000000000006e+01   2.0090191616600590e+00   9.9997966368073743e-01
 -3.4100000000000001e+01   2.0090487019880316e+00   9.9997953024808295e-01
 -3.4049999999999997e+01   2.0090783477756786e+00   9.9997939590041596e-01
 -3.4000000000000000e+01   2.0091080994589272e+00   9.9997926063106157e-01
 -3.3950000000000003e+01   2.0091379574759207e+00   9.9997912443329207e-01
 -3.3900000000000006e+01   2.0091679222672014e+00   9.9997898730032564e-01
 -3.3850000000000001e+01   2.0091979942754001e+00   9.9997884922532743e-01
 -3.3799999999999997e+01   2.0092281739455156e+00   9.9997871020140783e-01
 -3.3750000000000000e+01   2.0092584617246763e+00   9.9997857022162318e-01
 -3.3700000000000003e+01   2.0092888580623454e+00   9.9997842927897440e-01
 -3.3650000000000006e+01   2.0093193634104161e+00   9.9997828736640615e-01
 -3.3600000000000001e+01   2.0093499782229820e+00   9.9997814447680744e-01
 -3.3549999999999997e+01   2.0093807029564816e+00   9.9997800060301056e-01
 -3.3500000000000000e+01   2.0094115380697501e+00   9.9997785573779041e-01
 -3.3450000000000003e+01   2.0094424840239968e+00   9.9997770987386414e-01
 -3.3400000000000006e+01   2.0094735412827371e+00   9.9997756300389107e-01
 -3.3350000000000001e+01   2.0095047103119565e+00   9.9997741512047145e-01
 -3.3299999999999997e+01   2.0095359915799929e+00   9.9997726621614658e-01
 -3.3250000000000000e+01   2.0095673855576526e+00   9.9997711628339780e-01
 -3.3200000000000003e+01   2.0095988927181159e+00   9.9997696531464653e-01
 -3.3150000000000006e+01   2.0096305135372088e+00   9.9997681330225241e-01
 -3.3100000000000001e+01   2.0096622484930551e+00   9.9997666023851461e-01
 -3.3049999999999997e+01   2.0096940980662317e+00   9.9997650611567057e-01
 -3.3000000000000000e+01   2.0097260627400386e+00   9.9997635092589421e-01
 -3.2950000000000003e+01   2.0097581430001474e+00   9.9997619466129717e-01
 -3.2900000000000006e+01   2.0097903393347769e+00   9.9997603731392748e-01
 -3.2850000000000001e+01   2.0098226522347304e+00   9.9997587887576889e-01
 -3.2799999999999997e+01   2.0098550821934067e+00   9.9997571933874030e-01
 -3.2750000000000000e+01   2.0098876297067916e+00   9.9997555869469534e-01
 -3.2700000000000003e+01   2.0099202952734436e+00   9.9997539693542192e-01
 -3.2650000000000006e+01   2.0099530793945966e+00   9.9997523405264122e-01
 -3.2600000000000001e+01   2.0099859825741202e+00   9.9997507003800734e-01
 -3.2549999999999997e+01   2.0100190053184877e+00   9.9997490488310703e-01
 -3.2500000000000000e+01   2.0100521481369329e+00   9.9997473857945829e-01
 -3.2450000000000003e+01   2.0100854115414819e+00   9.9997457111850974e-01
 -3.2400000000000006e+01   2.0101187960465792e+00   9.9997440249164193e-01
 -3.2350000000000001e+01   2.0101523021696450e+00   9.9997423269016406e-01
 -3.2299999999999997e+01   2.0101859304308118e+00   9.9997406170531467e-01
 -3.2250000000000000e+01   2.0102196813529050e+00   9.9997388952826127e-01
 -3.2200000000000003e+01   2.0102535554616376e+00   9.9997371615009878e-01
 -3.2150000000000006e+01   2.0102875532855045e+00   9.9997354156184948e-01
 -3.2100000000000001e+01   2.0103216753558399e+00   9.9997336575446216e-01
 -3.2049999999999997e+01   2.0103559222067333e+00   9.9997318871881202e-01
 -3.2000000000000000e+01   2.0103902943753025e+00   9.9997301044569864e-01
 -3.1949999999999999e+01   2.0104247924013672e+00   9.9997283092584710e-01
 -3.1900000000000002e+01   2.0104594168278274e+00   9.9997265014990544e-01
 -3.1850000000000001e+01   2.0104941682004225e+00   9.9997246810844531e-01
 -3.1800000000000001e+01   2.0105290470678474e+00   9.9997228479196076e-01
 -3.1750000000000000e+01   2.0105640539818097e+00   9.9997210019086735e-01
 -3.1699999999999999e+01   2.0105991894969115e+00   9.9997191429550214e-01
 -3.1650000000000002e+01   2.0106344541708694e+00   9.9997172709612192e-01
 -3.1600000000000001e+01   2.0106698485643535e+00   9.9997153858290344e-01
 -3.1550000000000001e+01   2.0107053732411839e+00   9.9997134874594173e-01
 -3.1500000000000000e+01   2.0107410287681060e+00   9.9997115757525068e-01
 -3.1449999999999999e+01   2.0107768157149817e+00   9.9997096506076133e-01
 -3.1400000000000002e+01   2.0108127346549383e+00   9.9997077119232047e-01
 -3.1350000000000001e+01   2.0108487861640998e+00   9.9997057595969141e-01
 -3.1300000000000001e+01   2.0108849708217940e+00   9.9997037935255217e-01
 -3.1250000000000000e+01   2.0109212892105113e+00   9.9997018136049509e-01
 -3.1199999999999999e+01   2.0109577419160050e+00   9.9996998197302556e-01
 -3.1150000000000002e+01   2.0109943295270831e+00   9.9996978117956248e-01
 -3.1100000000000001e+01   2.0110310526360107e+00   9.9996957896943539e-01
 -3.1050000000000001e+01   2.0110679118382002e+00   9.9996937533188546e-01
 -3.1000000000000000e+01   2.0111049077324257e+00   9.9996917025606358e-01
 -3.0949999999999999e+01   2.0111420409207148e+00   9.9996896373103028e-01
 -3.0900000000000002e+01   2.0111793120084376e+00   9.9996875574575450e-01
 -3.0850000000000001e+01   2.0112167216043977e+00   9.9996854628911236e-01
 -3.0800000000000001e+01   2.0112542703206788e+00   9.9996833534988727e-01
 -3.0750000000000000e+01   2.0112919587728695e+00   9.9996812291676795e-01
 -3.0699999999999999e+01   2.0113297875800273e+00   9.9996790897834786e-01
 -3.0650000000000002e+01   2.0113677573645465e+00   9.9996769352312520e-01
 -3.0600000000000001e+01   2.0114058687523340e+00   9.9996747653950113e-01
 -3.0550000000000001e+01   2.0114441223728723e+00   9.9996725801577868e-01
 -3.0500000000000000e+01   2.0114825188591556e+00   9.9996703794016228e-01
 -3.0449999999999999e+01   2.0115210588476908e+00   9.9996681630075701e-01
 -3.0400000000000002e+01   2.0115597429786094e+00   9.9996659308556712e-01
 -3.0350000000000001e+01   2.0115985718956031e+00   9.9996636828249563e-01
 -3.0300000000000001e+01   2.0116375462461109e+00   9.9996614187934241e-01
 -3.0250000000000000e+01   2.0116766666811570e+00   9.9996591386380429e-01
 -3.0199999999999999e+01   2.0117159338555308e+00   9.9996568422347321e-01
 -3.0150000000000002e+01   2.0117553484275699e+00   9.9996545294583661e-01
 -3.0100000000000001e+01   2.0117949110595048e+00   9.9996522001827459e-01
 -3.0050000000000001e+01   2.0118346224173531e+00   9.9996498542805967e-01
 -3.0000000000000000e+01   2.0118744831708066e+00   9.9996474916235656e-01
 -2.9949999999999999e+01   2.0119144939934990e+00   9.9996451120821972e-01
 -2.9900000000000002e+01   2.0119546555628176e+00   9.9996427155259360e-01
 -2.9850000000000001e+01   2.0119949685601455e+00   9.9996403018231028e-01
 -2.9800000000000001e+01   2.0120354336706510e+00   9.9996378708408984e-01
 -2.9750000000000000e+01   2.0120760515835476e+00   9.9996354224453787e-01
 -2.9699999999999999e+01   2.0121168229919726e+00   9.9996329565014530e-01
 -2.9650000000000002e+01   2.0121577485930544e+00   9.9996304728728702e-01
 -2.9600000000000001e+01   2.0121988290879949e+00   9.9996279714222047e-01
 -2.9550000000000001e+01   2.0122400651819858e+00   9.9996254520108518e-01
 -2.9500000000000000e+01   2.0122814575843408e+00   9.9996229144990101e-01
 -2.9449999999999999e+01   2.0123230070086087e+00   9.9996203587456645e-01
 -2.9400000000000002e+01   2.0123647141721763e+00   9.9996177846086010e-01
 -2.9350000000000001e+01   2.0124065797968855e+00   9.9996151919443588e-01
 -2.9300000000000001e+01   2.0124486046086871e+00   9.9996125806082414e-01
 -2.9250000000000000e+01   2.0124907893378525e+00   9.9996099504542935e-01
 -2.9200000000000003e+01   2.0125331347188276e+00   9.9996073013352993e-01
 -2.9150000000000002e+01   2.0125756414904381e+00   9.9996046331027599e-01
 -2.9100000000000001e+01   2.0126183103957760e+00   9.9996019456068896e-01
 -2.9050000000000001e+01   2.0126611421823299e+00   9.9995992386965971e-01
 -2.9000000000000000e+01   2.0127041376020451e+00   9.9995965122194708e-01
 -2.8950000000000003e+01   2.0127472974112184e+00   9.9995937660217749e-01
 -2.8900000000000002e+01   2.0127906223707139e+00   9.9995909999484245e-01
 -2.8850000000000001e+01   2.0128341132458369e+00   9.9995882138429826e-01
 -2.8800000000000001e+01   2.0128777708064054e+00   9.9995854075476442e-01
 -2.8750000000000000e+01   2.0129215958268980e+00   9.9995825809032157e-01
 -2.8700000000000003e+01   2.0129655890863312e+00   9.9995797337491110e-01
 -2.8650000000000002e+01   2.0130097513683518e+00   9.9995768659233342e-01
 -2.8600000000000001e+01   2.0130540834613662e+00   9.9995739772624592e-01
 -2.8550000000000001e+01   2.0130985861584074e+00   9.9995710676016270e-01
 -2.8500000000000000e+01   2.0131432602573276e+00   9.9995681367745204e-01
 -2.8450000000000003e+01   2.0131881065607300e+00   9.9995651846133571e-01
 -2.8400000000000002e+01   2.0132331258760532e+00   9.9995622109488713e-01
 -2.8350000000000001e+01   2.0132783190156363e+00   9.9995592156102975e-01
 -2.8300000000000001e+01   2.0133236867966287e+00   9.9995561984253634e-01
 -2.8250000000000000e+01   2.0133692300412185e+00   9.9995531592202624e-01
 -2.8200000000000003e+01   2.0134149495764575e+00   9.9995500978196528e-01
 -2.8150000000000002e+01   2.0134608462344974e+00   9.9995470140466280e-01
 -2.8100000000000001e+01   2.0135069208525445e+00   9.9995439077227077e-01
 -2.8050000000000001e+01   2.0135531742728281e+00   9.9995407786678259e-01
 -2.8000000000000000e+01   2.0135996073428122e+00   9.9995376267003033e-01
 -2.7950000000000003e+01   2.0136462209150769e+00   9.9995344516368423e-01
 -2.7900000000000002e+01   2.0136930158473318e+00   9.9995312532925118e-01
 -2.7850000000000001e+01   2.0137399930026989e+00   9.9995280314807145e-01
 -2.7800000000000001e+01   2.0137871532494929e+00   9.9995247860131875e-01
 -2.7750000000000000e+01   2.0138344974614490e+00   9.9995215166999729e-01
 -2.7700000000000003e+01   2.0138820265175661e+00   9.9995182233494140e-01
 -2.7650000000000002e+01   2.0139297413023618e+00   9.9995149057681232e-01
 -2.7600000000000001e+01   2.0139776427057887e+00   9.9995115637609733e-01
 -2.7550000000000001e+01   2.0140257316232768e+00   9.9995081971310795e-01
 -2.7500000000000000e+01   2.0140740089559479e+00   9.9995048056797697e-01
 -2.7450000000000003e+01   2.0141224756102880e+00   9.9995013892065920e-01
 -2.7400000000000002e+01   2.0141711324986251e+00   9.9994979475092660e-01
 -2.7350000000000001e+01   2.0142199805388765e+00   9.9994944803836849e-01
 -2.7300000000000001e+01   2.0142690206547194e+00   9.9994909876238880e-01
 -2.7250000000000000e+01   2.0143182537756328e+00   9.9994874690220414e-01
 -2.7200000000000003e+01   2.0143676808368762e+00   9.9994839243684241e-01
 -2.7150000000000002e+01   2.0144173027796177e+00   9.9994803534514021e-01
 -2.7100000000000001e+01   2.0144671205509681e+00   9.9994767560574094e-01
 -2.7050000000000004e+01   2.0145171351039366e+00   9.9994731319709351e-01
 -2.7000000000000000e+01   2.0145673473976111e+00   9.9994694809744933e-01
 -2.6950000000000003e+01   2.0146177583971387e+00   9.9994658028486072e-01
 -2.6899999999999999e+01   2.0146683690737341e+00   9.9994620973717918e-01
 -2.6850000000000001e+01   2.0147191804048199e+00   9.9994583643205259e-01
 -2.6800000000000004e+01   2.0147701933739994e+00   9.9994546034692366e-01
 -2.6750000000000000e+01   2.0148214089711627e+00   9.9994508145902739e-01
 -2.6700000000000003e+01   2.0148728281925994e+00   9.9994469974538835e-01
 -2.6649999999999999e+01   2.0149244520408462e+00   9.9994431518282012e-01
 -2.6600000000000001e+01   2.0149762815249002e+00   9.9994392774792173e-01
 -2.6550000000000004e+01   2.0150283176602954e+00   9.9994353741707531e-01
 -2.6500000000000000e+01   2.0150805614690159e+00   9.9994314416644481e-01
 -2.6450000000000003e+01   2.0151330139796815e+00   9.9994274797197269e-01
 -2.6399999999999999e+01   2.0151856762275595e+00   9.9994234880937793e-01
 -2.6350000000000001e+01   2.0152385492545379e+00   9.9994194665415426e-01
 -2.6300000000000004e+01   2.0152916341092770e+00   9.9994154148156700e-01
 -2.6250000000000000e+01   2.0153449318474115e+00   9.9994113326664957e-01
 -2.6200000000000003e+01   2.0153984435311387e+00   9.9994072198420458e-01
 -2.6149999999999999e+01   2.0154521702298505e+00   9.9994030760879693e-01
 -2.6100000000000001e+01   2.0155061130197907e+00   9.9993989011475437e-01
 -2.6050000000000004e+01   2.0155602729841848e+00   9.9993946947616441e-01
 -2.6000000000000000e+01   2.0156146512135269e+00   9.9993904566686997e-01
 -2.5950000000000003e+01   2.0156692488053141e+00   9.9993861866046929e-01
 -2.5899999999999999e+01   2.0157240668643661e+00   9.9993818843031124e-01
 -2.5850000000000001e+01   2.0157791065027291e+00   9.9993775494949388e-01
 -2.5800000000000004e+01   2.0158343688397724e+00   9.9993731819086151e-01
 -2.5750000000000000e+01   2.0158898550023112e+00   9.9993687812700138e-01
 -2.5700000000000003e+01   2.0159455661246537e+00   9.9993643473024107e-01
 -2.5649999999999999e+01   2.0160015033485759e+00   9.9993598797264638e-01
 -2.5600000000000001e+01   2.0160576678234881e+00   9.9993553782601763e-01
 -2.5550000000000004e+01   2.0161140607064709e+00   9.9993508426188704e-01
 -2.5500000000000000e+01   2.0161706831623367e+00   9.9993462725151583e-01
 -2.5450000000000003e+01   2.0162275363636728e+00   9.9993416676589142e-01
 -2.5399999999999999e+01   2.0162846214909078e+00   9.9993370277572446e-01
 -2.5350000000000001e+01   2.0163419397324587e+00   9.9993323525144517e-01
 -2.5300000000000004e+01   2.0163994922847039e+00   9.9993276416320098e-01
 -2.5250000000000000e+01   2.0164572803520984e+00   9.9993228948085311e-01
 -2.5200000000000003e+01   2.0165153051472458e+00   9.9993181117397334e-01
 -2.5149999999999999e+01   2.0165735678909624e+00   9.9993132921184091e-01
 -2.5100000000000001e+01   2.0166320698123466e+00   9.9993084356343931e-01
 -2.5050000000000004e+01   2.0166908121488683e+00   9.9993035419745280e-01
 -2.5000000000000000e+01   2.0167497961463807e+00   9.9992986108226367e-01
 -2.4950000000000003e+01   2.0168090230593081e+00   9.9992936418594791e-01
 -2.4899999999999999e+01   2.0168684941506059e+00   9.9992886347627274e-01
 -2.4850000000000001e+01   2.0169282106919142e+00   9.9992835892069254e-01
 -2.4800000000000004e+01   2.0169881739635516e+00   9.9992785048634603e-01
 -2.4750000000000000e+01   2.0170483852547232e+00   9.9992733814005164e-01
 -2.4700000000000003e+01   2.0171088458634641e+00   9.9992682184830506e-01
 -2.4649999999999999e+01   2.0171695570968282e+00   9.9992630157727469e-01
 -2.4600000000000001e+01   2.0172305202708873e+00   9.9992577729279863e-01
 -2.4550000000000004e+01   2.0172917367108059e+00   9.9992524896038104e-01
 -2.4500000000000000e+01   2.0173532077510377e+00   9.9992471654518733e-01
 -2.4450000000000003e+01   2.0174149347353385e+00   9.9992418001204098e-01
 -2.4399999999999999e+01   2.0174769190167492e+00   9.9992363932542050e-01
 -2.4350000000000001e+01   2.0175391619578287e+00   9.9992309444945426e-01
 -2.4300000000000004e+01   2.0176016649307043e+00   9.9992254534791680e-01
 -2.4250000000000000e+01   2.0176644293171031e+00   9.9992199198422527e-01
 -2.4200000000000003e+01   2.0177274565085050e+00   9.9992143432143477e-01
 -2.4149999999999999e+01   2.0177907479062163e+00   9.9992087232223437e-01
 -2.4100000000000001e+01   2.0178543049213982e+00   9.9992030594894343e-01
 -2.4050000000000004e+01   2.0179181289752566e+00   9.9991973516350652e-01
 -2.4000000000000000e+01   2.0179822214989844e+00   9.9991915992749036e-01
 -2.3950000000000003e+01   2.0180465839340895e+00   9.9991858020207747e-01
 -2.3899999999999999e+01   2.0181112177322884e+00   9.9991799594806341e-01
 -2.3850000000000001e+01   2.0181761243556879e+00   9.9991740712585164e-01
 -2.3800000000000004e+01   2.0182413052767685e+00   9.9991681369544994e-01
 -2.3750000000000000e+01   2.0183067619786739e+00   9.9991621561646404e-01
 -2.3700000000000003e+01   2.0183724959551870e+00   9.9991561284809416e-01
 -2.3649999999999999e+01   2.0184385087108327e+00   9.9991500534913014e-01
 -2.3600000000000001e+01   2.0185048017609790e+00   9.9991439307794672e-01
 -2.3550000000000004e+01   2.0185713766319893e+00   9.9991377599249820e-01
 -2.3500000000000000e+01   2.0186382348612857e+00   9.9991315405031389e-01
 -2.3450000000000003e+01   2.0187053779974522e+00   9.9991252720849311e-01
 -2.3399999999999999e+01   2.0187728076003491e+00   9.9991189542370007e-01
 -2.3350000000000001e+01   2.0188405252411901e+00   9.9991125865215902e-01
 -2.3300000000000004e+01   2.0189085325026688e+00   9.9991061684964888e-01
 -2.3250000000000000e+01   2.0189768309791640e+00   9.9990996997149706e-01
 -2.3200000000000003e+01   2.0190454222766889e+00   9.9990931797257565e-01
 -2.3149999999999999e+01   2.0191143080130729e+00   9.9990866080729535e-01
 -2.3100000000000001e+01   2.0191834898181060e+00   9.9990799842959965e-01
 -2.3050000000000004e+01   2.0192529693336536e+00   9.9990733079295935e-01
 -2.3000000000000000e+01   2.0193227482136553e+00   9.9990665785036792e-01
 -2.2950000000000003e+01   2.0193928281244244e+00   9.9990597955433413e-01
 -2.2899999999999999e+01   2.0194632107446346e+00   9.9990529585687749e-01
 -2.2850000000000001e+01   2.0195338977654660e+00   9.9990460670952208e-01
 -2.2800000000000004e+01   2.0196048908907058e+00   9.9990391206329088e-01
 -2.2750000000000000e+01   2.0196761918369930e+00   9.9990321186869846e-01
 -2.2700000000000003e+01   2.0197478023337800e+00   9.9990250607574649e-01
 -2.2649999999999999e+01   2.0198197241235496e+00   9.9990179463391660e-01
 -2.2600000000000001e+01   2.0198919589619355e+00   9.9990107749216417e-01
 -2.2550000000000004e+01   2.0199645086178650e+00   9.9990035459891180e-01
 -2.2500000000000000e+01   2.0200373748736196e+00   9.9989962590204351e-01
 -2.2450000000000003e+01   2.0201105595249880e+00   9.9989889134889798e-01
 -2.2399999999999999e+01   2.0201840643815094e+00   9.9989815088626077e-01
 -2.2350000000000001e+01   2.0202578912664979e+00   9.9989740446035869e-01
 -2.2300000000000004e+01   2.0203320420171202e+00   9.9989665201685352e-01
 -2.2250000000000000e+01   2.0204065184847426e+00   9.9989589350083297e-01
 -2.2200000000000003e+01   2.0204813225348923e+00   9.9989512885680543e-01
 -2.2149999999999999e+01   2.0205564560474074e+00   9.9989435802869275e-01
 -2.2100000000000001e+01   2.0206319209167032e+00   9.9989358095982173e-01
 -2.2050000000000004e+01   2.0207077190518099e+00   9.9989279759291783e-01
 -2.2000000000000000e+01   2.0207838523765371e+00   9.9989200787009758e-01
 -2.1950000000000003e+01   2.0208603228296531e+00   9.9989121173286066e-01
 -2.1899999999999999e+01   2.0209371323650651e+00   9.9989040912208194e-01
 -2.1850000000000001e+01   2.0210142829518851e+00   9.9988959997800453e-01
 -2.1800000000000004e+01   2.0210917765746244e+00   9.9988878424023153e-01
 -2.1750000000000000e+01   2.0211696152333585e+00   9.9988796184771789e-01
 -2.1700000000000003e+01   2.0212478009438826e+00   9.9988713273876229e-01
 -2.1649999999999999e+01   2.0213263357378981e+00   9.9988629685099861e-01
 -2.1600000000000001e+01   2.0214052216631293e+00   9.9988545412138807e-01
 -2.1550000000000004e+01   2.0214844607835034e+00   9.9988460448621053e-01
 -2.1500000000000000e+01   2.0215640551793492e+00   9.9988374788105550e-01
 -2.1450000000000003e+01   2.0216440069474970e+00   9.9988288424081417e-01
 -2.1399999999999999e+01   2.0217243182015516e+00   9.9988201349966943e-01
 -2.1350000000000001e+01   2.0218049910719400e+00   9.9988113559108815e-01
 -2.1300000000000004e+01   2.0218860277061839e+00   9.9988025044781104e-01
 -2.1250000000000000e+01   2.0219674302690729e+00   9.9987935800184335e-01
 -2.1200000000000003e+01   2.0220492009428321e+00   9.9987845818444565e-01
 -2.1149999999999999e+01   2.0221313419272344e+00   9.9987755092612496e-01
 -2.1100000000000001e+01   2.0222138554398996e+00   9.9987663615662381e-01
 -2.1050000000000004e+01   2.0222967437164141e+00   9.9987571380491114e-01
 -2.1000000000000000e+01   2.0223800090105089e+00   9.9987478379917238e-01
 -2.0950000000000003e+01   2.0224636535942873e+00   9.9987384606679897e-01
 -2.0899999999999999e+01   2.0225476797584196e+00   9.9987290053437794e-01
 -2.0850000000000001e+01   2.0226320898123475e+00   9.9987194712768146e-01
 -2.0800000000000004e+01   2.0227168860844569e+00   9.9987098577165645e-01
 -2.0750000000000000e+01   2.0228020709222498e+00   9.9987001639041417e-01
 -2.0700000000000003e+01   2.0228876466926584e+00   9.9986903890721801e-01
 -2.0649999999999999e+01   2.0229736157821652e+00   9.9986805324447336e-01
 -2.0600000000000001e+01   2.0230599805970235e+00   9.9986705932371622e-01
 -2.0550000000000004e+01   2.0231467435634909e+00   9.9986605706560150e-01
 -2.0500000000000000e+01   2.0232339071280516e+00   9.9986504638989127e-01
 -2.0450000000000003e+01   2.0233214737576066e+00   9.9986402721544332e-01
 -2.0399999999999999e+01   2.0234094459397278e+00   9.9986299946019874e-01
 -2.0350000000000001e+01   2.0234978261828309e+00   9.9986196304117037e-01
 -2.0300000000000004e+01   2.0235866170165213e+00   9.9986091787442899e-01
 -2.0250000000000000e+01   2.0236758209916772e+00   9.9985986387509251e-01
 -2.0200000000000003e+01   2.0237654406808008e+00   9.9985880095731183e-01
 -2.0149999999999999e+01   2.0238554786781604e+00   9.9985772903425896e-01
 -2.0100000000000001e+01   2.0239459376001374e+00   9.9985664801811258e-01
 -2.0050000000000004e+01   2.0240368200853900e+00   9.9985555782004565e-01
 -2.0000000000000000e+01   2.0241281287950970e+00   9.9985445835021181e-01
 -1.9950000000000003e+01   2.0242198664133233e+00   9.9985334951773019e-01
 -1.9899999999999999e+01   2.0243120356470969e+00   9.9985223123067357e-01
 -1.9850000000000001e+01   2.0244046392268276e+00   9.9985110339605210e-01
 -1.9800000000000004e+01   2.0244976799064709e+00   9.9984996591980002e-01
 -1.9750000000000000e+01   2.0245911604638551e+00   9.9984881870676023e-01
 -1.9700000000000003e+01   2.0246850837009034e+00   9.9984766166066985e-01
 -1.9649999999999999e+01   2.0247794524439016e+00   9.9984649468414510e-01
 -1.9600000000000001e+01   2.0248742695438726e+00   9.9984531767866469e-01
 -1.9550000000000004e+01   2.0249695378767179e+00   9.9984413054455579e-01
 -1.9500000000000000e+01   2.0250652603435957e+00   9.9984293318097694e-01
 -1.9450000000000003e+01   2.0251614398711557e+00   9.9984172548590255e-01
 -1.9399999999999999e+01   2.0252580794119011e+00   9.9984050735610552e-01
 -1.9350000000000001e+01   2.0253551819444153e+00   9.9983927868714140e-01
 -1.9300000000000004e+01   2.0254527504737490e+00   9.9983803937333027e-01
 -1.9250000000000000e+01   2.0255507880316044e+00   9.9983678930774100e-01
 -1.9200000000000003e+01   2.0256492976767664e+00   9.9983552838217216e-01
 -1.9149999999999999e+01   2.0257482824953450e+00   9.9983425648713498e-01
 -1.9100000000000001e+01   2.0258477456010660e+00   9.9983297351183564e-01
 -1.9050000000000004e+01   2.0259476901356850e+00   9.9983167934415562e-01
 -1.9000000000000000e+01   2.0260481192693227e+00   9.9983037387063278e-01
 -1.8950000000000003e+01   2.0261490362006560e+00   9.9982905697644420e-01
 -1.8899999999999999e+01   2.0262504441574158e+00   9.9982772854538460e-01
 -1.8850000000000001e+01   2.0263523463965840e+00   9.9982638845984861e-01
 -1.8800000000000004e+01   2.0264547462049260e+00   9.9982503660080824e-01
 -1.8750000000000000e+01   2.0265576468992057e+00   9.9982367284779428e-01
 -1.8700000000000003e+01   2.0266610518265344e+00   9.9982229707887571e-01
 -1.8649999999999999e+01   2.0267649643648196e+00   9.9982090917063748e-01
 -1.8600000000000001e+01   2.0268693879230892e+00   9.9981950899815963e-01
 -1.8550000000000004e+01   2.0269743259419046e+00   9.9981809643499497e-01
 -1.8500000000000000e+01   2.0270797818936073e+00   9.9981667135314867e-01
 -1.8450000000000003e+01   2.0271857592829186e+00   9.9981523362305280e-01
 -1.8399999999999999e+01   2.0272922616471680e+00   9.9981378311354563e-01
 -1.8350000000000001e+01   2.0273992925567126e+00   9.9981231969184792e-01
 -1.8300000000000004e+01   2.0275068556154383e+00   9.9981084322353786e-01
 -1.8250000000000000e+01   2.0276149544610660e+00   9.9980935357252831e-01
 -1.8200000000000003e+01   2.0277235927656219e+00   9.9980785060104149e-01
 -1.8149999999999999e+01   2.0278327742358155e+00   9.9980633416958453e-01
 -1.8100000000000001e+01   2.0279425026135165e+00   9.9980480413692341e-01
 -1.8050000000000004e+01   2.0280527816761778e+00   9.9980326036005718e-01
 -1.8000000000000000e+01   2.0281636152372449e+00   9.9980170269419211e-01
 -1.7950000000000003e+01   2.0282750071466635e+00   9.9980013099271403e-01
 -1.7899999999999999e+01   2.0283869612912659e+00   9.9979854510716204e-01
 -1.7850000000000001e+01   2.0284994815953046e+00   9.9979694488719972e-01
 -1.7800000000000004e+01   2.0286125720208772e+00   9.9979533018058753e-01
 -1.7750000000000000e+01   2.0287262365684056e+00   9.9979370083315400e-01
 -1.7700000000000003e+01   2.0288404792771915e+00   9.9979205668876547e-01
 -1.7649999999999999e+01   2.0289553042257586e+00   9.9979039758929844e-01
 -1.7600000000000001e+01   2.0290707155325003e+00   9.9978872337460711e-01
 -1.7550000000000004e+01   2.0291867173561604e+00   9.9978703388249290e-01
 -1.7500000000000000e+01   2.0293033138962357e+00   9.9978532894867467e-01
 -1.7450000000000003e+01   2.0294205093936672e+00   9.9978360840675429e-01
 -1.7399999999999999e+01   2.0295383081312894e+00   9.9978187208818525e-01
 -1.7350000000000001e+01   2.0296567144343389e+00   9.9978011982224002e-01
 -1.7300000000000004e+01   2.0297757326710908e+00   9.9977835143597493e-01
 -1.7250000000000000e+01   2.0298953672533302e+00   9.9977656675419713e-01
 -1.7200000000000003e+01   2.0300156226369821e+00   9.9977476559942857e-01
 -1.7149999999999999e+01   2.0301365033226570e+00   9.9977294779187087e-01
 -1.7100000000000001e+01   2.0302580138562583e+00   9.9977111314936862e-01
 -1.7050000000000004e+01   2.0303801588295758e+00   9.9976926148737244e-01
 -1.7000000000000000e+01   2.0305029428808861e+00   9.9976739261890135e-01
 -1.6950000000000003e+01   2.0306263706955363e+00   9.9976550635450490e-01
 -1.6899999999999999e+01   2.0307504470066542e+00   9.9976360250222274e-01
 -1.6850000000000001e+01   2.0308751765956972e+00   9.9976168086754613e-01
 -1.6800000000000004e+01   2.0310005642932030e+00   9.9975974125337574e-01
 -1.6750000000000000e+01   2.0311266149792813e+00   9.9975778345998290e-01
 -1.6700000000000003e+01   2.0312533335844467e+00   9.9975580728496483e-01
 -1.6649999999999999e+01   2.0313807250902243e+00   9.9975381252320294e-01
 -1.6600000000000001e+01   2.0315087945298322e+00   9.9975179896681921e-01
 -1.6550000000000004e+01   2.0316375469889447e+00   9.9974976640513058e-01
 -1.6500000000000000e+01   2.0317669876063191e+00   9.9974771462460499e-01
 -1.6450000000000003e+01   2.0318971215746289e+00   9.9974564340881333e-01
 -1.6400000000000006e+01   2.0320279541411295e+00   9.9974355253838343e-01
 -1.6350000000000001e+01   2.0321594906083806e+00   9.9974144179095237e-01
 -1.6300000000000004e+01   2.0322917363350914e+00   9.9973931094111623e-01
 -1.6250000000000000e+01   2.0324246967368857e+00   9.9973715976038025e-01
 -1.6200000000000003e+01   2.0325583772870397e+00   9.9973498801710869e-01
 -1.6150000000000006e+01   2.0326927835173398e+00   9.9973279547647209e-01
 -1.6100000000000001e+01   2.0328279210188938e+00   9.9973058190039432e-01
 -1.6050000000000004e+01   2.0329637954429121e+00   9.9972834704749947e-01
 -1.6000000000000000e+01   2.0331004125016285e+00   9.9972609067305551e-01
 -1.5950000000000003e+01   2.0332377779691484e+00   9.9972381252891840e-01
 -1.5900000000000006e+01   2.0333758976822791e+00   9.9972151236347551e-01
 -1.5850000000000001e+01   2.0335147775414080e+00   9.9971918992158748e-01
 -1.5800000000000004e+01   2.0336544235115581e+00   9.9971684494452617e-01
 -1.5750000000000000e+01   2.0337948416231555e+00   9.9971447716991646e-01
 -1.5700000000000003e+01   2.0339360379730085e+00   9.9971208633167363e-01
 -1.5650000000000006e+01   2.0340780187253307e+00   9.9970967215993900e-01
 -1.5600000000000001e+01   2.0342207901126756e+00   9.9970723438101605e-01
 -1.5550000000000004e+01   2.0343643584368869e+00   9.9970477271730529e-01
 -1.5500000000000000e+01   2.0345087300701814e+00   9.9970228688723584e-01
 -1.5450000000000003e+01   2.0346539114561089e+00   9.9969977660519804e-01
 -1.5400000000000006e+01   2.0347999091106734e+00   9.9969724158147222e-01
 -1.5350000000000001e+01   2.0349467296233494e+00   9.9969468152215812e-01
 -1.5300000000000004e+01   2.0350943796581964e+00   9.9969209612910159e-01
 -1.5250000000000000e+01   2.0352428659549369e+00   9.9968948509982059e-01
 -1.5200000000000003e+01   2.0353921953300991e+00   9.9968684812742903e-01
 -1.5150000000000006e+01   2.0355423746782160e+00   9.9968418490055833e-01
 -1.5100000000000001e+01   2.0356934109728533e+00   9.9968149510328075e-01
 -1.5050000000000004e+01   2.0358453112679622e+00   9.9967877841502573e-01
 -1.5000000000000000e+01   2.0359980826990105e+00   9.9967603451049880e-01
 -1.4950000000000003e+01   2.0361517324842069e+00   9.9967326305959758e-01
 -1.4900000000000006e+01   2.0363062679258164e+00   9.9967046372732471e-01
 -1.4850000000000001e+01   2.0364616964113837e+00   9.9966763617370102e-01
 -1.4800000000000004e+01   2.0366180254150703e+00   9.9966478005367532e-01
 -1.4750000000000000e+01   2.0367752624990008e+00   9.9966189501703240e-01
 -1.4700000000000003e+01   2.0369334153146110e+00   9.9965898070829962e-01
 -1.4650000000000006e+01   2.0370924916040045e+00   9.9965603676665171e-01
 -1.4600000000000001e+01   2.0372524992013745e+00   9.9965306282581290e-01
 -1.4550000000000004e+01   2.0374134460344733e+00   9.9965005851395639e-01
 -1.4500000000000000e+01   2.0375753401260450e+00   9.9964702345360301e-01
 -1.4450000000000003e+01   2.0377381895953453e+00   9.9964395726151645e-01
 -1.4400000000000006e+01   2.0379020026596399e+00   9.9964085954859716e-01
 -1.4350000000000001e+01   2.0380667876357470e+00   9.9963772991977373e-01
 -1.4300000000000004e+01   2.0382325529416985e+00   9.9963456797389005e-01
 -1.4250000000000000e+01   2.0383993070982176e+00   9.9963137330359420e-01
 -1.4200000000000003e+01   2.0385670587305023e+00   9.9962814549521950e-01
 -1.4150000000000006e+01   2.0387358165698242e+00   9.9962488412866723e-01
 -1.4100000000000001e+01   2.0389055894552603e+00   9.9962158877728469e-01
 -1.4050000000000004e+01   2.0390763863354988e+00   9.9961825900773971e-01
 -1.4000000000000000e+01   2.0392482162704764e+00   9.9961489437989648e-01
 -1.3950000000000003e+01   2.0394210884333717e+00   9.9961149444668207e-01
 -1.3900000000000006e+01   2.0395950121123367e+00   9.9960805875395597e-01
 -1.3850000000000001e+01   2.0397699967124461e+00   9.9960458684037301e-01
 -1.3800000000000004e+01   2.0399460517576182e+00   9.9960107823724442e-01
 -1.3750000000000000e+01   2.0401231868925578e+00   9.9959753246839622e-01
 -1.3700000000000003e+01   2.0403014118848253e+00   9.9959394905002241e-01
 -1.3650000000000006e+01   2.0404807366268614e+00   9.9959032749053667e-01
 -1.3600000000000001e+01   2.0406611711380385e+00   9.9958666729042078e-01
 -1.3550000000000004e+01   2.0408427255668906e+00   9.9958296794206691e-01
 -1.3500000000000000e+01   2.0410254101932268e+00   9.9957922892961937e-01
 -1.3450000000000003e+01   2.0412092354304243e+00   9.9957544972880996e-01
 -1.3400000000000006e+01   2.0413942118276061e+00   9.9957162980679282e-01
 -1.3350000000000001e+01   2.0415803500721061e+00   9.9956776862197028e-01
 -1.3300000000000004e+01   2.0417676609917215e+00   9.9956386562382016e-01
 -1.3250000000000000e+01   2.0419561555571684e+00   9.9955992025271567e-01
 -1.3200000000000003e+01   2.0421458448846428e+00   9.9955593193973991e-01
 -1.3150000000000006e+01   2.0423367402382602e+00   9.9955190010649952e-01
 -1.3100000000000001e+01   2.0425288530326653e+00   9.9954782416493149e-01
 -1.3050000000000004e+01   2.0427221948356862e+00   9.9954370351710542e-01
 -1.3000000000000000e+01   2.0429167773710519e+00   9.9953953755502090e-01
 -1.2950000000000003e+01   2.0431126125210999e+00   9.9953532566040137e-01
 -1.2900000000000006e+01   2.0433097123296617e+00   9.9953106720448048e-01
 -1.2850000000000001e+01   2.0435080890048698e+00   9.9952676154778608e-01
 -1.2800000000000004e+01   2.0437077549221856e+00   9.9952240803991554e-01
 -1.2750000000000000e+01   2.0439087226273442e+00   9.9951800601930874e-01
 -1.2700000000000003e+01   2.0441110048394946e+00   9.9951355481301252e-01
 -1.2650000000000006e+01   2.0443146144543234e+00   9.9950905373644117e-01
 -1.2600000000000001e+01   2.0445195645472207e+00   9.9950450209313146e-01
 -1.2550000000000004e+01   2.0447258683766587e+00   9.9949989917448845e-01
 -1.2500000000000000e+01   2.0449335393875163e+00   9.9949524425952763e-01
 -1.2450000000000003e+01   2.0451425912144980e+00   9.9949053661461018e-01
 -1.2400000000000006e+01   2.0453530376857345e+00   9.9948577549316908e-01
 -1.2350000000000001e+01   2.0455648928263330e+00   9.9948096013543120e-01
 -1.2300000000000004e+01   2.0457781708620817e+00   9.9947608976813052e-01
 -1.2250000000000000e+01   2.0459928862231949e+00   9.9947116360421506e-01
 -1.2200000000000003e+01   2.0462090535482140e+00   9.9946618084254457e-01
 -1.2150000000000006e+01   2.0464266876879398e+00   9.9946114066758163e-01
 -1.2100000000000001e+01   2.0466458037095192e+00   9.9945604224907325e-01
 -1.2050000000000004e+01   2.0468664169005177e+00   9.9945088474172672e-01
 -1.2000000000000000e+01   2.0470885427731940e+00   9.9944566728487427e-01
 -1.1950000000000003e+01   2.0473121970688908e+00   9.9944038900212862e-01
 -1.1900000000000006e+01   2.0475373957624110e+00   9.9943504900103197e-01
 -1.1850000000000001e+01   2.0477641550665981e+00   9.9942964637269349e-01
 -1.1800000000000004e+01   2.0479924914370065e+00   9.9942418019141721e-01
 -1.1750000000000000e+01   2.0482224215766704e+00   9.9941864951432047e-01
 -1.1700000000000003e+01   2.0484539624410223e+00   9.9941305338094100e-01
 -1.1650000000000006e+01   2.0486871312428869e+00   9.9940739081283447e-01
 -1.1600000000000001e+01   2.0489219454575935e+00   9.9940166081316106e-01
 -1.1550000000000004e+01   2.0491584228283077e+00   9.9939586236625833e-01
 -1.1500000000000000e+01   2.0493965813713908e+00   9.9938999443720489e-01
 -1.1450000000000003e+01   2.0496364393819286e+00   9.9938405597137103e-01
 -1.1400000000000006e+01   2.0498780154394272e+00   9.9937804589395607e-01
 -1.1350000000000001e+01   2.0501213284136077e+00   9.9937196310951382e-01
 -1.1300000000000004e+01   2.0503663974703725e+00   9.9936580650146412e-01
 -1.1250000000000000e+01   2.0506132420779473e+00   9.9935957493158978e-01
 -1.1200000000000003e+01   2.0508618820131277e+00   9.9935326723952067e-01
 -1.1150000000000006e+01   2.0511123373677314e+00   9.9934688224220181e-01
 -1.1100000000000001e+01   2.0513646285551839e+00   9.9934041873334700e-01
 -1.1050000000000004e+01   2.0516187763173268e+00   9.9933387548287544e-01
 -1.1000000000000000e+01   2.0518748017313082e+00   9.9932725123633437e-01
 -1.0950000000000003e+01   2.0521327262167897e+00   9.9932054471430132e-01
 -1.0900000000000006e+01   2.0523925715432352e+00   9.9931375461177174e-01
 -1.0850000000000001e+01   2.0526543598373959e+00   9.9930687959752851e-01
 -1.0800000000000004e+01   2.0529181135911130e+00   9.9929991831348952e-01
 -1.0750000000000000e+01   2.0531838556691722e+00   9.9929286937404016e-01
 -1.0700000000000003e+01   2.0534516093174862e+00   9.9928573136534271e-01
 -1.0650000000000006e+01   2.0537213981714117e+00   9.9927850284462716e-01
 -1.0600000000000001e+01   2.0539932462643904e+00   9.9927118233945822e-01
 -1.0550000000000004e+01   2.0542671780367616e+00   9.9926376834698161e-01
 -1.0500000000000000e+01   2.0545432183447998e+00   9.9925625933314788e-01
 -1.0450000000000003e+01   2.0548213924700867e+00   9.9924865373191019e-01
 -1.0400000000000006e+01   2.0551017261290405e+00   9.9924094994440005e-01
 -1.0350000000000001e+01   2.0553842454827875e+00   9.9923314633807558e-01
 -1.0300000000000004e+01   2.0556689771473247e+00   9.9922524124584267e-01
 -1.0250000000000000e+01   2.0559559482038714e+00   9.9921723296515141e-01
 -1.0200000000000003e+01   2.0562451862096243e+00   9.9920911975706117e-01
 -1.0150000000000006e+01   2.0565367192087196e+00   9.9920089984527860e-01
 -1.0100000000000001e+01   2.0568305757436516e+00   9.9919257141516127e-01
 -1.0050000000000004e+01   2.0571267848668748e+00   9.9918413261269345e-01
 -1.0000000000000000e+01   2.0574253761527967e+00   9.9917558154342745e-01
 -9.9500000000000028e+00   2.0577263797101892e+00   9.9916691627138876e-01
 -9.9000000000000057e+00   2.0580298261948453e+00   9.9915813481794902e-01
 -9.8500000000000014e+00   2.0583357468227117e+00   9.9914923516065912e-01
 -9.8000000000000043e+00   2.0586441733833580e+00   9.9914021523204566e-01
 -9.7500000000000000e+00   2.0589551382538547e+00   9.9913107291836722e-01
 -9.7000000000000028e+00   2.0592686744130897e+00   9.9912180605832879e-01
 -9.6500000000000057e+00   2.0595848154565397e+00   9.9911241244175253e-01
 -9.6000000000000014e+00   2.0599035956114027e+00   9.9910288980820638e-01
 -9.5500000000000043e+00   2.0602250497522836e+00   9.9909323584558374e-01
 -9.5000000000000000e+00   2.0605492134173287e+00   9.9908344818863570e-01
 -9.4500000000000028e+00   2.0608761228248569e+00   9.9907352441745323e-01
 -9.4000000000000057e+00   2.0612058148905397e+00   9.9906346205589625e-01
 -9.3500000000000014e+00   2.0615383272450716e+00   9.9905325856996963e-01
 -9.3000000000000043e+00   2.0618736982524353e+00   9.9904291136614165e-01
 -9.2500000000000000e+00   2.0622119670287407e+00   9.9903241778960372e-01
 -9.2000000000000028e+00   2.0625531734616618e+00   9.9902177512246881e-01
 -9.1500000000000057e+00   2.0628973582305026e+00   9.9901098058190596e-01
 -9.1000000000000014e+00   2.0632445628269034e+00   9.9900003131820847e-01
 -9.0500000000000043e+00   2.0635948295762385e+00   9.9898892441279230e-01
 -9.0000000000000000e+00   2.0639482016596924e+00   9.9897765687612283e-01
 -8.9500000000000028e+00   2.0643047231370995e+00   9.9896622564556525e-01
 -8.9000000000000057e+00   2.0646644389705018e+00   9.9895462758315756e-01
 -8.8500000000000014e+00   2.0650273950485118e+00   9.9894285947330119e-01
 -8.8000000000000043e+00   2.0653936382115319e+00   9.9893091802036482e-01
 -8.7500000000000000e+00   2.0657632162777331e+00   9.9891879984620202e-01
 -8.7000000000000028e+00   2.0661361780700100e+00   9.9890650148757298e-01
 -8.6500000000000057e+00   2.0665125734438399e+00   9.9889401939346945e-01
 -8.6000000000000014e+00   2.0668924533160569e+00   9.9888134992233979e-01
 -8.5500000000000043e+00   2.0672758696947056e+00   9.9886848933920525e-01
 -8.5000000000000000e+00   2.0676628757098485e+00   9.9885543381266839e-01
 -8.4500000000000028e+00   2.0680535256455230e+00   9.9884217941180353e-01
 -8.4000000000000057e+00   2.0684478749728270e+00   9.9882872210292606e-01
 -8.3500000000000014e+00   2.0688459803841424e+00   9.9881505774623658e-01
 -8.3000000000000043e+00   2.0692478998286612e+00   9.9880118209232993e-01
 -8.2500000000000000e+00   2.0696536925491191e+00   9.9878709077856820e-01
 -8.2000000000000028e+00   2.0700634191199168e+00   9.9877277932530673e-01
 -8.1500000000000057e+00   2.0704771414866179e+00   9.9875824313196881e-01
 -8.1000000000000014e+00   2.0708949230069562e+00   9.9874347747295944e-01
 -8.0500000000000043e+00   2.0713168284932935e+00   9.9872847749341453e-01
 -8.0000000000000000e+00   2.0717429242567289e+00   9.9871323820477331e-01
 -7.9500000000000028e+00   2.0721732781528281e+00   9.9869775448016862e-01
 -7.9000000000000057e+00   2.0726079596291727e+00   9.9868202104962212e-01
 -7.8500000000000014e+00   2.0730470397746354e+00   9.9866603249504071e-01
 -7.8000000000000043e+00   2.0734905913706183e+00   9.9864978324499920e-01
 -7.7500000000000000e+00   2.0739386889442737e+00   9.9863326756930049e-01
 -7.7000000000000028e+00   2.0743914088237907e+00   9.9861647957330291e-01
 -7.6500000000000057e+00   2.0748488291958944e+00   9.9859941319200096e-01
 -7.6000000000000014e+00   2.0753110301656466e+00   9.9858206218384726e-01
 -7.5500000000000043e+00   2.0757780938185784e+00   9.9856442012430569e-01
 -7.5000000000000000e+00   2.0762501042854056e+00   9.9854648039911620e-01
 -7.4500000000000028e+00   2.0767271478093310e+00   9.9852823619726128e-01
 -7.4000000000000057e+00   2.0772093128161453e+00   9.9850968050361466e-01
 -7.3500000000000014e+00   2.0776966899872531e+00   9.9849080609125618e-01
 -7.3000000000000043e+00   2.0781893723356073e+00   9.9847160551344094e-01
 -7.2500000000000000e+00   2.0786874552850545e+00   9.9845207109519063e-01
 -7.2000000000000028e+00   2.0791910367528526e+00   9.9843219492450208e-01
 -7.1500000000000057e+00   2.0797002172358066e+00   9.9841196884314132e-01
 -7.1000000000000014e+00   2.0802150999001356e+00   9.9839138443700282e-01
 -7.0500000000000043e+00   2.0807357906751638e+00   9.9837043302601403e-01
 -7.0000000000000000e+00   2.0812623983511971e+00   9.9834910565355284e-01
 -6.9500000000000028e+00   2.0817950346816967e+00   9.9832739307535501e-01
 -6.9000000000000057e+00   2.0823338144899970e+00   9.9830528574788169e-01
 -6.8500000000000014e+00   2.0828788557808249e+00   9.9828277381611530e-01
 -6.8000000000000043e+00   2.0834302798568962e+00   9.9825984710075000e-01
 -6.7500000000000000e+00   2.0839882114408366e+00   9.9823649508474233e-01
 -6.7000000000000028e+00   2.0845527788027138e+00   9.9821270689918484e-01
 -6.6500000000000057e+00   2.0851241138935430e+00   9.9818847130845978e-01
 -6.6000000000000014e+00   2.0857023524850211e+00   9.9816377669463330e-01
 -6.5500000000000043e+00   2.0862876343159535e+00   9.9813861104103907e-01
 -6.5000000000000000e+00   2.0868801032456319e+00   9.9811296191500709e-01
 -6.4500000000000028e+00   2.0874799074146186e+00   9.9808681644968245e-01
 -6.4000000000000057e+00   2.0880871994134154e+00   9.9806016132487529e-01
 -6.3500000000000014e+00   2.0887021364594158e+00   9.9803298274688379e-01
 -6.3000000000000043e+00   2.0893248805826117e+00   9.9800526642722553e-01
 -6.2500000000000000e+00   2.0899555988206733e+00   9.9797699756020353e-01
 -6.2000000000000028e+00   2.0905944634238884e+00   9.9794816079923443e-01
 -6.1500000000000057e+00   2.0912416520705586e+00   9.9791874023185878e-01
 -6.1000000000000014e+00   2.0918973480935668e+00   9.9788871935334245e-01
 -6.0500000000000043e+00   2.0925617407187311e+00   9.9785808103877960e-01
 -6.0000000000000000e+00   2.0932350253157521e+00   9.9782680751359276e-01
 -5.9500000000000028e+00   2.0939174036624855e+00   9.9779488032232444e-01
 -5.9000000000000057e+00   2.0946090842234910e+00   9.9776228029559810e-01
 -5.8500000000000014e+00   2.0953102824436329e+00   9.9772898751512873e-01
 -5.8000000000000043e+00   2.0960212210579092e+00   9.9769498127663703e-01
 -5.7500000000000000e+00   2.0967421304183951e+00   9.9766024005052756e-01
 -5.7000000000000028e+00   2.0974732488396048e+00   9.9762474144016311e-01
 -5.6500000000000057e+00   2.0982148229633859e+00   9.9758846213756769e-01
 -5.6000000000000014e+00   2.0989671081447852e+00   9.9755137787636461e-01
 -5.5500000000000043e+00   2.0997303688602522e+00   9.9751346338174951e-01
 -5.5000000000000000e+00   2.1005048791398391e+00   9.9747469231727159e-01
 -5.4500000000000028e+00   2.1012909230249592e+00   9.9743503722818794e-01
 -5.4000000000000057e+00   2.1020887950537053e+00   9.9739446948112065e-01
 -5.3500000000000014e+00   2.1028988007755238e+00   9.9735295919973976e-01
 -5.3000000000000043e+00   2.1037212572975728e+00   9.9731047519615268e-01
 -5.2500000000000000e+00   2.1045564938649921e+00   9.9726698489766497e-01
 -5.2000000000000028e+00   2.1054048524777076e+00   9.9722245426853817e-01
 -5.1500000000000057e+00   2.1062666885464583e+00   9.9717684772634252e-01
 -5.1000000000000014e+00   2.1071423715911592e+00   9.9713012805245549e-01
 -5.0500000000000043e+00   2.1080322859848022e+00   9.9708225629622449e-01
 -5.0000000000000000e+00   2.1089368317465289e+00   9.9703319167225712e-01
 -4.9500000000000028e+00   2.1098564253878287e+00   9.9698289145025210e-01
 -4.9000000000000057e+00   2.1107915008160596e+00   9.9693131083673125e-01
 -4.8500000000000014e+00   2.1117425103001035e+00   9.9687840284795781e-01
 -4.8000000000000043e+00   2.1127099255032258e+00   9.9682411817326433e-01
 -4.7500000000000000e+00   2.1136942385888249e+00   9.9676840502792685e-01
 -4.7000000000000028e+00   2.1146959634053140e+00   9.9671120899463173e-01
 -4.6500000000000057e+00   2.1157156367569141e+00   9.9665247285248548e-01
 -4.6000000000000014e+00   2.1167538197679572e+00   9.9659213639239785e-01
 -4.5500000000000043e+00   2.1178110993489749e+00   9.9653013621754649e-01
 -4.5000000000000000e+00   2.1188880897737441e+00   9.9646640552748755e-01
 -4.4500000000000028e+00   2.1199854343775297e+00   9.9640087388430887e-01
 -4.4000000000000057e+00   2.1211038073876862e+00   9.9633346695905156e-01
 -4.3500000000000014e+00   2.1222439158991722e+00   9.9626410625640904e-01
 -4.3000000000000043e+00   2.1234065020088209e+00   9.9619270881548672e-01
 -4.2500000000000000e+00   2.1245923451238635e+00   9.9611918688413403e-01
 -4.2000000000000028e+00   2.1258022644618761e+00   9.9604344756406604e-01
 -4.1500000000000057e+00   2.1270371217613917e+00   9.9596539242364535e-01
 -4.1000000000000014e+00   2.1282978242247279e+00   9.9588491707480020e-01
 -4.0500000000000043e+00   2.1295853277170522e+00   9.9580191071011603e-01
 -4.0000000000000000e+00   2.1309006402488331e+00   9.9571625559561139e-01
 -3.9500000000000028e+00   2.1322448257720144e+00   9.9562782651413240e-01
 -3.9000000000000057e+00   2.1336190083242665e+00   9.9553649015360990e-01
 -3.8500000000000014e+00   2.1350243765599877e+00   9.9544210443364667e-01
 -3.8000000000000043e+00   2.1364621887118735e+00   9.9534451776299127e-01
 -3.7500000000000000e+00   2.1379337780327088e+00   9.9524356821940585e-01
 -3.7000000000000028e+00   2.1394405587738570e+00   9.9513908264220863e-01
 -3.6500000000000057e+00   2.1409840327647123e+00   9.9503087562634962e-01
 -3.6000000000000014e+00   2.1425657966665250e+00   9.9491874840520977e-01
 -3.5500000000000043e+00   2.1441875499846286e+00   9.9480248760735757e-01
 -3.5000000000000000e+00   2.1458511039355108e+00   9.9468186387019819e-01
 -3.4500000000000028e+00   2.1475583912796687e+00   9.9455663029073904e-01
 -3.4000000000000057e+00   2.1493114772482578e+00   9.9442652069048576e-01
 -3.3500000000000014e+00   2.1511125717117161e+00   9.9429124766766785e-01
 -3.3000000000000043e+00   2.1529640427622700e+00   9.9415050040545561e-01
 -3.2500000000000000e+00   2.1548684319106122e+00   9.9400394219938704e-01
 -3.2000000000000028e+00   2.1568284711305545e+00   9.9385120766071322e-01
 -3.1500000000000057e+00   2.1588471020258511e+00   9.9369189954449721e-01
 -3.1000000000000014e+00   2.1609274974416999e+00   9.9352558514178790e-01
 -3.0500000000000043e+00   2.1630730859017198e+00   9.9335179216362257e-01
 -3.0000000000000000e+00   2.1652875793217432e+00   9.9317000403048961e-01
 -2.9500000000000028e+00   2.1675750045377895e+00   9.9297965446353997e-01
 -2.9000000000000057e+00   2.1699397392904300e+00   9.9278012125247517e-01
 -2.8500000000000014e+00   2.1723865534367937e+00   9.9257071904854588e-01
 -2.8000000000000043e+00   2.1749206563207251e+00   9.9235069099808171e-01
 -2.7500000000000000e+00   2.1775477514294930e+00   9.9211919899058276e-01
 -2.7000000000000028e+00   2.1802740997124483e+00   9.9187531224321657e-01
 -2.6500000000000057e+00   2.1831065932477962e+00   9.9161799387729654e-01
 -2.6000000000000014e+00   2.1860528413365574e+00   9.9134608505764843e-01
 -2.5500000000000043e+00   2.1891212716036228e+00   9.9105828615675717e-01
 -2.5000000000000000e+00   2.1923212493281321e+00   9.9075313426421663e-01
 -2.4500000000000028e+00   2.1956632190569665e+00   9.9042897617706638e-01
 -2.4000000000000057e+00   2.1991588736388756e+00   9.9008393576272358e-01
 -2.3500000000000014e+00   2.2028213572433502e+00   9.8971587426149132e-01
 -2.3000000000000043e+00   2.2066655108230853e+00   9.8932234165905830e-01
 -2.2500000000000000e+00   2.2107081710215861e+00   9.8890051666618450e-01
 -2.2000000000000028e+00   2.2149685369769623e+00   9.8844713202749612e-01
 -2.1500000000000057e+00   2.2194686242076473e+00   9.8795838074710063e-01
 -2.1000000000000014e+00   2.2242338313479570e+00   9.8742979721975399e-01
 -2.0500000000000043e+00   2.2292936547779245e+00   9.8685610496964549e-01
 -2.0000000000000000e+00   2.2346825994628752e+00   9.8623101937733693e-01
 -1.9500000000000028e+00   2.2404413536150329e+00   9.8554698886794267e-01
 -1.9000000000000057e+00   2.2466183233542529e+00   9.8479485064648431e-01
 -1.8500000000000014e+00   2.2532716666671639e+00   9.8396336571590926e-01
 -1.8000000000000043e+00   2.2604720324928831e+00   9.8303858007225664e-01
 -1.7500000000000000e+00   2.2683063159111923e+00   9.8200293021054086e-01
 -1.7000000000000028e+00   2.2768829111470126e+00   9.8083396337868889e-01
 -1.6500000000000057e+00   2.2863392299086414e+00   9.7950246135383157e-01
 -1.6000000000000014e+00   2.2968527478010530e+00   9.7796961153074113e-01
 -1.5500000000000043e+00   2.3086577342529493e+00   9.7618260077145891e-01
 -1.5000000000000000e+00   2.3220715058575054e+00   9.7406748627866968e-01
 -1.4500000000000028e+00   2.3375373961918724e+00   9.7151712654300271e-01
 -1.4000000000000057e+00   2.3556987476433378e+00   9.6836960023124030e-01
 -1.3500000000000014e+00   2.3775345178556071e+00   9.6436692195688356e-01
 -1.3000000000000043e+00   2.4046280741298238e+00   9.5906903040649749e-01
 -1.2500000000000000e+00   2.4397568466507464e+00   9.5165347895594798e-01
 -1.2000000000000028e+00   2.4883738116360092e+00   9.4037275502702899e-01
 -1.1500000000000057e+00   2.5630969820175569e+00   9.2073044721067976e-01
 -1.1000000000000014e+00   2.7011107826082768e+00   8.7711091762760252e-01
 -1.0500000000000043e+00   3.0221258453974005e+00   7.3881468904266234e-01
 -1.0000000000000000e+00   3.4142135623581460e+00   5.0000000001057077e-01
 -9.5000000000000284e-01   3.5940682632462235e+00   3.6473659302779210e-01
 -9.0000000000000568e-01   3.6863414913800616e+00   2.8906309361251714e-01
 -8.5000000000000142e-01   3.7447243084160027e+00   2.3898427190557520e-01
 -8.0000000000000426e-01   3.7863488196132211e+00   2.0223947366661293e-01
 -7.5000000000000000e-01   3.8182509962090987e+00   1.7349082869615504e-01
 -7.0000000000000284e-01   3.8438969784230812e+00   1.5001098324055803e-01
 -6.5000000000000568e-01   3.8652187741486670e+00   1.3023973114083598e-01
 -6.0000000000000142e-01   3.8833921462939127e+00   1.1320850581960221e-01
 -5.5000000000000426e-01   3.8991809386343537e+00   9.8277940581984108e-02
 -5.0000000000000000e-01   3.9131070311933511e+00   8.5005371799640864e-02
 -4.5000000000000284e-01   3.9255415357636347e+00   7.3072448512255861e-02
 -4.0000000000000568e-01   3.9367570668493395e+00   6.2243016002285781e-02
 -3.5000000000000142e-01   3.9469593449757729e+00   5.2337327252876979e-02
 -3.0000000000000426e-01   3.9563071653716659e+00   4.3215568678869366e-02
 -2.5000000000000000e-01   3.9649254909908374e+00   3.4766953713604325e-02
 -2.0000000000000284e-01   3.9729143121544048e+00   2.6902279224077827e-02
 -1.5000000000000568e-01   3.9803548066151970e+00   1.9548709979021188e-02
 -1.0000000000000142e-01   3.9873137250766293e+00   1.2646039530512963e-02
 -5.0000000000004263e-02   3.9938465788767337e+00   6.1439549753863169e-03
  0.0000000000000000e+00   4.0000000000000000e+00   0.0000000000000000e+00
