# ZND solution.
# Columns are: spatial coordinate; u; lamda.
 -2.5074999999999999e+01   2.0020000000000286e+00   9.9999899999999997e-01
 -2.5050000000000001e+01   2.0020000000000286e+00   9.9999899999999997e-01
 -2.5024999999999999e+01   2.0020000000000286e+00   9.9999899999999997e-01
 -2.5000000000000000e+01   2.0020000000000286e+00   9.9999899999999997e-01
 -2.4974999999999998e+01   2.0020000000000286e+00   9.9999899999999997e-01
 -2.4949999999999999e+01   2.0020000000000286e+00   9.9999899999999997e-01
 -2.4925000000000001e+01   2.0020000000000286e+00   9.9999899999999997e-01
 -2.4899999999999999e+01   2.0020000000000286e+00   9.9999899999999997e-01
 -2.4875000000000000e+01   2.0020000000000286e+00   9.9999899999999997e-01
 -2.4849999999999998e+01   2.0020000000000286e+00   9.9999899999999997e-01
 -2.4824999999999999e+01   2.0020000000000286e+00   9.9999899999999997e-01
 -2.4800000000000001e+01   2.0020000000000286e+00   9.9999899999999997e-01
 -2.4774999999999999e+01   2.0020000000000286e+00   9.9999899999999997e-01
 -2.4750000000000000e+01   2.0020000000000286e+00   9.9999899999999997e-01
 -2.4724999999999998e+01   2.0020000000000286e+00   9.9999899999999997e-01
 -2.4699999999999999e+01   2.0020000000000286e+00   9.9999899999999997e-01
 -2.4675000000000001e+01   2.0020041492290761e+00   9.9999899584646690e-01
 -2.4649999999999999e+01   2.0020153609689415e+00   9.9999898458004122e-01
 -2.4625000000000000e+01   2.0020266356715153e+00   9.9999897318696374e-01
 -2.4599999999999998e+01   2.0020379736929539e+00   9.9999896166580671e-01
 -2.4574999999999999e+01   2.0020493753915027e+00   9.9999895001512618e-01
 -2.4550000000000001e+01   2.0020608411272227e+00   9.9999893823346209e-01
 -2.4524999999999999e+01   2.0020723712631128e+00   9.9999892631933696e-01
 -2.4500000000000000e+01   2.0020839661634278e+00   9.9999891427125742e-01
 -2.4474999999999998e+01   2.0020956261946958e+00   9.9999890208771303e-01
 -2.4449999999999999e+01   2.0021073517260692e+00   9.9999888976717566e-01
 -2.4425000000000001e+01   2.0021191431279881e+00   9.9999887730810078e-01
 -2.4399999999999999e+01   2.0021310007740079e+00   9.9999886470892529e-01
 -2.4375000000000000e+01   2.0021429250387346e+00   9.9999885196806959e-01
 -2.4349999999999998e+01   2.0021549162998458e+00   9.9999883908393516e-01
 -2.4324999999999999e+01   2.0021669749365536e+00   9.9999882605490609e-01
 -2.4300000000000001e+01   2.0021791013307748e+00   9.9999881287934755e-01
 -2.4274999999999999e+01   2.0021912958663268e+00   9.9999879955560655e-01
 -2.4250000000000000e+01   2.0022035589289620e+00   9.9999878608201165e-01
 -2.4224999999999998e+01   2.0022158909072942e+00   9.9999877245687174e-01
 -2.4199999999999999e+01   2.0022282921919055e+00   9.9999875867847687e-01
 -2.4175000000000001e+01   2.0022407631750712e+00   9.9999874474509831e-01
 -2.4149999999999999e+01   2.0022533042525632e+00   9.9999873065498635e-01
 -2.4125000000000000e+01   2.0022659158210798e+00   9.9999871640637295e-01
 -2.4099999999999998e+01   2.0022785982808271e+00   9.9999870199746865e-01
 -2.4074999999999999e+01   2.0022913520333594e+00   9.9999868742646481e-01
 -2.4050000000000001e+01   2.0023041774827686e+00   9.9999867269153198e-01
 -2.4024999999999999e+01   2.0023170750356809e+00   9.9999865779081976e-01
 -2.4000000000000000e+01   2.0023300451007762e+00   9.9999864272245709e-01
 -2.3974999999999998e+01   2.0023430880898361e+00   9.9999862748455082e-01
 -2.3949999999999999e+01   2.0023562044164018e+00   9.9999861207518703e-01
 -2.3925000000000001e+01   2.0023693944961600e+00   9.9999859649243039e-01
 -2.3899999999999999e+01   2.0023826587480604e+00   9.9999858073432257e-01
 -2.3875000000000000e+01   2.0023959975923344e+00   9.9999856479888438e-01
 -2.3849999999999998e+01   2.0024094114527289e+00   9.9999854868411286e-01
 -2.3824999999999999e+01   2.0024229007545347e+00   9.9999853238798342e-01
 -2.3800000000000001e+01   2.0024364659261455e+00   9.9999851590844768e-01
 -2.3774999999999999e+01   2.0024501073981158e+00   9.9999849924343442e-01
 -2.3750000000000000e+01   2.0024638256037779e+00   9.9999848239084854e-01
 -2.3724999999999998e+01   2.0024776209788535e+00   9.9999846534857129e-01
 -2.3699999999999999e+01   2.0024914939613430e+00   9.9999844811446015e-01
 -2.3675000000000001e+01   2.0025054449918573e+00   9.9999843068634819e-01
 -2.3649999999999999e+01   2.0025194745136763e+00   9.9999841306204373e-01
 -2.3625000000000000e+01   2.0025335829726245e+00   9.9999839523933021e-01
 -2.3599999999999998e+01   2.0025477708170389e+00   9.9999837721596596e-01
 -2.3574999999999999e+01   2.0025620384978202e+00   9.9999835898968392e-01
 -2.3550000000000001e+01   2.0025763864687400e+00   9.9999834055819092e-01
 -2.3524999999999999e+01   2.0025908151859655e+00   9.9999832191916804e-01
 -2.3500000000000000e+01   2.0026053251082776e+00   9.9999830307027004e-01
 -2.3474999999999998e+01   2.0026199166972809e+00   9.9999828400912483e-01
 -2.3449999999999999e+01   2.0026345904171006e+00   9.9999826473333353e-01
 -2.3425000000000001e+01   2.0026493467346693e+00   9.9999824524046987e-01
 -2.3399999999999999e+01   2.0026641861195924e+00   9.9999822552808004e-01
 -2.3375000000000000e+01   2.0026791090440095e+00   9.9999820559368258e-01
 -2.3349999999999998e+01   2.0026941159829565e+00   9.9999818543476759e-01
 -2.3324999999999999e+01   2.0027092074143025e+00   9.9999816504879657e-01
 -2.3300000000000001e+01   2.0027243838187689e+00   9.9999814443320201e-01
 -2.3274999999999999e+01   2.0027396456795405e+00   9.9999812358538764e-01
 -2.3250000000000000e+01   2.0027549934826916e+00   9.9999810250272758e-01
 -2.3224999999999998e+01   2.0027704277174383e+00   9.9999808118256561e-01
 -2.3199999999999999e+01   2.0027859488754212e+00   9.9999805962221588e-01
 -2.3175000000000001e+01   2.0028015574512015e+00   9.9999803781896190e-01
 -2.3149999999999999e+01   2.0028172539424975e+00   9.9999801577005587e-01
 -2.3125000000000000e+01   2.0028330388498694e+00   9.9999799347271878e-01
 -2.3099999999999998e+01   2.0028489126765603e+00   9.9999797092414033e-01
 -2.3074999999999999e+01   2.0028648759287329e+00   9.9999794812147824e-01
 -2.3050000000000001e+01   2.0028809291156957e+00   9.9999792506185758e-01
 -2.3024999999999999e+01   2.0028970727495805e+00   9.9999790174237091e-01
 -2.3000000000000000e+01   2.0029133073455649e+00   9.9999787816007757e-01
 -2.2975000000000001e+01   2.0029296334218554e+00   9.9999785431200339e-01
 -2.2949999999999999e+01   2.0029460514995181e+00   9.9999783019514055e-01
 -2.2925000000000001e+01   2.0029625621028395e+00   9.9999780580644670e-01
 -2.2899999999999999e+01   2.0029791657590010e+00   9.9999778114284510e-01
 -2.2875000000000000e+01   2.0029958629983526e+00   9.9999775620122378e-01
 -2.2850000000000001e+01   2.0030126543541642e+00   9.9999773097843558e-01
 -2.2824999999999999e+01   2.0030295403631837e+00   9.9999770547129696e-01
 -2.2800000000000001e+01   2.0030465215650115e+00   9.9999767967658848e-01
 -2.2774999999999999e+01   2.0030635985024348e+00   9.9999765359105397e-01
 -2.2750000000000000e+01   2.0030807717212431e+00   9.9999762721140040e-01
 -2.2725000000000001e+01   2.0030980417705497e+00   9.9999760053429698e-01
 -2.2699999999999999e+01   2.0031154092029584e+00   9.9999757355637453e-01
 -2.2675000000000001e+01   2.0031328745737982e+00   9.9999754627422621e-01
 -2.2649999999999999e+01   2.0031504384420051e+00   9.9999751868440578e-01
 -2.2625000000000000e+01   2.0031681013694289e+00   9.9999749078342826e-01
 -2.2600000000000001e+01   2.0031858639217628e+00   9.9999746256776800e-01
 -2.2574999999999999e+01   2.0032037266673606e+00   9.9999743403386021e-01
 -2.2550000000000001e+01   2.0032216901783673e+00   9.9999740517809865e-01
 -2.2524999999999999e+01   2.0032397550298193e+00   9.9999737599683669e-01
 -2.2500000000000000e+01   2.0032579218008162e+00   9.9999734648638494e-01
 -2.2475000000000001e+01   2.0032761910732155e+00   9.9999731664301295e-01
 -2.2449999999999999e+01   2.0032945634322497e+00   9.9999728646294772e-01
 -2.2425000000000001e+01   2.0033130394673244e+00   9.9999725594237199e-01
 -2.2399999999999999e+01   2.0033316197702558e+00   9.9999722507742661e-01
 -2.2375000000000000e+01   2.0033503049370065e+00   9.9999719386420727e-01
 -2.2350000000000001e+01   2.0033690955667285e+00   9.9999716229876556e-01
 -2.2324999999999999e+01   2.0033879922624722e+00   9.9999713037710736e-01
 -2.2300000000000001e+01   2.0034069956303702e+00   9.9999709809519366e-01
 -2.2274999999999999e+01   2.0034261062804011e+00   9.9999706544893885e-01
 -2.2250000000000000e+01   2.0034453248258361e+00   9.9999703243421112e-01
 -2.2225000000000001e+01   2.0034646518838546e+00   9.9999699904683093e-01
 -2.2199999999999999e+01   2.0034840880751825e+00   9.9999696528257109e-01
 -2.2175000000000001e+01   2.0035036340240526e+00   9.9999693113715638e-01
 -2.2149999999999999e+01   2.0035232903582321e+00   9.9999689660626290e-01
 -2.2125000000000000e+01   2.0035430577096047e+00   9.9999686168551660e-01
 -2.2100000000000001e+01   2.0035629367135508e+00   9.9999682637049381e-01
 -2.2074999999999999e+01   2.0035829280089015e+00   9.9999679065672076e-01
 -2.2050000000000001e+01   2.0036030322388134e+00   9.9999675453967152e-01
 -2.2024999999999999e+01   2.0036232500497184e+00   9.9999671801476930e-01
 -2.2000000000000000e+01   2.0036435820919425e+00   9.9999668107738482e-01
 -2.1975000000000001e+01   2.0036640290199426e+00   9.9999664372283525e-01
 -2.1949999999999999e+01   2.0036845914915689e+00   9.9999660594638506e-01
 -2.1925000000000001e+01   2.0037052701690836e+00   9.9999656774324353e-01
 -2.1899999999999999e+01   2.0037260657178191e+00   9.9999652910856662e-01
 -2.1875000000000000e+01   2.0037469788080231e+00   9.9999649003745306e-01
 -2.1850000000000001e+01   2.0037680101130966e+00   9.9999645052494690e-01
 -2.1824999999999999e+01   2.0037891603110571e+00   9.9999641056603428e-01
 -2.1800000000000001e+01   2.0038104300832100e+00   9.9999637015564524e-01
 -2.1774999999999999e+01   2.0038318201152929e+00   9.9999632928865101e-01
 -2.1750000000000000e+01   2.0038533310973148e+00   9.9999628795986362e-01
 -2.1725000000000001e+01   2.0038749637228777e+00   9.9999624616403660e-01
 -2.1699999999999999e+01   2.0038967186897181e+00   9.9999620389586330e-01
 -2.1675000000000001e+01   2.0039185967001103e+00   9.9999616114997547e-01
 -2.1649999999999999e+01   2.0039405984600172e+00   9.9999611792094423e-01
 -2.1625000000000000e+01   2.0039627246796639e+00   9.9999607420327830e-01
 -2.1600000000000001e+01   2.0039849760738124e+00   9.9999602999142279e-01
 -2.1574999999999999e+01   2.0040073533609704e+00   9.9999598527976008e-01
 -2.1550000000000001e+01   2.0040298572641104e+00   9.9999594006260772e-01
 -2.1524999999999999e+01   2.0040524885105961e+00   9.9999589433421787e-01
 -2.1500000000000000e+01   2.0040752478317794e+00   9.9999584808877739e-01
 -2.1475000000000001e+01   2.0040981359636914e+00   9.9999580132040577e-01
 -2.1449999999999999e+01   2.0041211536465235e+00   9.9999575402315544e-01
 -2.1425000000000001e+01   2.0041443016247626e+00   9.9999570619101075e-01
 -2.1399999999999999e+01   2.0041675806474810e+00   9.9999565781788669e-01
 -2.1375000000000000e+01   2.0041909914680809e+00   9.9999560889762862e-01
 -2.1350000000000001e+01   2.0042145348446252e+00   9.9999555942401086e-01
 -2.1324999999999999e+01   2.0042382115392110e+00   9.9999550939073722e-01
 -2.1300000000000001e+01   2.0042620223190264e+00   9.9999545879143803e-01
 -2.1274999999999999e+01   2.0042859679551945e+00   9.9999540761967176e-01
 -2.1250000000000000e+01   2.0043100492240198e+00   9.9999535586892163e-01
 -2.1225000000000001e+01   2.0043342669060911e+00   9.9999530353259669e-01
 -2.1199999999999999e+01   2.0043586217867349e+00   9.9999525060403005e-01
 -2.1175000000000001e+01   2.0043831146556390e+00   9.9999519707647888e-01
 -2.1149999999999999e+01   2.0044077463077450e+00   9.9999514294312164e-01
 -2.1125000000000000e+01   2.0044325175423552e+00   9.9999508819705918e-01
 -2.1100000000000001e+01   2.0044574291632578e+00   9.9999503283131363e-01
 -2.1074999999999999e+01   2.0044824819795437e+00   9.9999497683882577e-01
 -2.1050000000000001e+01   2.0045076768049599e+00   9.9999492021245551e-01
 -2.1024999999999999e+01   2.0045330144578686e+00   9.9999486294498119e-01
 -2.1000000000000000e+01   2.0045584957618399e+00   9.9999480502909732e-01
 -2.0975000000000001e+01   2.0045841215451521e+00   9.9999474645741482e-01
 -2.0949999999999999e+01   2.0046098926408376e+00   9.9999468722245999e-01
 -2.0925000000000001e+01   2.0046358098872474e+00   9.9999462731667232e-01
 -2.0899999999999999e+01   2.0046618741274540e+00   9.9999456673240494e-01
 -2.0875000000000000e+01   2.0046880862098013e+00   9.9999450546192237e-01
 -2.0850000000000001e+01   2.0047144469875442e+00   9.9999444349740041e-01
 -2.0824999999999999e+01   2.0047409573191448e+00   9.9999438083092451e-01
 -2.0800000000000001e+01   2.0047676180680032e+00   9.9999431745448941e-01
 -2.0774999999999999e+01   2.0047944301025584e+00   9.9999425335999792e-01
 -2.0750000000000000e+01   2.0048213942969366e+00   9.9999418853925837e-01
 -2.0725000000000001e+01   2.0048485115299712e+00   9.9999412298398593e-01
 -2.0699999999999999e+01   2.0048757826861636e+00   9.9999405668579933e-01
 -2.0675000000000001e+01   2.0049032086550689e+00   9.9999398963622121e-01
 -2.0649999999999999e+01   2.0049307903315521e+00   9.9999392182667657e-01
 -2.0625000000000000e+01   2.0049585286158100e+00   9.9999385324849155e-01
 -2.0600000000000001e+01   2.0049864244136981e+00   9.9999378389289162e-01
 -2.0574999999999999e+01   2.0050144786363355e+00   9.9999371375100143e-01
 -2.0550000000000001e+01   2.0050426921999365e+00   9.9999364281384417e-01
 -2.0524999999999999e+01   2.0050710660267859e+00   9.9999357107233799e-01
 -2.0500000000000000e+01   2.0050996010444315e+00   9.9999349851729691e-01
 -2.0475000000000001e+01   2.0051282981859857e+00   9.9999342513942890e-01
 -2.0449999999999999e+01   2.0051571583902374e+00   9.9999335092933450e-01
 -2.0425000000000001e+01   2.0051861826014585e+00   9.9999327587750608e-01
 -2.0399999999999999e+01   2.0052153717697219e+00   9.9999319997432590e-01
 -2.0375000000000000e+01   2.0052447268506128e+00   9.9999312321006562e-01
 -2.0350000000000001e+01   2.0052742488059128e+00   9.9999304557488333e-01
 -2.0324999999999999e+01   2.0053039386027072e+00   9.9999296705882468e-01
 -2.0300000000000001e+01   2.0053337972140199e+00   9.9999288765181993e-01
 -2.0274999999999999e+01   2.0053638256190855e+00   9.9999280734368201e-01
 -2.0250000000000000e+01   2.0053940248025013e+00   9.9999272612410750e-01
 -2.0225000000000001e+01   2.0054243957549978e+00   9.9999264398267329e-01
 -2.0199999999999999e+01   2.0054549394733647e+00   9.9999256090883548e-01
 -2.0175000000000001e+01   2.0054856569604560e+00   9.9999247689192805e-01
 -2.0149999999999999e+01   2.0055165492249474e+00   9.9999239192116218e-01
 -2.0125000000000000e+01   2.0055476172817017e+00   9.9999230598562394e-01
 -2.0100000000000001e+01   2.0055788621517521e+00   9.9999221907427294e-01
 -2.0074999999999999e+01   2.0056102848622501e+00   9.9999213117594110e-01
 -2.0050000000000001e+01   2.0056418864466004e+00   9.9999204227933092e-01
 -2.0024999999999999e+01   2.0056736679443143e+00   9.9999195237301441e-01
 -2.0000000000000000e+01   2.0057056304013350e+00   9.9999186144543084e-01
 -1.9975000000000001e+01   2.0057377748701057e+00   9.9999176948488500e-01
 -1.9949999999999999e+01   2.0057701024087553e+00   9.9999167647954812e-01
 -1.9925000000000001e+01   2.0058026140826710e+00   9.9999158241745190e-01
 -1.9899999999999999e+01   2.0058353109631284e+00   9.9999148728649090e-01
 -1.9875000000000000e+01   2.0058681941280354e+00   9.9999139107441892e-01
 -1.9850000000000001e+01   2.0059012646618650e+00   9.9999129376884766e-01
 -1.9824999999999999e+01   2.0059345236558035e+00   9.9999119535724468e-01
 -1.9800000000000001e+01   2.0059679722073689e+00   9.9999109582693302e-01
 -1.9774999999999999e+01   2.0060016114208907e+00   9.9999099516508816e-01
 -1.9750000000000000e+01   2.0060354424072662e+00   9.9999089335873714e-01
 -1.9725000000000001e+01   2.0060694662846368e+00   9.9999079039475491e-01
 -1.9699999999999999e+01   2.0061036841772157e+00   9.9999068625986620e-01
 -1.9675000000000001e+01   2.0061380972166458e+00   9.9999058094063975e-01
 -1.9649999999999999e+01   2.0061727065411517e+00   9.9999047442348921e-01
 -1.9625000000000000e+01   2.0062075132958888e+00   9.9999036669467034e-01
 -1.9600000000000001e+01   2.0062425186331772e+00   9.9999025774027861e-01
 -1.9574999999999999e+01   2.0062777237121470e+00   9.9999014754624849e-01
 -1.9550000000000001e+01   2.0063131296989973e+00   9.9999003609835091e-01
 -1.9524999999999999e+01   2.0063487377673734e+00   9.9998992338219028e-01
 -1.9500000000000000e+01   2.0063845490976169e+00   9.9998980938320503e-01
 -1.9475000000000001e+01   2.0064205648774873e+00   9.9998969408666349e-01
 -1.9449999999999999e+01   2.0064567863020977e+00   9.9998957747766226e-01
 -1.9425000000000001e+01   2.0064932145736050e+00   9.9998945954112528e-01
 -1.9399999999999999e+01   2.0065298509017939e+00   9.9998934026180009e-01
 -1.9375000000000000e+01   2.0065666965036151e+00   9.9998921962425735e-01
 -1.9350000000000001e+01   2.0066037526035796e+00   9.9998909761288768e-01
 -1.9324999999999999e+01   2.0066410204336966e+00   9.9998897421189981e-01
 -1.9300000000000001e+01   2.0066785012334729e+00   9.9998884940531862e-01
 -1.9274999999999999e+01   2.0067161962501081e+00   9.9998872317698251e-01
 -1.9250000000000000e+01   2.0067541067383794e+00   9.9998859551054164e-01
 -1.9225000000000001e+01   2.0067922339607529e+00   9.9998846638945560e-01
 -1.9199999999999999e+01   2.0068305791873891e+00   9.9998833579699120e-01
 -1.9175000000000001e+01   2.0068691436964010e+00   9.9998820371621955e-01
 -1.9149999999999999e+01   2.0069079287736451e+00   9.9998807013001456e-01
 -1.9125000000000000e+01   2.0069469357127714e+00   9.9998793502105066e-01
 -1.9100000000000001e+01   2.0069861658156141e+00   9.9998779837179919e-01
 -1.9074999999999999e+01   2.0070256203919010e+00   9.9998766016452723e-01
 -1.9050000000000001e+01   2.0070653007594981e+00   9.9998752038129446e-01
 -1.9024999999999999e+01   2.0071052082442344e+00   9.9998737900395152e-01
 -1.9000000000000000e+01   2.0071453441801950e+00   9.9998723601413664e-01
 -1.8975000000000001e+01   2.0071857099097778e+00   9.9998709139327313e-01
 -1.8949999999999999e+01   2.0072263067834668e+00   9.9998694512256781e-01
 -1.8925000000000001e+01   2.0072671361601597e+00   9.9998679718300743e-01
 -1.8899999999999999e+01   2.0073081994073201e+00   9.9998664755535571e-01
 -1.8875000000000000e+01   2.0073494979006705e+00   9.9998649622015201e-01
 -1.8850000000000001e+01   2.0073910330245472e+00   9.9998634315770751e-01
 -1.8824999999999999e+01   2.0074328061716988e+00   9.9998618834810349e-01
 -1.8800000000000001e+01   2.0074748187435922e+00   9.9998603177118761e-01
 -1.8774999999999999e+01   2.0075170721504314e+00   9.9998587340657130e-01
 -1.8750000000000000e+01   2.0075595678109992e+00   9.9998571323362773e-01
 -1.8725000000000001e+01   2.0076023071530158e+00   9.9998555123148780e-01
 -1.8699999999999999e+01   2.0076452916129042e+00   9.9998538737903842e-01
 -1.8675000000000001e+01   2.0076885226362737e+00   9.9998522165491788e-01
 -1.8649999999999999e+01   2.0077320016774074e+00   9.9998505403751514e-01
 -1.8625000000000000e+01   2.0077757301997292e+00   9.9998488450496525e-01
 -1.8600000000000001e+01   2.0078197096759349e+00   9.9998471303514602e-01
 -1.8574999999999999e+01   2.0078639415875492e+00   9.9998453960567690e-01
 -1.8550000000000001e+01   2.0079084274256966e+00   9.9998436419391312e-01
 -1.8524999999999999e+01   2.0079531686904710e+00   9.9998418677694523e-01
 -1.8500000000000000e+01   2.0079981668915141e+00   9.9998400733159387e-01
 -1.8475000000000001e+01   2.0080434235477100e+00   9.9998382583440804e-01
 -1.8449999999999999e+01   2.0080889401875703e+00   9.9998364226166048e-01
 -1.8425000000000001e+01   2.0081347183491340e+00   9.9998345658934507e-01
 -1.8399999999999999e+01   2.0081807595799721e+00   9.9998326879317367e-01
 -1.8375000000000000e+01   2.0082270654372656e+00   9.9998307884857274e-01
 -1.8350000000000001e+01   2.0082736374880623e+00   9.9998288673067903e-01
 -1.8324999999999999e+01   2.0083204773092214e+00   9.9998269241433668e-01
 -1.8300000000000001e+01   2.0083675864872759e+00   9.9998249587409449e-01
 -1.8274999999999999e+01   2.0084149666190267e+00   9.9998229708420017e-01
 -1.8250000000000000e+01   2.0084626193110910e+00   9.9998209601859889e-01
 -1.8225000000000001e+01   2.0085105461800796e+00   9.9998189265092918e-01
 -1.8199999999999999e+01   2.0085587488529444e+00   9.9998168695451806e-01
 -1.8175000000000001e+01   2.0086072289667114e+00   9.9998147890237865e-01
 -1.8149999999999999e+01   2.0086559881687824e+00   9.9998126846720548e-01
 -1.8125000000000000e+01   2.0087050281168310e+00   9.9998105562137130e-01
 -1.8100000000000001e+01   2.0087543504790792e+00   9.9998084033692236e-01
 -1.8074999999999999e+01   2.0088039569341500e+00   9.9998062258557541e-01
 -1.8050000000000001e+01   2.0088538491712691e+00   9.9998040233871310e-01
 -1.8024999999999999e+01   2.0089040288903020e+00   9.9998017956738017e-01
 -1.8000000000000000e+01   2.0089544978018297e+00   9.9997995424227926e-01
 -1.7975000000000001e+01   2.0090052576272912e+00   9.9997972633376653e-01
 -1.7949999999999999e+01   2.0090563100989369e+00   9.9997949581184797e-01
 -1.7925000000000001e+01   2.0091076569599959e+00   9.9997926264617476e-01
 -1.7899999999999999e+01   2.0091592999647099e+00   9.9997902680603912e-01
 -1.7875000000000000e+01   2.0092112408784266e+00   9.9997878826036990e-01
 -1.7850000000000001e+01   2.0092634814775896e+00   9.9997854697772859e-01
 -1.7824999999999999e+01   2.0093160235501424e+00   9.9997830292630330e-01
 -1.7800000000000001e+01   2.0093688688951827e+00   9.9997805607390622e-01
 -1.7774999999999999e+01   2.0094220193232037e+00   9.9997780638796829e-01
 -1.7750000000000000e+01   2.0094754766561795e+00   9.9997755383553455e-01
 -1.7725000000000001e+01   2.0095292427278246e+00   9.9997729838325855e-01
 -1.7699999999999999e+01   2.0095833193833270e+00   9.9997703999739929e-01
 -1.7675000000000001e+01   2.0096377084797719e+00   9.9997677864381473e-01
 -1.7649999999999999e+01   2.0096924118859891e+00   9.9997651428795808e-01
 -1.7625000000000000e+01   2.0097474314827672e+00   9.9997624689487219e-01
 -1.7600000000000001e+01   2.0098027691627287e+00   9.9997597642918556e-01
 -1.7574999999999999e+01   2.0098584268308088e+00   9.9997570285510540e-01
 -1.7550000000000001e+01   2.0099144064038614e+00   9.9997542613641477e-01
 -1.7524999999999999e+01   2.0099707098111761e+00   9.9997514623646533e-01
 -1.7500000000000000e+01   2.0100273389942882e+00   9.9997486311817341e-01
 -1.7475000000000001e+01   2.0100842959072853e+00   9.9997457674401358e-01
 -1.7449999999999999e+01   2.0101415825165305e+00   9.9997428707601510e-01
 -1.7425000000000001e+01   2.0101992008011647e+00   9.9997399407575438e-01
 -1.7399999999999999e+01   2.0102571527530002e+00   9.9997369770435041e-01
 -1.7375000000000000e+01   2.0103154403765777e+00   9.9997339792245932e-01
 -1.7350000000000001e+01   2.0103740656893225e+00   9.9997309469026840e-01
 -1.7324999999999999e+01   2.0104330307217020e+00   9.9997278796749001e-01
 -1.7300000000000001e+01   2.0104923375171575e+00   9.9997247771335651e-01
 -1.7274999999999999e+01   2.0105519881323062e+00   9.9997216388661392e-01
 -1.7250000000000000e+01   2.0106119846369910e+00   9.9997184644551607e-01
 -1.7225000000000001e+01   2.0106723291144752e+00   9.9997152534781808e-01
 -1.7199999999999999e+01   2.0107330236613423e+00   9.9997120055077127e-01
 -1.7175000000000001e+01   2.0107940703877420e+00   9.9997087201111612e-01
 -1.7149999999999999e+01   2.0108554714175360e+00   9.9997053968507577e-01
 -1.7125000000000000e+01   2.0109172288882649e+00   9.9997020352835031e-01
 -1.7100000000000001e+01   2.0109793449513265e+00   9.9996986349610995e-01
 -1.7074999999999999e+01   2.0110418217719390e+00   9.9996951954298918e-01
 -1.7050000000000001e+01   2.0111046615294517e+00   9.9996917162307908e-01
 -1.7024999999999999e+01   2.0111678664173969e+00   9.9996881968992080e-01
 -1.7000000000000000e+01   2.0112314386434096e+00   9.9996846369649983e-01
 -1.6975000000000001e+01   2.0112953804294951e+00   9.9996810359523824e-01
 -1.6949999999999999e+01   2.0113596940122340e+00   9.9996773933798710e-01
 -1.6925000000000001e+01   2.0114243816425614e+00   9.9996737087602128e-01
 -1.6899999999999999e+01   2.0114894455862209e+00   9.9996699816003032e-01
 -1.6875000000000000e+01   2.0115548881236318e+00   9.9996662114011259e-01
 -1.6850000000000001e+01   2.0116207115501141e+00   9.9996623976576726e-01
 -1.6824999999999999e+01   2.0116869181759780e+00   9.9996585398588700e-01
 -1.6800000000000001e+01   2.0117535103266020e+00   9.9996546374875062e-01
 -1.6774999999999999e+01   2.0118204903426240e+00   9.9996506900201498e-01
 -1.6750000000000000e+01   2.0118878605798751e+00   9.9996466969270836e-01
 -1.6725000000000001e+01   2.0119556234097460e+00   9.9996426576722108e-01
 -1.6699999999999999e+01   2.0120237812190327e+00   9.9996385717129921e-01
 -1.6675000000000001e+01   2.0120923364103431e+00   9.9996344385003477e-01
 -1.6649999999999999e+01   2.0121612914018572e+00   9.9996302574785978e-01
 -1.6625000000000000e+01   2.0122306486278627e+00   9.9996260280853544e-01
 -1.6600000000000001e+01   2.0123004105385052e+00   9.9996217497514606e-01
 -1.6574999999999999e+01   2.0123705796000140e+00   9.9996174219008993e-01
 -1.6550000000000001e+01   2.0124411582950170e+00   9.9996130439506958e-01
 -1.6524999999999999e+01   2.0125121491223905e+00   9.9996086153108477e-01
 -1.6500000000000000e+01   2.0125835545975570e+00   9.9996041353842258e-01
 -1.6475000000000001e+01   2.0126553772525320e+00   9.9995996035664902e-01
 -1.6449999999999999e+01   2.0127276196360455e+00   9.9995950192460004e-01
 -1.6425000000000001e+01   2.0128002843136454e+00   9.9995903818037246e-01
 -1.6399999999999999e+01   2.0128733738679880e+00   9.9995856906131375e-01
 -1.6375000000000000e+01   2.0129468908986992e+00   9.9995809450401429e-01
 -1.6350000000000001e+01   2.0130208380227685e+00   9.9995761444429621e-01
 -1.6324999999999999e+01   2.0130952178744255e+00   9.9995712881720533e-01
 -1.6300000000000001e+01   2.0131700331055797e+00   9.9995663755699948e-01
 -1.6274999999999999e+01   2.0132452863855628e+00   9.9995614059714111e-01
 -1.6250000000000000e+01   2.0133209804016459e+00   9.9995563787028474e-01
 -1.6225000000000001e+01   2.0133971178588999e+00   9.9995512930826869e-01
 -1.6199999999999999e+01   2.0134737014805526e+00   9.9995461484210324e-01
 -1.6175000000000001e+01   2.0135507340078305e+00   9.9995409440196226e-01
 -1.6149999999999999e+01   2.0136282182003624e+00   9.9995356791717083e-01
 -1.6125000000000000e+01   2.0137061568362453e+00   9.9995303531619506e-01
 -1.6100000000000001e+01   2.0137845527121265e+00   9.9995249652663165e-01
 -1.6074999999999999e+01   2.0138634086434117e+00   9.9995195147519644e-01
 -1.6050000000000001e+01   2.0139427274644057e+00   9.9995140008771333e-01
 -1.6024999999999999e+01   2.0140225120283506e+00   9.9995084228910369e-01
 -1.6000000000000000e+01   2.0141027652077339e+00   9.9995027800337388e-01
 -1.5975000000000000e+01   2.0141834898943203e+00   9.9994970715360443e-01
 -1.5949999999999999e+01   2.0142646889993521e+00   9.9994912966193794e-01
 -1.5925000000000001e+01   2.0143463654536355e+00   9.9994854544956768e-01
 -1.5900000000000000e+01   2.0144285222077483e+00   9.9994795443672513e-01
 -1.5875000000000000e+01   2.0145111622322989e+00   9.9994735654266698e-01
 -1.5850000000000000e+01   2.0145942885178427e+00   9.9994675168566449e-01
 -1.5824999999999999e+01   2.0146779040751182e+00   9.9994613978299041e-01
 -1.5800000000000001e+01   2.0147620119353951e+00   9.9994552075090481e-01
 -1.5775000000000000e+01   2.0148466151503719e+00   9.9994489450464419e-01
 -1.5750000000000000e+01   2.0149317167924234e+00   9.9994426095840772e-01
 -1.5725000000000000e+01   2.0150173199548633e+00   9.9994362002534332e-01
 -1.5699999999999999e+01   2.0151034277519768e+00   9.9994297161753520e-01
 -1.5675000000000001e+01   2.0151900433192407e+00   9.9994231564598990e-01
 -1.5650000000000000e+01   2.0152771698134737e+00   9.9994165202062257e-01
 -1.5625000000000000e+01   2.0153648104130104e+00   9.9994098065024306e-01
 -1.5600000000000000e+01   2.0154529683178950e+00   9.9994030144254153e-01
 -1.5574999999999999e+01   2.0155416467499903e+00   9.9993961430407463e-01
 -1.5550000000000001e+01   2.0156308489532555e+00   9.9993891914025013e-01
 -1.5525000000000000e+01   2.0157205781937413e+00   9.9993821585531362e-01
 -1.5500000000000000e+01   2.0158108377599282e+00   9.9993750435233231e-01
 -1.5475000000000000e+01   2.0159016309628748e+00   9.9993678453318013e-01
 -1.5449999999999999e+01   2.0159929611363245e+00   9.9993605629852300e-01
 -1.5425000000000001e+01   2.0160848316369577e+00   9.9993531954780268e-01
 -1.5400000000000000e+01   2.0161772458445473e+00   9.9993457417922127e-01
 -1.5375000000000000e+01   2.0162702071620795e+00   9.9993382008972576e-01
 -1.5350000000000000e+01   2.0163637190160792e+00   9.9993305717499070e-01
 -1.5324999999999999e+01   2.0164577848567062e+00   9.9993228532940259e-01
 -1.5300000000000001e+01   2.0165524081579749e+00   9.9993150444604295e-01
 -1.5275000000000000e+01   2.0166475924178142e+00   9.9993071441667258e-01
 -1.5250000000000000e+01   2.0167433411584921e+00   9.9992991513171259e-01
 -1.5225000000000000e+01   2.0168396579266350e+00   9.9992910648022848e-01
 -1.5199999999999999e+01   2.0169365462934268e+00   9.9992828834991265e-01
 -1.5175000000000001e+01   2.0170340098549473e+00   9.9992746062706539e-01
 -1.5150000000000000e+01   2.0171320522321965e+00   9.9992662319657832e-01
 -1.5125000000000000e+01   2.0172306770714705e+00   9.9992577594191467e-01
 -1.5100000000000000e+01   2.0173298880443991e+00   9.9992491874509215e-01
 -1.5074999999999999e+01   2.0174296888482752e+00   9.9992405148666308e-01
 -1.5050000000000001e+01   2.0175300832062200e+00   9.9992317404569575e-01
 -1.5025000000000000e+01   2.0176310748673041e+00   9.9992228629975588e-01
 -1.5000000000000000e+01   2.0177326676069200e+00   9.9992138812488562e-01
 -1.4975000000000000e+01   2.0178348652269107e+00   9.9992047939558448e-01
 -1.4949999999999999e+01   2.0179376715557340e+00   9.9991955998478965e-01
 -1.4925000000000001e+01   2.0180410904488078e+00   9.9991862976385448e-01
 -1.4900000000000000e+01   2.0181451257886276e+00   9.9991768860252872e-01
 -1.4875000000000000e+01   2.0182497814850153e+00   9.9991673636893730e-01
 -1.4850000000000000e+01   2.0183550614753512e+00   9.9991577292955902e-01
 -1.4824999999999999e+01   2.0184609697248210e+00   9.9991479814920481e-01
 -1.4800000000000001e+01   2.0185675102265774e+00   9.9991381189099648e-01
 -1.4775000000000000e+01   2.0186746870020218e+00   9.9991281401634413e-01
 -1.4750000000000000e+01   2.0187825041010927e+00   9.9991180438492311e-01
 -1.4725000000000000e+01   2.0188909656023704e+00   9.9991078285465251e-01
 -1.4699999999999999e+01   2.0190000756134308e+00   9.9990974928167098e-01
 -1.4675000000000001e+01   2.0191098382710035e+00   9.9990870352031402e-01
 -1.4650000000000000e+01   2.0192202577412401e+00   9.9990764542309007e-01
 -1.4625000000000000e+01   2.0193313382200069e+00   9.9990657484065593e-01
 -1.4600000000000000e+01   2.0194430839330613e+00   9.9990549162179299e-01
 -1.4574999999999999e+01   2.0195554991363713e+00   9.9990439561338185e-01
 -1.4550000000000001e+01   2.0196685881162630e+00   9.9990328666037820e-01
 -1.4525000000000000e+01   2.0197823551898302e+00   9.9990216460578585e-01
 -1.4500000000000000e+01   2.0198968047050481e+00   9.9990102929063229e-01
 -1.4475000000000000e+01   2.0200119410410697e+00   9.9989988055394219e-01
 -1.4449999999999999e+01   2.0201277686085959e+00   9.9989871823270970e-01
 -1.4425000000000001e+01   2.0202442918499361e+00   9.9989754216187365e-01
 -1.4400000000000000e+01   2.0203615152394834e+00   9.9989635217428807e-01
 -1.4375000000000000e+01   2.0204794432839028e+00   9.9989514810069535e-01
 -1.4350000000000000e+01   2.0205980805223271e+00   9.9989392976969893e-01
 -1.4325000000000001e+01   2.0207174315267356e+00   9.9989269700773376e-01
 -1.4300000000000001e+01   2.0208375009022057e+00   9.9989144963903764e-01
 -1.4275000000000000e+01   2.0209582932872170e+00   9.9989018748562175e-01
 -1.4250000000000000e+01   2.0210798133538512e+00   9.9988891036724170e-01
 -1.4225000000000000e+01   2.0212020658082017e+00   9.9988761810136617e-01
 -1.4200000000000001e+01   2.0213250553905420e+00   9.9988631050314758e-01
 -1.4175000000000001e+01   2.0214487868757081e+00   9.9988498738539011e-01
 -1.4150000000000000e+01   2.0215732650733806e+00   9.9988364855851841e-01
 -1.4125000000000000e+01   2.0216984948283874e+00   9.9988229383054561e-01
 -1.4100000000000000e+01   2.0218244810209178e+00   9.9988092300704190e-01
 -1.4075000000000001e+01   2.0219512285669734e+00   9.9987953589110012e-01
 -1.4050000000000001e+01   2.0220787424185427e+00   9.9987813228330391e-01
 -1.4025000000000000e+01   2.0222070275640212e+00   9.9987671198169270e-01
 -1.4000000000000000e+01   2.0223360890284963e+00   9.9987527478172777e-01
 -1.3975000000000000e+01   2.0224659318739731e+00   9.9987382047625850e-01
 -1.3950000000000001e+01   2.0225965611998391e+00   9.9987234885548548e-01
 -1.3925000000000001e+01   2.0227279821431430e+00   9.9987085970692524e-01
 -1.3900000000000000e+01   2.0228601998788838e+00   9.9986935281537437e-01
 -1.3875000000000000e+01   2.0229932196203442e+00   9.9986782796287266e-01
 -1.3850000000000000e+01   2.0231270466194959e+00   9.9986628492866492e-01
 -1.3825000000000001e+01   2.0232616861672676e+00   9.9986472348916389e-01
 -1.3800000000000001e+01   2.0233971435938907e+00   9.9986314341791172e-01
 -1.3775000000000000e+01   2.0235334242693250e+00   9.9986154448553999e-01
 -1.3750000000000000e+01   2.0236705336035343e+00   9.9985992645973099e-01
 -1.3725000000000000e+01   2.0238084770468707e+00   9.9985828910517716e-01
 -1.3700000000000001e+01   2.0239472600903983e+00   9.9985663218354071e-01
 -1.3675000000000001e+01   2.0240868882663237e+00   9.9985495545341141e-01
 -1.3650000000000000e+01   2.0242273671483142e+00   9.9985325867026520e-01
 -1.3625000000000000e+01   2.0243687023518300e+00   9.9985154158642198e-01
 -1.3600000000000000e+01   2.0245108995346168e+00   9.9984980395100098e-01
 -1.3575000000000001e+01   2.0246539643969310e+00   9.9984804550987871e-01
 -1.3550000000000001e+01   2.0247979026820708e+00   9.9984626600564264e-01
 -1.3525000000000000e+01   2.0249427201766683e+00   9.9984446517754710e-01
 -1.3500000000000000e+01   2.0250884227111006e+00   9.9984264276146728e-01
 -1.3475000000000000e+01   2.0252350161599075e+00   9.9984079848985230e-01
 -1.3450000000000001e+01   2.0253825064421620e+00   9.9983893209167840e-01
 -1.3425000000000001e+01   2.0255308995218844e+00   9.9983704329240086e-01
 -1.3400000000000000e+01   2.0256802014084574e+00   9.9983513181390526e-01
 -1.3375000000000000e+01   2.0258304181569997e+00   9.9983319737445864e-01
 -1.3350000000000000e+01   2.0259815558689320e+00   9.9983123968865739e-01
 -1.3325000000000001e+01   2.0261336206921343e+00   9.9982925846737991e-01
 -1.3300000000000001e+01   2.0262866188216373e+00   9.9982725341773149e-01
 -1.3275000000000000e+01   2.0264405564998738e+00   9.9982522424299425e-01
 -1.3250000000000000e+01   2.0265954400172008e+00   9.9982317064257287e-01
 -1.3225000000000000e+01   2.0267512757122974e+00   9.9982109231194116e-01
 -1.3200000000000001e+01   2.0269080699726700e+00   9.9981898894258647e-01
 -1.3175000000000001e+01   2.0270658292350880e+00   9.9981686022195426e-01
 -1.3150000000000000e+01   2.0272245599859438e+00   9.9981470583339294e-01
 -1.3125000000000000e+01   2.0273842687618515e+00   9.9981252545609467e-01
 -1.3100000000000000e+01   2.0275449621500066e+00   9.9981031876503867e-01
 -1.3075000000000001e+01   2.0277066467887139e+00   9.9980808543093136e-01
 -1.3050000000000001e+01   2.0278693293678645e+00   9.9980582512014637e-01
 -1.3025000000000000e+01   2.0280330166293647e+00   9.9980353749466444e-01
 -1.3000000000000000e+01   2.0281977153677024e+00   9.9980122221201051e-01
 -1.2975000000000000e+01   2.0283634324304116e+00   9.9979887892519137e-01
 -1.2950000000000001e+01   2.0285301747185267e+00   9.9979650728263258e-01
 -1.2925000000000001e+01   2.0286979491871233e+00   9.9979410692811332e-01
 -1.2900000000000000e+01   2.0288667628458770e+00   9.9979167750069997e-01
 -1.2875000000000000e+01   2.0290366227594387e+00   9.9978921863468151e-01
 -1.2850000000000000e+01   2.0292075360481259e+00   9.9978672995949935e-01
 -1.2825000000000001e+01   2.0293795098883280e+00   9.9978421109968041e-01
 -1.2800000000000001e+01   2.0295525515131261e+00   9.9978166167476601e-01
 -1.2775000000000000e+01   2.0297266682127622e+00   9.9977908129924209e-01
 -1.2750000000000000e+01   2.0299018673352003e+00   9.9977646958246702e-01
 -1.2725000000000000e+01   2.0300781562867365e+00   9.9977382612859766e-01
 -1.2700000000000001e+01   2.0302555425324944e+00   9.9977115053651611e-01
 -1.2675000000000001e+01   2.0304340335970084e+00   9.9976844239975404e-01
 -1.2650000000000000e+01   2.0306136370648074e+00   9.9976570130641607e-01
 -1.2625000000000000e+01   2.0307943605809853e+00   9.9976292683910206e-01
 -1.2600000000000000e+01   2.0309762118518249e+00   9.9976011857482772e-01
 -1.2575000000000001e+01   2.0311591986453137e+00   9.9975727608494547e-01
 -1.2550000000000001e+01   2.0313433287917886e+00   9.9975439893506246e-01
 -1.2525000000000000e+01   2.0315286101845680e+00   9.9975148668495739e-01
 -1.2500000000000000e+01   2.0317150507805284e+00   9.9974853888849713e-01
 -1.2475000000000000e+01   2.0319026586007145e+00   9.9974555509355156e-01
 -1.2450000000000001e+01   2.0320914417310281e+00   9.9974253484190601e-01
 -1.2425000000000001e+01   2.0322814083228216e+00   9.9973947766917381e-01
 -1.2400000000000000e+01   2.0324725665935195e+00   9.9973638310470736e-01
 -1.2375000000000000e+01   2.0326649248273583e+00   9.9973325067150576e-01
 -1.2350000000000000e+01   2.0328584913759222e+00   9.9973007988612461e-01
 -1.2325000000000001e+01   2.0330532746588976e+00   9.9972687025858087e-01
 -1.2300000000000001e+01   2.0332492831647642e+00   9.9972362129225734e-01
 -1.2275000000000000e+01   2.0334465254513869e+00   9.9972033248380743e-01
 -1.2250000000000000e+01   2.0336450101467913e+00   9.9971700332305558e-01
 -1.2225000000000000e+01   2.0338447459498434e+00   9.9971363329289764e-01
 -1.2200000000000001e+01   2.0340457416309490e+00   9.9971022186919967e-01
 -1.2175000000000001e+01   2.0342480060327630e+00   9.9970676852069495e-01
 -1.2150000000000000e+01   2.0344515480709462e+00   9.9970327270887882e-01
 -1.2125000000000000e+01   2.0346563767348580e+00   9.9969973388790290e-01
 -1.2100000000000000e+01   2.0348625010883103e+00   9.9969615150446689e-01
 -1.2075000000000001e+01   2.0350699302704056e+00   9.9969252499770722e-01
 -1.2050000000000001e+01   2.0352786734962067e+00   9.9968885379908701e-01
 -1.2025000000000000e+01   2.0354887400574806e+00   9.9968513733228315e-01
 -1.2000000000000000e+01   2.0357001393235952e+00   9.9968137501306897e-01
 -1.1975000000000000e+01   2.0359128807422064e+00   9.9967756624919901e-01
 -1.1950000000000001e+01   2.0361269738401306e+00   9.9967371044028863e-01
 -1.1925000000000001e+01   2.0363424282241307e+00   9.9966980697769348e-01
 -1.1900000000000000e+01   2.0365592535817068e+00   9.9966585524438711e-01
 -1.1875000000000000e+01   2.0367774596820007e+00   9.9966185461483470e-01
 -1.1850000000000000e+01   2.0369970563765305e+00   9.9965780445486796e-01
 -1.1825000000000001e+01   2.0372180536001805e+00   9.9965370412155352e-01
 -1.1800000000000001e+01   2.0374404613719488e+00   9.9964955296306390e-01
 -1.1775000000000000e+01   2.0376642897958996e+00   9.9964535031854262e-01
 -1.1750000000000000e+01   2.0378895490619668e+00   9.9964109551797020e-01
 -1.1725000000000000e+01   2.0381162494469671e+00   9.9963678788202415e-01
 -1.1700000000000001e+01   2.0383444013153782e+00   9.9963242672194130e-01
 -1.1675000000000001e+01   2.0385740151203335e+00   9.9962801133937407e-01
 -1.1650000000000000e+01   2.0388051014045798e+00   9.9962354102624507e-01
 -1.1625000000000000e+01   2.0390376708013602e+00   9.9961901506460116e-01
 -1.1600000000000000e+01   2.0392717340354216e+00   9.9961443272646278e-01
 -1.1575000000000001e+01   2.0395073019239147e+00   9.9960979327367316e-01
 -1.1550000000000001e+01   2.0397443853774568e+00   9.9960509595774205e-01
 -1.1525000000000000e+01   2.0399829954010560e+00   9.9960034001968978e-01
 -1.1500000000000000e+01   2.0402231430951612e+00   9.9959552468988655e-01
 -1.1475000000000000e+01   2.0404648396566709e+00   9.9959064918788998e-01
 -1.1450000000000001e+01   2.0407080963799791e+00   9.9958571272227958e-01
 -1.1425000000000001e+01   2.0409529246579687e+00   9.9958071449048969e-01
 -1.1400000000000000e+01   2.0411993359831286e+00   9.9957565367863732e-01
 -1.1375000000000000e+01   2.0414473419486168e+00   9.9957052946134861e-01
 -1.1350000000000000e+01   2.0416969542493502e+00   9.9956534100158190e-01
 -1.1325000000000001e+01   2.0419481846830747e+00   9.9956008745044866e-01
 -1.1300000000000001e+01   2.0422010451515065e+00   9.9955476794703013e-01
 -1.1275000000000000e+01   2.0424555476614952e+00   9.9954938161819062e-01
 -1.1250000000000000e+01   2.0427117043260949e+00   9.9954392757839006e-01
 -1.1225000000000000e+01   2.0429695273657984e+00   9.9953840492948998e-01
 -1.1200000000000001e+01   2.0432290291096700e+00   9.9953281276055883e-01
 -1.1175000000000001e+01   2.0434902219965765e+00   9.9952715014767213e-01
 -1.1150000000000000e+01   2.0437531185763769e+00   9.9952141615371037e-01
 -1.1125000000000000e+01   2.0440177315111376e+00   9.9951560982815335e-01
 -1.1100000000000000e+01   2.0442840735763821e+00   9.9950973020687039e-01
 -1.1075000000000001e+01   2.0445521576623569e+00   9.9950377631190712e-01
 -1.1050000000000001e+01   2.0448219967753216e+00   9.9949774715126827e-01
 -1.1025000000000000e+01   2.0450936040388248e+00   9.9949164171869742e-01
 -1.1000000000000000e+01   2.0453669926949840e+00   9.9948545899345331e-01
 -1.0975000000000000e+01   2.0456421761059076e+00   9.9947919794007933e-01
 -1.0950000000000001e+01   2.0459191677549176e+00   9.9947285750817394e-01
 -1.0925000000000001e+01   2.0461979812480031e+00   9.9946643663215229e-01
 -1.0900000000000000e+01   2.0464786303152085e+00   9.9945993423100554e-01
 -1.0875000000000000e+01   2.0467611288120020e+00   9.9945334920805684e-01
 -1.0850000000000000e+01   2.0470454907206799e+00   9.9944668045071261e-01
 -1.0825000000000001e+01   2.0473317301518597e+00   9.9943992683020788e-01
 -1.0800000000000001e+01   2.0476198613459204e+00   9.9943308720134882e-01
 -1.0775000000000000e+01   2.0479098986745017e+00   9.9942616040224974e-01
 -1.0750000000000000e+01   2.0482018566419571e+00   9.9941914525406705e-01
 -1.0725000000000000e+01   2.0484957498869347e+00   9.9941204056072597e-01
 -1.0700000000000001e+01   2.0487915931838936e+00   9.9940484510864436e-01
 -1.0675000000000001e+01   2.0490894014447112e+00   9.9939755766645000e-01
 -1.0650000000000000e+01   2.0493891897202117e+00   9.9939017698469523e-01
 -1.0625000000000000e+01   2.0496909732018338e+00   9.9938270179556365e-01
 -1.0600000000000000e+01   2.0499947672232333e+00   9.9937513081257368e-01
 -1.0575000000000001e+01   2.0503005872619400e+00   9.9936746273027599e-01
 -1.0550000000000001e+01   2.0506084489410901e+00   9.9935969622394427e-01
 -1.0525000000000000e+01   2.0509183680310805e+00   9.9935182994926286e-01
 -1.0500000000000000e+01   2.0512303604512785e+00   9.9934386254200802e-01
 -1.0475000000000000e+01   2.0515444422718669e+00   9.9933579261772054e-01
 -1.0450000000000001e+01   2.0518606297155411e+00   9.9932761877137688e-01
 -1.0425000000000001e+01   2.0521789391593583e+00   9.9931933957705099e-01
 -1.0400000000000000e+01   2.0524993871365522e+00   9.9931095358757160e-01
 -1.0375000000000000e+01   2.0528219903384084e+00   9.9930245933417228e-01
 -1.0350000000000000e+01   2.0531467656161349e+00   9.9929385532613590e-01
 -1.0325000000000001e+01   2.0534737299827781e+00   9.9928514005043223e-01
 -1.0300000000000001e+01   2.0538029006151928e+00   9.9927631197134792e-01
 -1.0275000000000000e+01   2.0541342948559485e+00   9.9926736953011230e-01
 -1.0250000000000000e+01   2.0544679302154081e+00   9.9925831114451236e-01
 -1.0225000000000000e+01   2.0548038243736895e+00   9.9924913520850445e-01
 -1.0200000000000001e+01   2.0551419951827605e+00   9.9923984009181610e-01
 -1.0175000000000001e+01   2.0554824606685274e+00   9.9923042413954133e-01
 -1.0150000000000000e+01   2.0558252390329534e+00   9.9922088567172840e-01
 -1.0125000000000000e+01   2.0561703486561784e+00   9.9921122298296083e-01
 -1.0100000000000001e+01   2.0565178080987505e+00   9.9920143434192821e-01
 -1.0075000000000001e+01   2.0568676361038105e+00   9.9919151799099115e-01
 -1.0050000000000001e+01   2.0572198515993514e+00   9.9918147214573705e-01
 -1.0025000000000000e+01   2.0575744737005075e+00   9.9917129499452739e-01
 -1.0000000000000000e+01   2.0579315217118457e+00   9.9916098469803749e-01
 -9.9750000000000014e+00   2.0582910151297606e+00   9.9915053938878551e-01
 -9.9500000000000011e+00   2.0586529736448522e+00   9.9913995717065407e-01
 -9.9250000000000007e+00   2.0590174171442941e+00   9.9912923611840410e-01
 -9.9000000000000004e+00   2.0593843657143758e+00   9.9911837427717531e-01
 -9.8750000000000000e+00   2.0597538396429740e+00   9.9910736966198044e-01
 -9.8500000000000014e+00   2.0601258594220333e+00   9.9909622025719047e-01
 -9.8250000000000011e+00   2.0605004457502436e+00   9.9908492401600546e-01
 -9.8000000000000007e+00   2.0608776195355847e+00   9.9907347885992015e-01
 -9.7750000000000004e+00   2.0612574018980063e+00   9.9906188267817653e-01
 -9.7500000000000000e+00   2.0616398141721173e+00   9.9905013332720671e-01
 -9.7250000000000014e+00   2.0620248779099351e+00   9.9903822863006442e-01
 -9.7000000000000011e+00   2.0624126148836468e+00   9.9902616637584640e-01
 -9.6750000000000007e+00   2.0628030470884773e+00   9.9901394431910062e-01
 -9.6500000000000004e+00   2.0631961967455168e+00   9.9900156017922548e-01
 -9.6250000000000000e+00   2.0635920863046446e+00   9.9898901163985565e-01
 -9.6000000000000014e+00   2.0639907384475134e+00   9.9897629634823548e-01
 -9.5750000000000011e+00   2.0643921760905353e+00   9.9896341191458138e-01
 -9.5500000000000007e+00   2.0647964223879409e+00   9.9895035591143089e-01
 -9.5250000000000004e+00   2.0652035007348770e+00   9.9893712587297923e-01
 -9.5000000000000000e+00   2.0656134347705732e+00   9.9892371929440194e-01
 -9.4750000000000014e+00   2.0660262483815139e+00   9.9891013363116565e-01
 -9.4500000000000011e+00   2.0664419657047524e+00   9.9889636629832212e-01
 -9.4250000000000007e+00   2.0668606111311485e+00   9.9888241466979233e-01
 -9.4000000000000004e+00   2.0672822093087895e+00   9.9886827607763207e-01
 -9.3750000000000000e+00   2.0677067851463518e+00   9.9885394781128645e-01
 -9.3500000000000014e+00   2.0681343638166023e+00   9.9883942711682672e-01
 -9.3250000000000011e+00   2.0685649707599216e+00   9.9882471119617278e-01
 -9.3000000000000007e+00   2.0689986316878652e+00   9.9880979720630059e-01
 -9.2750000000000004e+00   2.0694353725868329e+00   9.9879468225843193e-01
 -9.2500000000000000e+00   2.0698752197217436e+00   9.9877936341720952e-01
 -9.2250000000000014e+00   2.0703181996398183e+00   9.9876383769985366e-01
 -9.2000000000000011e+00   2.0707643391743873e+00   9.9874810207530307e-01
 -9.1750000000000007e+00   2.0712136654487923e+00   9.9873215346333688e-01
 -9.1500000000000004e+00   2.0716662058803124e+00   9.9871598873368017e-01
 -9.1250000000000000e+00   2.0721219881842114e+00   9.9869960470508912e-01
 -9.1000000000000014e+00   2.0725810403777838e+00   9.9868299814441963e-01
 -9.0750000000000011e+00   2.0730433907845551e+00   9.9866616576567369e-01
 -9.0500000000000007e+00   2.0735090680384500e+00   9.9864910422902964e-01
 -9.0250000000000021e+00   2.0739781010881213e+00   9.9863181013984892e-01
 -9.0000000000000000e+00   2.0744505192012834e+00   9.9861428004766484e-01
 -8.9750000000000014e+00   2.0749263519691858e+00   9.9859651044514741e-01
 -8.9499999999999993e+00   2.0754056293110890e+00   9.9857849776704966e-01
 -8.9250000000000007e+00   2.0758883814788769e+00   9.9856023838912911e-01
 -8.9000000000000021e+00   2.0763746390617190e+00   9.9854172862704804e-01
 -8.8750000000000000e+00   2.0768644329908001e+00   9.9852296473525071e-01
 -8.8500000000000014e+00   2.0773577945441710e+00   9.9850394290581546e-01
 -8.8249999999999993e+00   2.0778547553516642e+00   9.9848465926728314e-01
 -8.8000000000000007e+00   2.0783553473998655e+00   9.9846510988346160e-01
 -8.7750000000000021e+00   2.0788596030371895e+00   9.9844529075220423e-01
 -8.7500000000000000e+00   2.0793675549790818e+00   9.9842519780416061e-01
 -8.7250000000000014e+00   2.0798792363132605e+00   9.9840482690150256e-01
 -8.6999999999999993e+00   2.0803946805050701e+00   9.9838417383662192e-01
 -8.6750000000000007e+00   2.0809139214029333e+00   9.9836323433079999e-01
 -8.6500000000000021e+00   2.0814369932438703e+00   9.9834200403284945e-01
 -8.6250000000000000e+00   2.0819639306591413e+00   9.9832047851772587e-01
 -8.6000000000000014e+00   2.0824947686799993e+00   9.9829865328510836e-01
 -8.5749999999999993e+00   2.0830295427435304e+00   9.9827652375795006e-01
 -8.5500000000000007e+00   2.0835682886985856e+00   9.9825408528099746e-01
 -8.5250000000000021e+00   2.0841110428118097e+00   9.9823133311927748e-01
 -8.5000000000000000e+00   2.0846578417738306e+00   9.9820826245654926e-01
 -8.4750000000000014e+00   2.0852087227055098e+00   9.9818486839372389e-01
 -8.4499999999999993e+00   2.0857637231643174e+00   9.9816114594724858e-01
 -8.4250000000000007e+00   2.0863228811508336e+00   9.9813709004745477e-01
 -8.4000000000000021e+00   2.0868862351153612e+00   9.9811269553686954e-01
 -8.3750000000000000e+00   2.0874538239646281e+00   9.9808795716849097e-01
 -8.3500000000000014e+00   2.0880256870686829e+00   9.9806286960402157e-01
 -8.3249999999999993e+00   2.0886018642678326e+00   9.9803742741206614e-01
 -8.3000000000000007e+00   2.0891823958797962e+00   9.9801162506628482e-01
 -8.2750000000000021e+00   2.0897673227068778e+00   9.9798545694350982e-01
 -8.2500000000000000e+00   2.0903566860433824e+00   9.9795891732181441e-01
 -8.2250000000000014e+00   2.0909505276831086e+00   9.9793200037854102e-01
 -8.1999999999999993e+00   2.0915488899269787e+00   9.9790470018828448e-01
 -8.1750000000000007e+00   2.0921518155908458e+00   9.9787701072082768e-01
 -8.1500000000000021e+00   2.0927593480134132e+00   9.9784892583903162e-01
 -8.1250000000000000e+00   2.0933715310642960e+00   9.9782043929667730e-01
 -8.1000000000000014e+00   2.0939884091522782e+00   9.9779154473625598e-01
 -8.0749999999999993e+00   2.0946100272337023e+00   9.9776223568670952e-01
 -8.0500000000000007e+00   2.0952364308209761e+00   9.9773250556112036e-01
 -8.0250000000000021e+00   2.0958676659913107e+00   9.9770234765434462e-01
 -8.0000000000000000e+00   2.0965037793955719e+00   9.9767175514059270e-01
 -7.9750000000000014e+00   2.0971448182673265e+00   9.9764072107095203e-01
 -7.9499999999999993e+00   2.0977908304320465e+00   9.9760923837085269e-01
 -7.9250000000000007e+00   2.0984418643165168e+00   9.9757729983747212e-01
 -7.9000000000000021e+00   2.0990979689583704e+00   9.9754489813708147e-01
 -7.8750000000000000e+00   2.0997591940158742e+00   9.9751202580232579e-01
 -7.8500000000000014e+00   2.1004255897778537e+00   9.9747867522944256e-01
 -7.8249999999999993e+00   2.1010972071738263e+00   9.9744483867541311e-01
 -7.8000000000000007e+00   2.1017740977843302e+00   9.9741050825504640e-01
 -7.7750000000000021e+00   2.1024563138514791e+00   9.9737567593799181e-01
 -7.7500000000000000e+00   2.1031439082896650e+00   9.9734033354568330e-01
 -7.7250000000000014e+00   2.1038369346965373e+00   9.9730447274820677e-01
 -7.6999999999999993e+00   2.1045354473641829e+00   9.9726808506109255e-01
 -7.6750000000000007e+00   2.1052395012904719e+00   9.9723116184203320e-01
 -7.6500000000000021e+00   2.1059491521906866e+00   9.9719369428751869e-01
 -7.6250000000000000e+00   2.1066644565093933e+00   9.9715567342938893e-01
 -7.6000000000000014e+00   2.1073854714324924e+00   9.9711709013130534e-01
 -7.5749999999999993e+00   2.1081122548995546e+00   9.9707793508513343e-01
 -7.5500000000000007e+00   2.1088448656163812e+00   9.9703819880723799e-01
 -7.5250000000000021e+00   2.1095833630678551e+00   9.9699787163468467e-01
 -7.5000000000000000e+00   2.1103278075309975e+00   9.9695694372135080e-01
 -7.4750000000000014e+00   2.1110782600883251e+00   9.9691540503393761e-01
 -7.4499999999999993e+00   2.1118347826414898e+00   9.9687324534788269e-01
 -7.4250000000000007e+00   2.1125974379251566e+00   9.9683045424317263e-01
 -7.4000000000000021e+00   2.1133662895212053e+00   9.9678702110004858e-01
 -7.3750000000000000e+00   2.1141414018731992e+00   9.9674293509460521e-01
 -7.3500000000000014e+00   2.1149228403011535e+00   9.9669818519427889e-01
 -7.3249999999999993e+00   2.1157106710166560e+00   9.9665276015321880e-01
 -7.3000000000000007e+00   2.1165049611382054e+00   9.9660664850754632e-01
 -7.2750000000000021e+00   2.1173057787069767e+00   9.9655983857048747e-01
 -7.2500000000000000e+00   2.1181131927028498e+00   9.9651231842738486e-01
 -7.2250000000000014e+00   2.1189272730607773e+00   9.9646407593058184e-01
 -7.1999999999999993e+00   2.1197480906875428e+00   9.9641509869417200e-01
 -7.1750000000000007e+00   2.1205757174788298e+00   9.9636537408861636e-01
 -7.1500000000000021e+00   2.1214102263366450e+00   9.9631488923522116e-01
 -7.1250000000000000e+00   2.1222516911871643e+00   9.9626363100046955e-01
 -7.1000000000000014e+00   2.1231001869989070e+00   9.9621158599020854e-01
 -7.0749999999999993e+00   2.1239557898013297e+00   9.9615874054368214e-01
 -7.0500000000000007e+00   2.1248185767038117e+00   9.9610508072740866e-01
 -7.0250000000000021e+00   2.1256886259150298e+00   9.9605059232889792e-01
 -7.0000000000000000e+00   2.1265660167628111e+00   9.9599526085019896e-01
 -6.9750000000000014e+00   2.1274508297143280e+00   9.9593907150128236e-01
 -6.9499999999999993e+00   2.1283431463968303e+00   9.9588200919324044e-01
 -6.9250000000000007e+00   2.1292430496187422e+00   9.9582405853131184e-01
 -6.9000000000000021e+00   2.1301506233912959e+00   9.9576520380771427e-01
 -6.8750000000000000e+00   2.1310659529505758e+00   9.9570542899428938e-01
 -6.8500000000000014e+00   2.1319891247801035e+00   9.9564471773494556e-01
 -6.8249999999999993e+00   2.1329202266339111e+00   9.9558305333789743e-01
 -6.8000000000000007e+00   2.1338593475600960e+00   9.9552041876769637e-01
 -6.7750000000000021e+00   2.1348065779249201e+00   9.9545679663704312e-01
 -6.7500000000000000e+00   2.1357620094374870e+00   9.9539216919837392e-01
 -6.7250000000000014e+00   2.1367257351749078e+00   9.9532651833522023e-01
 -6.6999999999999993e+00   2.1376978496080823e+00   9.9525982555332748e-01
 -6.6750000000000007e+00   2.1386784486280348e+00   9.9519207197153037e-01
 -6.6500000000000021e+00   2.1396676295728776e+00   9.9512323831237337e-01
 -6.6250000000000000e+00   2.1406654912553544e+00   9.9505330489247246e-01
 -6.6000000000000014e+00   2.1416721339910461e+00   9.9498225161260578e-01
 -6.5749999999999993e+00   2.1426876596272049e+00   9.9491005794752774e-01
 -6.5500000000000007e+00   2.1437121715722602e+00   9.9483670293549631e-01
 -6.5250000000000021e+00   2.1447457748259948e+00   9.9476216516750560e-01
 -6.5000000000000000e+00   2.1457885760104252e+00   9.9468642277621311e-01
 -6.4750000000000014e+00   2.1468406834014337e+00   9.9460945342454998e-01
 -6.4499999999999993e+00   2.1479022069610783e+00   9.9453123429401058e-01
 -6.4250000000000007e+00   2.1489732583707095e+00   9.9445174207260345e-01
 -6.4000000000000021e+00   2.1500539510648409e+00   9.9437095294245759e-01
 -6.3750000000000000e+00   2.1511444002658435e+00   9.9428884256706962e-01
 -6.3500000000000014e+00   2.1522447230194177e+00   9.9420538607818520e-01
 -6.3249999999999993e+00   2.1533550382309579e+00   9.9412055806229538e-01
 -6.3000000000000007e+00   2.1544754667027570e+00   9.9403433254674134e-01
 -6.2750000000000021e+00   2.1556061311721160e+00   9.9394668298541156e-01
 -6.2500000000000000e+00   2.1567471563503409e+00   9.9385758224402043e-01
 -6.2250000000000014e+00   2.1578986689627162e+00   9.9376700258495065e-01
 -6.1999999999999993e+00   2.1590607977894365e+00   9.9367491565164701e-01
 -6.1750000000000007e+00   2.1602336737075007e+00   9.9358129245254956e-01
 -6.1500000000000021e+00   2.1614174297336688e+00   9.9348610334454401e-01
 -6.1250000000000000e+00   2.1626122010684545e+00   9.9338931801591812e-01
 -6.1000000000000014e+00   2.1638181251411894e+00   9.9329090546880638e-01
 -6.0749999999999993e+00   2.1650353416561923e+00   9.9319083400110597e-01
 -6.0500000000000007e+00   2.1662639926401055e+00   9.9308907118784273e-01
 -6.0250000000000021e+00   2.1675042224903800e+00   9.9298558386197333e-01
 -6.0000000000000000e+00   2.1687561780249829e+00   9.9288033809460008e-01
 -5.9750000000000014e+00   2.1700200085333394e+00   9.9277329917458079e-01
 -5.9499999999999993e+00   2.1712958658285517e+00   9.9266443158751172e-01
 -5.9250000000000007e+00   2.1725839043009296e+00   9.9255369899406187e-01
 -5.9000000000000021e+00   2.1738842809728891e+00   9.9244106420763534e-01
 -5.8750000000000000e+00   2.1751971555552161e+00   9.9232648917134036e-01
 -5.8500000000000014e+00   2.1765226905047665e+00   9.9220993493423959e-01
 -5.8249999999999993e+00   2.1778610510836733e+00   9.9209136162685274e-01
 -5.8000000000000007e+00   2.1792124054200146e+00   9.9197072843589307e-01
 -5.7750000000000021e+00   2.1805769245700795e+00   9.9184799357820297e-01
 -5.7500000000000000e+00   2.1819547825822272e+00   9.9172311427386362e-01
 -5.7250000000000014e+00   2.1833461565623944e+00   9.9159604671844948e-01
 -5.6999999999999993e+00   2.1847512267413127e+00   9.9146674605439500e-01
 -5.6750000000000007e+00   2.1861701765434729e+00   9.9133516634144303e-01
 -5.6500000000000021e+00   2.1876031926578889e+00   9.9120126052614177e-01
 -5.6250000000000000e+00   2.1890504651107228e+00   9.9106498041035485e-01
 -5.6000000000000014e+00   2.1905121873398223e+00   9.9092627661874910e-01
 -5.5749999999999993e+00   2.1919885562712293e+00   9.9078509856522223e-01
 -5.5500000000000007e+00   2.1934797723977062e+00   9.9064139441823296e-01
 -5.5250000000000021e+00   2.1949860398593568e+00   9.9049511106499133e-01
 -5.5000000000000000e+00   2.1965075665264147e+00   9.9034619407446667e-01
 -5.4750000000000014e+00   2.1980445640842250e+00   9.9019458765917234e-01
 -5.4499999999999993e+00   2.1995972481205199e+00   9.9004023463567892e-01
 -5.4250000000000007e+00   2.2011658382150441e+00   9.8988307638380968e-01
 -5.4000000000000021e+00   2.2027505580316218e+00   9.8972305280446649e-01
 -5.3750000000000000e+00   2.2043516354126935e+00   9.8956010227603941e-01
 -5.3500000000000014e+00   2.2059693024764471e+00   9.8939416160934146e-01
 -5.3249999999999993e+00   2.2076037957166106e+00   9.8922516600101396e-01
 -5.3000000000000007e+00   2.2092553561049542e+00   9.8905304898534718e-01
 -5.2750000000000021e+00   2.2109242291966424e+00   9.8887774238445059e-01
 -5.2500000000000000e+00   2.2126106652384516e+00   9.8869917625671577e-01
 -5.2250000000000014e+00   2.2143149192800324e+00   9.8851727884349827e-01
 -5.1999999999999993e+00   2.2160372512882298e+00   9.8833197651395654e-01
 -5.1750000000000007e+00   2.2177779262645916e+00   9.8814319370797354e-01
 -5.1500000000000021e+00   2.2195372143661736e+00   9.8795085287708517e-01
 -5.1250000000000000e+00   2.2213153910297048e+00   9.8775487442334220e-01
 -5.1000000000000014e+00   2.2231127370992789e+00   9.8755517663601700e-01
 -5.0749999999999993e+00   2.2249295389576105e+00   9.8735167562607917e-01
 -5.0500000000000007e+00   2.2267660886610403e+00   9.8714428525834330e-01
 -5.0250000000000021e+00   2.2286226840783243e+00   9.8693291708120567e-01
 -5.0000000000000000e+00   2.2304996290334236e+00   9.8671748025386352e-01
 -4.9750000000000014e+00   2.2323972334523225e+00   9.8649788147092665e-01
 -4.9499999999999993e+00   2.2343158135140762e+00   9.8627402488430915e-01
 -4.9250000000000007e+00   2.2362556918061802e+00   9.8604581202229580e-01
 -4.9000000000000021e+00   2.2382171974843992e+00   9.8581314170566969e-01
 -4.8750000000000000e+00   2.2402006664372314e+00   9.8557590996077749e-01
 -4.8500000000000014e+00   2.2422064414551106e+00   9.8533400992941300e-01
 -4.8249999999999993e+00   2.2442348724045162e+00   9.8508733177538743e-01
 -4.8000000000000007e+00   2.2462863164071414e+00   9.8483576258765038e-01
 -4.7750000000000021e+00   2.2483611380242881e+00   9.8457918627982011e-01
 -4.7500000000000000e+00   2.2504597094466385e+00   9.8431748348597636e-01
 -4.7250000000000014e+00   2.2525824106895787e+00   9.8405053145256027e-01
 -4.6999999999999993e+00   2.2547296297942765e+00   9.8377820392621773e-01
 -4.6750000000000007e+00   2.2569017630346249e+00   9.8350037103742538e-01
 -4.6500000000000021e+00   2.2590992151303184e+00   9.8321689917971322e-01
 -4.6250000000000000e+00   2.2613223994661986e+00   9.8292765088430711e-01
 -4.6000000000000014e+00   2.2635717383180829e+00   9.8263248468999598e-01
 -4.5749999999999993e+00   2.2658476630852906e+00   9.8233125500802243e-01
 -4.5500000000000007e+00   2.2681506145300543e+00   9.8202381198178856e-01
 -4.5250000000000021e+00   2.2704810430240494e+00   9.8171000134115560e-01
 -4.5000000000000000e+00   2.2728394088022497e+00   9.8138966425110974e-01
 -4.4750000000000014e+00   2.2752261822243542e+00   9.8106263715455166e-01
 -4.4499999999999993e+00   2.2776418440439903e+00   9.8072875160896311e-01
 -4.4250000000000007e+00   2.2800868856859688e+00   9.8038783411668373e-01
 -4.4000000000000021e+00   2.2825618095317983e+00   9.8003970594852896e-01
 -4.3750000000000000e+00   2.2850671292137510e+00   9.7968418296045767e-01
 -4.3500000000000014e+00   2.2876033699177096e+00   9.7932107540299429e-01
 -4.3249999999999993e+00   2.2901710686950620e+00   9.7895018772309139e-01
 -4.3000000000000007e+00   2.2927707747839499e+00   9.7857131835810141e-01
 -4.2750000000000021e+00   2.2954030499400959e+00   9.7818425952152233e-01
 -4.2500000000000000e+00   2.2980684687775308e+00   9.7778879698015453e-01
 -4.2250000000000014e+00   2.3007676191195037e+00   9.7738470982229630e-01
 -4.1999999999999993e+00   2.3035011023598551e+00   9.7697177021658821e-01
 -4.1750000000000007e+00   2.3062695338351746e+00   9.7654974316109622e-01
 -4.1500000000000021e+00   2.3090735432080365e+00   9.7611838622220748e-01
 -4.1250000000000000e+00   2.3119137748616172e+00   9.7567744926289413e-01
 -4.1000000000000014e+00   2.3147908883060269e+00   9.7522667415987563e-01
 -4.0749999999999993e+00   2.3177055585966624e+00   9.7476579450919565e-01
 -4.0500000000000007e+00   2.3206584767649030e+00   9.7429453531970300e-01
 -4.0250000000000021e+00   2.3236503502614707e+00   9.7381261269390684e-01
 -4.0000000000000000e+00   2.3266819034127884e+00   9.7331973349564938e-01
 -3.9750000000000014e+00   2.3297538778906648e+00   9.7281559500401715e-01
 -3.9499999999999993e+00   2.3328670331956052e+00   9.7229988455288896e-01
 -3.9250000000000007e+00   2.3360221471541127e+00   9.7177227915548492e-01
 -3.9000000000000021e+00   2.3392200164302688e+00   9.7123244511326201e-01
 -3.8750000000000000e+00   2.3424614570519120e+00   9.7068003760847033e-01
 -3.8500000000000014e+00   2.3457473049517521e+00   9.7011470027965008e-01
 -3.8249999999999993e+00   2.3490784165236955e+00   9.6953606477932730e-01
 -3.8000000000000007e+00   2.3524556691946747e+00   9.6894375031313351e-01
 -3.7750000000000021e+00   2.3558799620122737e+00   9.6833736315953567e-01
 -3.7500000000000000e+00   2.3593522162484071e+00   9.6771649616933952e-01
 -3.7250000000000014e+00   2.3628733760192908e+00   9.6708072824409064e-01
 -3.7000000000000028e+00   2.3664444089219385e+00   9.6642962379246278e-01
 -3.6750000000000007e+00   2.3700663066873688e+00   9.6576273216369257e-01
 -3.6500000000000021e+00   2.3737400858506956e+00   9.6507958705707864e-01
 -3.6250000000000000e+00   2.3774667884382379e+00   9.6437970590653066e-01
 -3.6000000000000014e+00   2.3812474826717231e+00   9.6366258923911852e-01
 -3.5750000000000028e+00   2.3850832636896624e+00   9.6292772000652949e-01
 -3.5500000000000007e+00   2.3889752542858518e+00   9.6217456288831427e-01
 -3.5250000000000021e+00   2.3929246056649607e+00   9.6140256356575882e-01
 -3.5000000000000000e+00   2.3969324982150750e+00   9.6061114796518488e-01
 -3.4750000000000014e+00   2.4010001422969744e+00   9.5979972146945158e-01
 -3.4500000000000028e+00   2.4051287790498606e+00   9.5896766809639233e-01
 -3.4250000000000007e+00   2.4093196812131414e+00   9.5811434964289310e-01
 -3.4000000000000021e+00   2.4135741539637832e+00   9.5723910479328522e-01
 -3.3750000000000000e+00   2.4178935357686298e+00   9.5634124819069821e-01
 -3.3500000000000014e+00   2.4222791992508972e+00   9.5542006947000524e-01
 -3.3250000000000028e+00   2.4267325520700078e+00   9.5447483225095453e-01
 -3.3000000000000007e+00   2.4312550378136577e+00   9.5350477309008519e-01
 -3.2750000000000021e+00   2.4358481369008960e+00   9.5250910039000447e-01
 -3.2500000000000000e+00   2.4405133674947685e+00   9.5148699326460473e-01
 -3.2250000000000014e+00   2.4452522864228521e+00   9.5043760035880565e-01
 -3.2000000000000028e+00   2.4500664901037572e+00   9.4936003862142115e-01
 -3.1750000000000007e+00   2.4549576154774266e+00   9.4825339202977355e-01
 -3.1500000000000021e+00   2.4599273409366949e+00   9.4711671026472533e-01
 -3.1250000000000000e+00   2.4649773872573419e+00   9.4594900733483400e-01
 -3.1000000000000014e+00   2.4701095185233770e+00   9.4474926014842964e-01
 -3.0750000000000028e+00   2.4753255430440300e+00   9.4351640703247452e-01
 -3.0500000000000007e+00   2.4806273142583581e+00   9.4224934619719936e-01
 -3.0250000000000021e+00   2.4860167316229860e+00   9.4094693414562758e-01
 -3.0000000000000000e+00   2.4914957414779213e+00   9.3960798402726708e-01
 -2.9750000000000014e+00   2.4970663378848146e+00   9.3823126393544487e-01
 -2.9500000000000028e+00   2.5027305634314412e+00   9.3681549514797646e-01
 -2.9250000000000007e+00   2.5084905099954398e+00   9.3535935031114437e-01
 -2.9000000000000021e+00   2.5143483194596419e+00   9.3386145156726053e-01
 -2.8750000000000000e+00   2.5203061843705026e+00   9.3232036862645218e-01
 -2.8500000000000014e+00   2.5263663485302619e+00   9.3073461678372971e-01
 -2.8250000000000028e+00   2.5325311075125230e+00   9.2910265488287147e-01
 -2.8000000000000007e+00   2.5388028090899120e+00   9.2742288322920496e-01
 -2.7750000000000021e+00   2.5451838535613653e+00   9.2569364145399491e-01
 -2.7500000000000000e+00   2.5516766939654349e+00   9.2391320633384189e-01
 -2.7250000000000014e+00   2.5582838361646814e+00   9.2207978956931180e-01
 -2.7000000000000028e+00   2.5650078387849233e+00   9.2019153552789756e-01
 -2.6750000000000007e+00   2.5718513129916025e+00   9.1824651895744502e-01
 -2.6500000000000021e+00   2.5788169220840218e+00   9.1624274267729489e-01
 -2.6250000000000000e+00   2.5859073808865576e+00   9.1417813525566360e-01
 -2.6000000000000014e+00   2.5931254549142362e+00   9.1205054868319513e-01
 -2.5750000000000028e+00   2.6004739592882422e+00   9.0985775605417563e-01
 -2.5500000000000007e+00   2.6079557573750369e+00   9.0759744926863628e-01
 -2.5250000000000021e+00   2.6155737591208008e+00   9.0526723677047161e-01
 -2.5000000000000000e+00   2.6233309190508902e+00   9.0286464133879318e-01
 -2.4750000000000014e+00   2.6312302339018832e+00   9.0038709795204341e-01
 -2.4500000000000028e+00   2.6392747398517353e+00   8.9783195174687402e-01
 -2.4250000000000007e+00   2.6474675093113689e+00   8.9519645609653309e-01
 -2.4000000000000021e+00   2.6558116472389766e+00   8.9247777083642499e-01
 -2.3750000000000000e+00   2.6643102869362356e+00   8.8967296066767410e-01
 -2.3500000000000014e+00   2.6729665852836462e+00   8.8677899377291725e-01
 -2.3250000000000028e+00   2.6817837173704309e+00   8.8379274068213920e-01
 -2.3000000000000007e+00   2.6907648704727380e+00   8.8071097343019533e-01
 -2.2750000000000021e+00   2.6999132373325634e+00   8.7753036505166271e-01
 -2.2500000000000000e+00   2.7092320086887489e+00   8.7424748946283060e-01
 -2.2250000000000014e+00   2.7187243650107886e+00   8.7085882178495966e-01
 -2.2000000000000028e+00   2.7283934673860744e+00   8.6736073916732292e-01
 -2.1750000000000007e+00   2.7382424475117242e+00   8.6374952217297474e-01
 -2.1500000000000021e+00   2.7482743967433940e+00   8.6002135679457747e-01
 -2.1250000000000000e+00   2.7584923541556146e+00   8.5617233717186836e-01
 -2.1000000000000014e+00   2.7688992935713062e+00   8.5219846908638652e-01
 -2.0750000000000028e+00   2.7794981095224651e+00   8.4809567431272581e-01
 -2.0500000000000007e+00   2.7902916021096078e+00   8.4385979590875737e-01
 -2.0250000000000021e+00   2.8012824607346607e+00   8.3948660452975177e-01
 -2.0000000000000000e+00   2.8124732466907796e+00   8.3497180585293596e-01
 -1.9750000000000014e+00   2.8238663746030315e+00   8.3031104919961440e-01
 -1.9500000000000028e+00   2.8354640927264896e+00   8.2549993744117589e-01
 -1.9250000000000007e+00   2.8472684621227620e+00   8.2053403827303240e-01
 -1.9000000000000021e+00   2.8592813347528083e+00   8.1540889693635810e-01
 -1.8750000000000000e+00   2.8715043305429253e+00   8.1012005046123192e-01
 -1.8500000000000014e+00   2.8839388135020396e+00   8.0466304349615159e-01
 -1.8250000000000028e+00   2.8965858669920816e+00   7.9903344577751423e-01
 -1.8000000000000007e+00   2.9094462682788551e+00   7.9322687127841607e-01
 -1.7750000000000021e+00   2.9225204625185119e+00   7.8723899905865768e-01
 -1.7500000000000000e+00   2.9358085363640871e+00   7.8106559581702617e-01
 -1.7250000000000014e+00   2.9493101914070716e+00   7.7470254012266726e-01
 -1.7000000000000028e+00   2.9630247177004603e+00   7.6814584827448718e-01
 -1.6750000000000007e+00   2.9769509676410499e+00   7.6139170170630399e-01
 -1.6500000000000021e+00   2.9910873305196248e+00   7.5443647582087092e-01
 -1.6250000000000000e+00   3.0054317080768742e+00   7.4727677009840465e-01
 -1.6000000000000014e+00   3.0199814914294265e+00   7.3990943928535080e-01
 -1.5750000000000028e+00   3.0347335397533950e+00   7.3233162542735242e-01
 -1.5500000000000007e+00   3.0496841611306884e+00   7.2454079046784081e-01
 -1.5250000000000021e+00   3.0648290959752087e+00   7.1653474909115489e-01
 -1.5000000000000000e+00   3.0801635034604802e+00   7.0831170144799538e-01
 -1.4750000000000014e+00   3.0956819513659939e+00   6.9987026536270203e-01
 -1.4500000000000028e+00   3.1113784097458557e+00   6.9120950758769328e-01
 -1.4250000000000007e+00   3.1272462487988815e+00   6.8232897364221246e-01
 -1.4000000000000021e+00   3.1432782412838973e+00   6.7322871575169951e-01
 -1.3750000000000000e+00   3.1594665697771216e+00   6.6390931839231870e-01
 -1.3500000000000014e+00   3.1758028390102284e+00   6.5437192094387175e-01
 -1.3250000000000028e+00   3.1922780934587500e+00   6.4461823696459186e-01
 -1.3000000000000007e+00   3.2088828402715786e+00   6.3465056962423028e-01
 -1.2750000000000021e+00   3.2256070775451664e+00   6.2447182286779912e-01
 -1.2500000000000000e+00   3.2424403278524938e+00   6.1408550793144701e-01
 -1.2250000000000014e+00   3.2593716768391037e+00   6.0349574489386626e-01
 -1.2000000000000028e+00   3.2763898165996963e+00   5.9270725902014854e-01
 -1.1750000000000007e+00   3.2934830934512762e+00   5.8172537173892946e-01
 -1.1500000000000021e+00   3.3106395596263027e+00   5.7055598618564285e-01
 -1.1250000000000000e+00   3.3278470283244972e+00   5.5920556734245042e-01
 -1.1000000000000014e+00   3.3450931314878067e+00   5.4768111690608134e-01
 -1.0750000000000028e+00   3.3623653796025170e+00   5.3599014311512261e-01
 -1.0500000000000007e+00   3.3796512227873166e+00   5.2414062586536547e-01
 -1.0250000000000021e+00   3.3969381123983915e+00   5.1214097753220467e-01
 -1.0000000000000000e+00   3.4142135623730909e+00   5.0000000000000289e-01
 -9.7500000000000142e-01   3.4314652095426288e+00   4.8772683846726922e-01
 -9.5000000000000284e-01   3.4486808721715536e+00   4.7533093265106674e-01
 -9.2500000000000071e-01   3.4658486060258333e+00   4.6282196605303039e-01
 -9.0000000000000213e-01   3.4829567573310110e+00   4.5020981397157306e-01
 -8.7500000000000000e-01   3.4999940120545125e+00   4.3750449095015176e-01
 -8.5000000000000142e-01   3.5169494410291637e+00   4.2471609834032698e-01
 -8.2500000000000284e-01   3.5338125405256688e+00   4.1185477263154835e-01
 -8.0000000000000071e-01   3.5505732679766884e+00   3.9893063515902311e-01
 -7.7500000000000213e-01   3.5672220726517070e+00   3.8595374374832214e-01
 -7.5000000000000000e-01   3.5837499211769250e+00   3.7293404679302078e-01
 -7.2500000000000142e-01   3.6001483178853597e+00   3.5988134019216367e-01
 -7.0000000000000284e-01   3.6164093200672083e+00   3.4680522749996634e-01
 -6.7500000000000071e-01   3.6325255482671199e+00   3.3371508356378488e-01
 -6.5000000000000213e-01   3.6484901918422752e+00   3.2062002184995447e-01
 -6.2500000000000000e-01   3.6642970100520711e+00   3.0752886558293402e-01
 -6.0000000000000142e-01   3.6799403289961190e+00   2.9445012275310295e-01
 -5.7500000000000284e-01   3.6954150347525427e+00   2.8139196498375874e-01
 -5.5000000000000071e-01   3.7107165630929648e+00   2.6836221018984874e-01
 -5.2500000000000213e-01   3.7258408861652086e+00   2.5536830891012202e-01
 -5.0000000000000000e-01   3.7407844965401456e+00   2.4241733415136785e-01
 -4.7500000000000142e-01   3.7555443890162943e+00   2.2951597454835160e-01
 -4.5000000000000284e-01   3.7701180405661114e+00   2.1667053061559738e-01
 -4.2500000000000071e-01   3.7845033887921575e+00   2.0388691384732652e-01
 -4.0000000000000213e-01   3.7986988092409959e+00   1.9117064840875572e-01
 -3.7500000000000000e-01   3.8127030918987619e+00   1.7852687515516713e-01
 -3.5000000000000142e-01   3.8265154171657221e+00   1.6596035771398202e-01
 -3.2500000000000284e-01   3.8401353315791891e+00   1.5347549036848709e-01
 -3.0000000000000071e-01   3.8535627235251786e+00   1.4107630748948058e-01
 -2.7500000000000213e-01   3.8667977991504072e+00   1.2876649427179912e-01
 -2.5000000000000000e-01   3.8798410586579184e+00   1.1654939854596939e-01
 -2.2500000000000142e-01   3.8926932731423367e+00   1.0442804345043723e-01
 -2.0000000000000284e-01   3.9053554620950601e+00   9.2405140766129656e-02
 -1.7500000000000071e-01   3.9178288716855172e+00   8.0483104732364114e-02
 -1.5000000000000213e-01   3.9301149539025069e+00   6.8664066180480890e-02
 -1.2500000000000000e-01   3.9422153466194945e+00   5.6949886838929285e-02
 -1.0000000000000142e-01   3.9541318546295323e+00   4.5342173680536155e-02
 -7.5000000000002842e-02   3.9658664316795349e+00   3.3842293198893099e-02
 -5.0000000000000711e-02   3.9774211635194416e+00   2.2451385516354391e-02
 -2.5000000000002132e-02   3.9887982519696874e+00   1.1170378240579027e-02
  0.0000000000000000e+00   4.0000000000000000e+00   0.0000000000000000e+00
