# ZND solution.
# Columns are: spatial coordinate; u; lamda.
 -2.5149999999999999e+01   2.0020000000000286e+00   9.9999899999999997e-01
 -2.5099999999999998e+01   2.0020000000000286e+00   9.9999899999999997e-01
 -2.5049999999999997e+01   2.0020000000000286e+00   9.9999899999999997e-01
 -2.5000000000000000e+01   2.0020000000000286e+00   9.9999899999999997e-01
 -2.4949999999999999e+01   2.0020133638315789e+00   9.9999898659152042e-01
 -2.4899999999999999e+01   2.0020354667580533e+00   9.9999896421876922e-01
 -2.4849999999999998e+01   2.0020578133291553e+00   9.9999894135107559e-01
 -2.4799999999999997e+01   2.0020804062530688e+00   9.9999891797745555e-01
 -2.4750000000000000e+01   2.0021032482680412e+00   9.9999889408668075e-01
 -2.4699999999999999e+01   2.0021263421437605e+00   9.9999886966727192e-01
 -2.4649999999999999e+01   2.0021496906800702e+00   9.9999884470749500e-01
 -2.4599999999999998e+01   2.0021732967095631e+00   9.9999881919535305e-01
 -2.4549999999999997e+01   2.0021971630968869e+00   9.9999879311858142e-01
 -2.4500000000000000e+01   2.0022212927384975e+00   9.9999876646464247e-01
 -2.4449999999999999e+01   2.0022456885637232e+00   9.9999873922071869e-01
 -2.4399999999999999e+01   2.0022703535351760e+00   9.9999871137370633e-01
 -2.4349999999999998e+01   2.0022952906492377e+00   9.9999868291020888e-01
 -2.4299999999999997e+01   2.0023205029358384e+00   9.9999865381653119e-01
 -2.4250000000000000e+01   2.0023459934594827e+00   9.9999862407867202e-01
 -2.4199999999999999e+01   2.0023717653196398e+00   9.9999859368231714e-01
 -2.4149999999999999e+01   2.0023978216507325e+00   9.9999856261283282e-01
 -2.4099999999999998e+01   2.0024241656223909e+00   9.9999853085525880e-01
 -2.4049999999999997e+01   2.0024508004408577e+00   9.9999849839429977e-01
 -2.4000000000000000e+01   2.0024777293483180e+00   9.9999846521431912e-01
 -2.3949999999999999e+01   2.0025049556239378e+00   9.9999843129933053e-01
 -2.3899999999999999e+01   2.0025324825844701e+00   9.9999839663298984e-01
 -2.3849999999999998e+01   2.0025603135840200e+00   9.9999836119858787e-01
 -2.3799999999999997e+01   2.0025884520145727e+00   9.9999832497904206e-01
 -2.3750000000000000e+01   2.0026169013073991e+00   9.9999828795688683e-01
 -2.3699999999999999e+01   2.0026456649326638e+00   9.9999825011426602e-01
 -2.3649999999999999e+01   2.0026747463996095e+00   9.9999821143292444e-01
 -2.3599999999999998e+01   2.0027041492577671e+00   9.9999817189419793e-01
 -2.3549999999999997e+01   2.0027338770973238e+00   9.9999813147900418e-01
 -2.3500000000000000e+01   2.0027639335491871e+00   9.9999809016783392e-01
 -2.3449999999999999e+01   2.0027943222855660e+00   9.9999804794074110e-01
 -2.3399999999999999e+01   2.0028250470211031e+00   9.9999800477733214e-01
 -2.3349999999999998e+01   2.0028561115123336e+00   9.9999796065675728e-01
 -2.3299999999999997e+01   2.0028875195588283e+00   9.9999791555769935e-01
 -2.3250000000000000e+01   2.0029192750036056e+00   9.9999786945836333e-01
 -2.3199999999999999e+01   2.0029513817339208e+00   9.9999782233646517e-01
 -2.3149999999999999e+01   2.0029838436812062e+00   9.9999777416922153e-01
 -2.3099999999999998e+01   2.0030166648220655e+00   9.9999772493333783e-01
 -2.3049999999999997e+01   2.0030498491787116e+00   9.9999767460499678e-01
 -2.3000000000000000e+01   2.0030834008189560e+00   9.9999762315984742e-01
 -2.2949999999999999e+01   2.0031173238578477e+00   9.9999757057299132e-01
 -2.2899999999999999e+01   2.0031516224573811e+00   9.9999751681897153e-01
 -2.2849999999999998e+01   2.0031863008274819e+00   9.9999746187175920e-01
 -2.2799999999999997e+01   2.0032213632261691e+00   9.9999740570474127e-01
 -2.2750000000000000e+01   2.0032568139602516e+00   9.9999734829070708e-01
 -2.2699999999999999e+01   2.0032926573867149e+00   9.9999728960183343e-01
 -2.2649999999999999e+01   2.0033288979120760e+00   9.9999722960967274e-01
 -2.2599999999999998e+01   2.0033655399938097e+00   9.9999716828513752e-01
 -2.2549999999999997e+01   2.0034025881405633e+00   9.9999710559848642e-01
 -2.2500000000000000e+01   2.0034400469131075e+00   9.9999704151930890e-01
 -2.2449999999999999e+01   2.0034779209243792e+00   9.9999697601651094e-01
 -2.2399999999999999e+01   2.0035162148411354e+00   9.9999690905829774e-01
 -2.2349999999999998e+01   2.0035549333833491e+00   9.9999684061215999e-01
 -2.2299999999999997e+01   2.0035940813259621e+00   9.9999677064485559e-01
 -2.2250000000000000e+01   2.0036336634988365e+00   9.9999669912239431e-01
 -2.2199999999999999e+01   2.0036736847878838e+00   9.9999662601001982e-01
 -2.2149999999999999e+01   2.0037141501353597e+00   9.9999655127219300e-01
 -2.2099999999999998e+01   2.0037550645407483e+00   9.9999647487257370e-01
 -2.2049999999999997e+01   2.0037964330612450e+00   9.9999639677400287e-01
 -2.2000000000000000e+01   2.0038382608130889e+00   9.9999631693848268e-01
 -2.1949999999999999e+01   2.0038805529714319e+00   9.9999623532715898e-01
 -2.1899999999999999e+01   2.0039233147715785e+00   9.9999615190030078e-01
 -2.1849999999999998e+01   2.0039665515097460e+00   9.9999606661728013e-01
 -2.1799999999999997e+01   2.0040102685436563e+00   9.9999597943655194e-01
 -2.1750000000000000e+01   2.0040544712930757e+00   9.9999589031563341e-01
 -2.1699999999999999e+01   2.0040991652411173e+00   9.9999579921108150e-01
 -2.1649999999999999e+01   2.0041443559344718e+00   9.9999570607847210e-01
 -2.1599999999999998e+01   2.0041900489844471e+00   9.9999561087237698e-01
 -2.1549999999999997e+01   2.0042362500679634e+00   9.9999551354634042e-01
 -2.1500000000000000e+01   2.0042829649279850e+00   9.9999541405285641e-01
 -2.1449999999999999e+01   2.0043301993747065e+00   9.9999531234334382e-01
 -2.1399999999999999e+01   2.0043779592856081e+00   9.9999520836812339e-01
 -2.1349999999999998e+01   2.0044262506073665e+00   9.9999510207639020e-01
 -2.1299999999999997e+01   2.0044750793563049e+00   9.9999499341618869e-01
 -2.1250000000000000e+01   2.0045244516187575e+00   9.9999488233438738e-01
 -2.1199999999999999e+01   2.0045743735523263e+00   9.9999476877665094e-01
 -2.1149999999999999e+01   2.0046248513872817e+00   9.9999465268741139e-01
 -2.1099999999999998e+01   2.0046758914265714e+00   9.9999453400984173e-01
 -2.1049999999999997e+01   2.0047275000471210e+00   9.9999441268582612e-01
 -2.1000000000000000e+01   2.0047796837009773e+00   9.9999428865592965e-01
 -2.0949999999999999e+01   2.0048324489157445e+00   9.9999416185936918e-01
 -2.0899999999999999e+01   2.0048858022960045e+00   9.9999403223398109e-01
 -2.0849999999999998e+01   2.0049397505241036e+00   9.9999389971618990e-01
 -2.0799999999999997e+01   2.0049943003609352e+00   9.9999376424097619e-01
 -2.0750000000000000e+01   2.0050494586473642e+00   9.9999362574184214e-01
 -2.0699999999999999e+01   2.0051052323048939e+00   9.9999348415077827e-01
 -2.0649999999999999e+01   2.0051616283365328e+00   9.9999333939822888e-01
 -2.0599999999999998e+01   2.0052186538286398e+00   9.9999319141305421e-01
 -2.0549999999999997e+01   2.0052763159506481e+00   9.9999304012249723e-01
 -2.0500000000000000e+01   2.0053346219573904e+00   9.9999288545214293e-01
 -2.0449999999999999e+01   2.0053935791895499e+00   9.9999272732588151e-01
 -2.0399999999999999e+01   2.0054531950748067e+00   9.9999256566586903e-01
 -2.0349999999999998e+01   2.0055134771290231e+00   9.9999240039248694e-01
 -2.0299999999999997e+01   2.0055744329573737e+00   9.9999223142430094e-01
 -2.0250000000000000e+01   2.0056360702553415e+00   9.9999205867801921e-01
 -2.0199999999999999e+01   2.0056983968102458e+00   9.9999188206844825e-01
 -2.0149999999999999e+01   2.0057614205017464e+00   9.9999170150845051e-01
 -2.0099999999999998e+01   2.0058251493037291e+00   9.9999151690889732e-01
 -2.0049999999999997e+01   2.0058895912853418e+00   9.9999132817862291e-01
 -2.0000000000000000e+01   2.0059547546117957e+00   9.9999113522437832e-01
 -1.9949999999999999e+01   2.0060206475459852e+00   9.9999093795078176e-01
 -1.9899999999999999e+01   2.0060872784497881e+00   9.9999073626026869e-01
 -1.9849999999999998e+01   2.0061546557852106e+00   9.9999053005304139e-01
 -1.9799999999999997e+01   2.0062227881155641e+00   9.9999031922701720e-01
 -1.9750000000000000e+01   2.0062916841069711e+00   9.9999010367777452e-01
 -1.9699999999999999e+01   2.0063613525297606e+00   9.9998988329849803e-01
 -1.9649999999999999e+01   2.0064318022594305e+00   9.9998965797992390e-01
 -1.9599999999999998e+01   2.0065030422784416e+00   9.9998942761028120e-01
 -1.9549999999999997e+01   2.0065750816775791e+00   9.9998919207523329e-01
 -1.9500000000000000e+01   2.0066479296571846e+00   9.9998895125781828e-01
 -1.9449999999999999e+01   2.0067215955284134e+00   9.9998870503838810e-01
 -1.9399999999999999e+01   2.0067960887152014e+00   9.9998845329454378e-01
 -1.9349999999999998e+01   2.0068714187553898e+00   9.9998819590107202e-01
 -1.9299999999999997e+01   2.0069475953022411e+00   9.9998793272987907e-01
 -1.9250000000000000e+01   2.0070246281262181e+00   9.9998766364992209e-01
 -1.9199999999999999e+01   2.0071025271161194e+00   9.9998738852714120e-01
 -1.9149999999999999e+01   2.0071813022808169e+00   9.9998710722438788e-01
 -1.9099999999999998e+01   2.0072609637512611e+00   9.9998681960135072e-01
 -1.9049999999999997e+01   2.0073415217813402e+00   9.9998652551448353e-01
 -1.9000000000000000e+01   2.0074229867499680e+00   9.9998622481692745e-01
 -1.8949999999999999e+01   2.0075053691628781e+00   9.9998591735843223e-01
 -1.8899999999999999e+01   2.0075886796539613e+00   9.9998560298527739e-01
 -1.8849999999999998e+01   2.0076729289872159e+00   9.9998528154018929e-01
 -1.8799999999999997e+01   2.0077581280584735e+00   9.9998495286225708e-01
 -1.8750000000000000e+01   2.0078442878969711e+00   9.9998461678684736e-01
 -1.8699999999999999e+01   2.0079314196673814e+00   9.9998427314551497e-01
 -1.8649999999999999e+01   2.0080195346714831e+00   9.9998392176591322e-01
 -1.8599999999999998e+01   2.0081086443500875e+00   9.9998356247170095e-01
 -1.8549999999999997e+01   2.0081987602849494e+00   9.9998319508244748e-01
 -1.8500000000000000e+01   2.0082898942006233e+00   9.9998281941353562e-01
 -1.8449999999999999e+01   2.0083820579663922e+00   9.9998243527606201e-01
 -1.8399999999999999e+01   2.0084752635982475e+00   9.9998204247673506e-01
 -1.8349999999999998e+01   2.0085695232608560e+00   9.9998164081777041e-01
 -1.8299999999999997e+01   2.0086648492697354e+00   9.9998123009678319e-01
 -1.8250000000000000e+01   2.0087612540930961e+00   9.9998081010667905e-01
 -1.8199999999999999e+01   2.0088587503541704e+00   9.9998038063554062e-01
 -1.8149999999999999e+01   2.0089573508331351e+00   9.9997994146651303e-01
 -1.8099999999999998e+01   2.0090570684694531e+00   9.9997949237768491e-01
 -1.8049999999999997e+01   2.0091579163638147e+00   9.9997903314196834e-01
 -1.8000000000000000e+01   2.0092599077807964e+00   9.9997856352697279e-01
 -1.7949999999999999e+01   2.0093630561507272e+00   9.9997808329487958e-01
 -1.7899999999999999e+01   2.0094673750721155e+00   9.9997759220231097e-01
 -1.7849999999999998e+01   2.0095728783141005e+00   9.9997709000019586e-01
 -1.7799999999999997e+01   2.0096795798186995e+00   9.9997657643363336e-01
 -1.7750000000000000e+01   2.0097874937032620e+00   9.9997605124175215e-01
 -1.7699999999999999e+01   2.0098966342629261e+00   9.9997551415756647e-01
 -1.7649999999999999e+01   2.0100070159732502e+00   9.9997496490782778e-01
 -1.7600000000000001e+01   2.0101186534925231e+00   9.9997440321287456e-01
 -1.7549999999999997e+01   2.0102315616643787e+00   9.9997382878647700e-01
 -1.7500000000000000e+01   2.0103457555207491e+00   9.9997324133567622e-01
 -1.7449999999999999e+01   2.0104612502840267e+00   9.9997264056062374e-01
 -1.7399999999999999e+01   2.0105780613701825e+00   9.9997202615441216e-01
 -1.7350000000000001e+01   2.0106962043913188e+00   9.9997139780290478e-01
 -1.7299999999999997e+01   2.0108156951584832e+00   9.9997075518455969e-01
 -1.7250000000000000e+01   2.0109365496844616e+00   9.9997009797024983e-01
 -1.7199999999999999e+01   2.0110587841869574e+00   9.9996942582307657e-01
 -1.7149999999999999e+01   2.0111824150912425e+00   9.9996873839818179e-01
 -1.7100000000000001e+01   2.0113074590331896e+00   9.9996803534255319e-01
 -1.7049999999999997e+01   2.0114339328624653e+00   9.9996731629482416e-01
 -1.7000000000000000e+01   2.0115618536454902e+00   9.9996658088507007e-01
 -1.6949999999999999e+01   2.0116912386686319e+00   9.9996582873459827e-01
 -1.6899999999999999e+01   2.0118221054414374e+00   9.9996505945573289e-01
 -1.6850000000000001e+01   2.0119544716997746e+00   9.9996427265159482e-01
 -1.6799999999999997e+01   2.0120883554093307e+00   9.9996346791587443e-01
 -1.6750000000000000e+01   2.0122237747687581e+00   9.9996264483260067e-01
 -1.6699999999999999e+01   2.0123607482133865e+00   9.9996180297590131e-01
 -1.6649999999999999e+01   2.0124992944184803e+00   9.9996094190976004e-01
 -1.6600000000000001e+01   2.0126394323027874e+00   9.9996006118776581e-01
 -1.6549999999999997e+01   2.0127811810323122e+00   9.9995916035285481e-01
 -1.6500000000000000e+01   2.0129245600238468e+00   9.9995823893704749e-01
 -1.6449999999999999e+01   2.0130695889487464e+00   9.9995729646117770e-01
 -1.6399999999999999e+01   2.0132162877368778e+00   9.9995633243461401e-01
 -1.6350000000000001e+01   2.0133646765801889e+00   9.9995534635497674e-01
 -1.6299999999999997e+01   2.0135147759369221e+00   9.9995433770784370e-01
 -1.6250000000000000e+01   2.0136666065354221e+00   9.9995330596645149e-01
 -1.6199999999999999e+01   2.0138201893784204e+00   9.9995225059138615e-01
 -1.6149999999999999e+01   2.0139755457470567e+00   9.9995117103026798e-01
 -1.6100000000000001e+01   2.0141326972051292e+00   9.9995006671742703e-01
 -1.6049999999999997e+01   2.0142916656034178e+00   9.9994893707357002e-01
 -1.6000000000000000e+01   2.0144524730840159e+00   9.9994778150543895e-01
 -1.5949999999999999e+01   2.0146151420848923e+00   9.9994659940545960e-01
 -1.5899999999999999e+01   2.0147796953443784e+00   9.9994539015138184e-01
 -1.5850000000000000e+01   2.0149461559057831e+00   9.9994415310591001e-01
 -1.5799999999999999e+01   2.0151145471221166e+00   9.9994288761632333e-01
 -1.5750000000000000e+01   2.0152848926609503e+00   9.9994159301408581e-01
 -1.5699999999999999e+01   2.0154572165091675e+00   9.9994026861444718e-01
 -1.5649999999999999e+01   2.0156315429781158e+00   9.9993891371603083e-01
 -1.5600000000000000e+01   2.0158078967085173e+00   9.9993752760041321e-01
 -1.5549999999999999e+01   2.0159863026757439e+00   9.9993610953168988e-01
 -1.5500000000000000e+01   2.0161667861949888e+00   9.9993465875603138e-01
 -1.5449999999999999e+01   2.0163493729267739e+00   9.9993317450122532e-01
 -1.5399999999999999e+01   2.0165340888823153e+00   9.9993165597620792e-01
 -1.5350000000000000e+01   2.0167209604290748e+00   9.9993010237058233e-01
 -1.5299999999999999e+01   2.0169100142964802e+00   9.9992851285412321e-01
 -1.5250000000000000e+01   2.0171012775815997e+00   9.9992688657626927e-01
 -1.5199999999999999e+01   2.0172947777552106e+00   9.9992522266559947e-01
 -1.5149999999999999e+01   2.0174905426676779e+00   9.9992352022929754e-01
 -1.5100000000000000e+01   2.0176886005552239e+00   9.9992177835259943e-01
 -1.5049999999999999e+01   2.0178889800458504e+00   9.9991999609822979e-01
 -1.5000000000000000e+01   2.0180917101660469e+00   9.9991817250581694e-01
 -1.4949999999999999e+01   2.0182968203470999e+00   9.9991630659129649e-01
 -1.4899999999999999e+01   2.0185043404317833e+00   9.9991439734629617e-01
 -1.4850000000000000e+01   2.0187143006809602e+00   9.9991244373750565e-01
 -1.4799999999999999e+01   2.0189267317807058e+00   9.9991044470602530e-01
 -1.4750000000000000e+01   2.0191416648490330e+00   9.9990839916670182e-01
 -1.4699999999999999e+01   2.0193591314432449e+00   9.9990630600744079e-01
 -1.4649999999999999e+01   2.0195791635671623e+00   9.9990416408850258e-01
 -1.4600000000000000e+01   2.0198017936785519e+00   9.9990197224177801e-01
 -1.4549999999999999e+01   2.0200270546967287e+00   9.9989972927004356e-01
 -1.4500000000000000e+01   2.0202549800103129e+00   9.9989743394619546e-01
 -1.4449999999999999e+01   2.0204856034850991e+00   9.9989508501246283e-01
 -1.4400000000000000e+01   2.0207189594721187e+00   9.9989268117959818e-01
 -1.4350000000000000e+01   2.0209550828159046e+00   9.9989022112604464e-01
 -1.4299999999999999e+01   2.0211940088628415e+00   9.9988770349708045e-01
 -1.4250000000000000e+01   2.0214357734697819e+00   9.9988512690393805e-01
 -1.4199999999999999e+01   2.0216804130127155e+00   9.9988248992289952e-01
 -1.4150000000000000e+01   2.0219279643957027e+00   9.9987979109436520e-01
 -1.4100000000000000e+01   2.0221784650600929e+00   9.9987702892189456e-01
 -1.4049999999999999e+01   2.0224319529936898e+00   9.9987420187122222e-01
 -1.4000000000000000e+01   2.0226884667403033e+00   9.9987130836924354e-01
 -1.3949999999999999e+01   2.0229480454094326e+00   9.9986834680297165e-01
 -1.3900000000000000e+01   2.0232107286861800e+00   9.9986531551846414e-01
 -1.3850000000000000e+01   2.0234765568413837e+00   9.9986221281971832e-01
 -1.3799999999999999e+01   2.0237455707419039e+00   9.9985903696753531e-01
 -1.3750000000000000e+01   2.0240178118611145e+00   9.9985578617835102e-01
 -1.3699999999999999e+01   2.0242933222898105e+00   9.9985245862303085e-01
 -1.3650000000000000e+01   2.0245721447471237e+00   9.9984905242563160e-01
 -1.3600000000000000e+01   2.0248543225918003e+00   9.9984556566212568e-01
 -1.3549999999999999e+01   2.0251398998337002e+00   9.9984199635908788e-01
 -1.3500000000000000e+01   2.0254289211454606e+00   9.9983834249234449e-01
 -1.3449999999999999e+01   2.0257214318745760e+00   9.9983460198558038e-01
 -1.3400000000000000e+01   2.0260174780555884e+00   9.9983077270890675e-01
 -1.3350000000000000e+01   2.0263171064227299e+00   9.9982685247738368e-01
 -1.3299999999999999e+01   2.0266203644225680e+00   9.9982283904950242e-01
 -1.3250000000000000e+01   2.0269273002272947e+00   9.9981873012561728e-01
 -1.3199999999999999e+01   2.0272379627479959e+00   9.9981452334633469e-01
 -1.3150000000000000e+01   2.0275524016482946e+00   9.9981021629085276e-01
 -1.3100000000000000e+01   2.0278706673584672e+00   9.9980580647524842e-01
 -1.3049999999999999e+01   2.0281928110897365e+00   9.9980129135071460e-01
 -1.3000000000000000e+01   2.0285188848488493e+00   9.9979666830174452e-01
 -1.2949999999999999e+01   2.0288489414530875e+00   9.9979193464425908e-01
 -1.2900000000000000e+01   2.0291830345456652e+00   9.9978708762367663e-01
 -1.2850000000000000e+01   2.0295212186112508e+00   9.9978212441292669e-01
 -1.2799999999999999e+01   2.0298635489921240e+00   9.9977704211039875e-01
 -1.2750000000000000e+01   2.0302100819045368e+00   9.9977183773783029e-01
 -1.2699999999999999e+01   2.0305608744555328e+00   9.9976650823812829e-01
 -1.2650000000000000e+01   2.0309159846601346e+00   9.9976105047312358e-01
 -1.2600000000000000e+01   2.0312754714589336e+00   9.9975546122125536e-01
 -1.2549999999999999e+01   2.0316393947360631e+00   9.9974973717518389e-01
 -1.2500000000000000e+01   2.0320078153376651e+00   9.9974387493932748e-01
 -1.2449999999999999e+01   2.0323807950907717e+00   9.9973787102732237e-01
 -1.2400000000000000e+01   2.0327583968226599e+00   9.9973172185940229e-01
 -1.2350000000000000e+01   2.0331406843806032e+00   9.9972542375969631e-01
 -1.2299999999999999e+01   2.0335277226521491e+00   9.9971897295344014e-01
 -1.2250000000000000e+01   2.0339195775859356e+00   9.9971236556409793e-01
 -1.2199999999999999e+01   2.0343163162128963e+00   9.9970559761039413e-01
 -1.2150000000000000e+01   2.0347180066681063e+00   9.9969866500324833e-01
 -1.2100000000000000e+01   2.0351247182131447e+00   9.9969156354261179e-01
 -1.2049999999999999e+01   2.0355365212588765e+00   9.9968428891420436e-01
 -1.2000000000000000e+01   2.0359534873890301e+00   9.9967683668614171e-01
 -1.1949999999999999e+01   2.0363756893841067e+00   9.9966920230545775e-01
 -1.1900000000000000e+01   2.0368032012461490e+00   9.9966138109450886e-01
 -1.1850000000000000e+01   2.0372360982239472e+00   9.9965336824726414e-01
 -1.1799999999999999e+01   2.0376744568389422e+00   9.9964515882547267e-01
 -1.1750000000000000e+01   2.0381183549117914e+00   9.9963674775470468e-01
 -1.1699999999999999e+01   2.0385678715896449e+00   9.9962812982026117e-01
 -1.1650000000000000e+01   2.0390230873740238e+00   9.9961929966294982e-01
 -1.1600000000000000e+01   2.0394840841495370e+00   9.9961025177471807e-01
 -1.1549999999999999e+01   2.0399509452132749e+00   9.9960098049414148e-01
 -1.1500000000000000e+01   2.0404237553049791e+00   9.9959148000176079e-01
 -1.1449999999999999e+01   2.0409026006379691e+00   9.9958174431526270e-01
 -1.1400000000000000e+01   2.0413875689309653e+00   9.9957176728449615e-01
 -1.1350000000000000e+01   2.0418787494406669e+00   9.9956154258632146e-01
 -1.1299999999999999e+01   2.0423762329952515e+00   9.9955106371928304e-01
 -1.1250000000000000e+01   2.0428801120287403e+00   9.9954032399810067e-01
 -1.1199999999999999e+01   2.0433904806163006e+00   9.9952931654797161e-01
 -1.1150000000000000e+01   2.0439074345104271e+00   9.9951803429867814e-01
 -1.1100000000000000e+01   2.0444310711782685e+00   9.9950646997848791e-01
 -1.1049999999999999e+01   2.0449614898397899e+00   9.9949461610784662e-01
 -1.1000000000000000e+01   2.0454987915070677e+00   9.9948246499284910e-01
 -1.0949999999999999e+01   2.0460430790246402e+00   9.9947000871848268e-01
 -1.0900000000000000e+01   2.0465944571110160e+00   9.9945723914163243e-01
 -1.0850000000000000e+01   2.0471530324012379e+00   9.9944414788384195e-01
 -1.0799999999999999e+01   2.0477189134907454e+00   9.9943072632381569e-01
 -1.0750000000000000e+01   2.0482922109803785e+00   9.9941696558965665e-01
 -1.0699999999999999e+01   2.0488730375226827e+00   9.9940285655082661e-01
 -1.0650000000000000e+01   2.0494615078695420e+00   9.9938838980981781e-01
 -1.0600000000000000e+01   2.0500577389211196e+00   9.9937355569352626e-01
 -1.0549999999999999e+01   2.0506618497762559e+00   9.9935834424431202e-01
 -1.0500000000000000e+01   2.0512739617842488e+00   9.9934274521073685e-01
 -1.0449999999999999e+01   2.0518941985981924e+00   9.9932674803796284e-01
 -1.0400000000000000e+01   2.0525226862297941e+00   9.9931034185780165e-01
 -1.0350000000000000e+01   2.0531595531059068e+00   9.9929351547839507e-01
 -1.0299999999999999e+01   2.0538049301265313e+00   9.9927625737351977e-01
 -1.0250000000000000e+01   2.0544589507247464e+00   9.9925855567148991e-01
 -1.0199999999999999e+01   2.0551217509282314e+00   9.9924039814365151e-01
 -1.0150000000000000e+01   2.0557934694227353e+00   9.9922177219244357e-01
 -1.0100000000000000e+01   2.0564742476173978e+00   9.9920266483901221e-01
 -1.0050000000000001e+01   2.0571642297120438e+00   9.9918306271035717e-01
 -1.0000000000000000e+01   2.0578635627665198e+00   9.9916295202599126e-01
 -9.9499999999999993e+00   2.0585723967721514e+00   9.9914231858409142e-01
 -9.9000000000000004e+00   2.0592908847253639e+00   9.9912114774712091e-01
 -9.8499999999999996e+00   2.0600191827035426e+00   9.9909942442689970e-01
 -9.8000000000000007e+00   2.0607574499433259e+00   9.9907713306909607e-01
 -9.7500000000000000e+00   2.0615058489212648e+00   9.9905425763711864e-01
 -9.6999999999999993e+00   2.0622645454369644e+00   9.9903078159538206e-01
 -9.6500000000000004e+00   2.0630337086989901e+00   9.9900668789191271e-01
 -9.5999999999999996e+00   2.0638135114132710e+00   9.9898195894027708e-01
 -9.5500000000000007e+00   2.0646041298745432e+00   9.9895657660078829e-01
 -9.5000000000000000e+00   2.0654057440605298e+00   9.9893052216097211e-01
 -9.4499999999999993e+00   2.0662185377292506e+00   9.9890377631524996e-01
 -9.4000000000000004e+00   2.0670426985194581e+00   9.9887631914380726e-01
 -9.3499999999999996e+00   2.0678784180542986e+00   9.9884813009061146e-01
 -9.3000000000000007e+00   2.0687258920484162e+00   9.9881918794053737e-01
 -9.2500000000000000e+00   2.0695853204185286e+00   9.9878947079556268e-01
 -9.1999999999999993e+00   2.0704569073976935e+00   9.9875895604998821e-01
 -9.1500000000000004e+00   2.0713408616533449e+00   9.9872762036463958e-01
 -9.1000000000000014e+00   2.0722373964093310e+00   9.9869543964000029e-01
 -9.0500000000000007e+00   2.0731467295719743e+00   9.9866238898823112e-01
 -9.0000000000000000e+00   2.0740690838604650e+00   9.9862844270401785e-01
 -8.9499999999999993e+00   2.0750046869416594e+00   9.9859357423419592e-01
 -8.8999999999999986e+00   2.0759537715695044e+00   9.9855775614609188e-01
 -8.8500000000000014e+00   2.0769165757292765e+00   9.9852096009452063e-01
 -8.8000000000000007e+00   2.0778933427867341e+00   9.9848315678737709e-01
 -8.7500000000000000e+00   2.0788843216426058e+00   9.9844431594974647e-01
 -8.6999999999999993e+00   2.0798897668923795e+00   9.9840440628647031e-01
 -8.6499999999999986e+00   2.0809099389917773e+00   9.9836339544308672e-01
 -8.6000000000000014e+00   2.0819451044281014e+00   9.9832124996506688e-01
 -8.5500000000000007e+00   2.0829955358976431e+00   9.9827793525526576e-01
 -8.5000000000000000e+00   2.0840615124895607e+00   9.9823341552949185e-01
 -8.4499999999999993e+00   2.0851433198762837e+00   9.9818765377011121e-01
 -8.3999999999999986e+00   2.0862412505109540e+00   9.9814061167757673e-01
 -8.3500000000000014e+00   2.0873556038320094e+00   9.9809224961978626e-01
 -8.3000000000000007e+00   2.0884866864753278e+00   9.9804252657915427e-01
 -8.2500000000000000e+00   2.0896348124942277e+00   9.9799140009728116e-01
 -8.1999999999999993e+00   2.0908003035876508e+00   9.9793882621709762e-01
 -8.1499999999999986e+00   2.0919834893369531e+00   9.9788475942234967e-01
 -8.1000000000000014e+00   2.0931847074515590e+00   9.9782915257429183e-01
 -8.0500000000000007e+00   2.0944043040240254e+00   9.9777195684543485e-01
 -8.0000000000000000e+00   2.0956426337947889e+00   9.9771312165019899e-01
 -7.9499999999999993e+00   2.0969000604271515e+00   9.9765259457230360e-01
 -7.8999999999999986e+00   2.0981769567928885e+00   9.9759032128872183e-01
 -7.8500000000000014e+00   2.0994737052689914e+00   9.9752624549001445e-01
 -7.8000000000000007e+00   2.1007906980460751e+00   9.9746030879684622e-01
 -7.7500000000000000e+00   2.1021283374489164e+00   9.9739245067248006e-01
 -7.6999999999999993e+00   2.1034870362697875e+00   9.9732260833102393e-01
 -7.6499999999999986e+00   2.1048672181151082e+00   9.9725071664119957e-01
 -7.6000000000000014e+00   2.1062693177660514e+00   9.9717670802538450e-01
 -7.5500000000000007e+00   2.1076937815537877e+00   9.9710051235366126e-01
 -7.5000000000000000e+00   2.1091410677500408e+00   9.9702205683259526e-01
 -7.4499999999999993e+00   2.1106116469736991e+00   9.9694126588844145e-01
 -7.3999999999999986e+00   2.1121060026142349e+00   9.9685806104446428e-01
 -7.3500000000000014e+00   2.1136246312728240e+00   9.9677236079202869e-01
 -7.3000000000000007e+00   2.1151680432218853e+00   9.9668408045511048e-01
 -7.2500000000000000e+00   2.1167367628841012e+00   9.9659313204783528e-01
 -7.1999999999999993e+00   2.1183313293317712e+00   9.9649942412464398e-01
 -7.1499999999999986e+00   2.1199522968075502e+00   9.9640286162264835e-01
 -7.1000000000000014e+00   2.1216002352676746e+00   9.9630334569571155e-01
 -7.0500000000000007e+00   2.1232757309487478e+00   9.9620077353976300e-01
 -7.0000000000000000e+00   2.1249793869593461e+00   9.9609503820881651e-01
 -6.9499999999999993e+00   2.1267118238976117e+00   9.9598602842113515e-01
 -6.8999999999999986e+00   2.1284736804963362e+00   9.9587362835493132e-01
 -6.8500000000000014e+00   2.1302656142967638e+00   9.9575771743297170e-01
 -6.8000000000000007e+00   2.1320883023527903e+00   9.9563817009538946e-01
 -6.7500000000000000e+00   2.1339424419670165e+00   9.9551485555997810e-01
 -6.6999999999999993e+00   2.1358287514604157e+00   9.9538763756917614e-01
 -6.6499999999999986e+00   2.1377479709773821e+00   9.9525637412290358e-01
 -6.6000000000000014e+00   2.1397008633280539e+00   9.9512091719634910e-01
 -6.5500000000000007e+00   2.1416882148699439e+00   9.9498111244174214e-01
 -6.5000000000000000e+00   2.1437108364309623e+00   9.9483679887307830e-01
 -6.4499999999999993e+00   2.1457695642761347e+00   9.9468780853268646e-01
 -6.3999999999999986e+00   2.1478652611204341e+00   9.9453396613844647e-01
 -6.3500000000000014e+00   2.1499988171902351e+00   9.9437508871038260e-01
 -6.3000000000000007e+00   2.1521711513361237e+00   9.9421098517525963e-01
 -6.2500000000000000e+00   2.1543832121999844e+00   9.9404145594770366e-01
 -6.1999999999999993e+00   2.1566359794393639e+00   9.9386629248626779e-01
 -6.1499999999999986e+00   2.1589304650124350e+00   9.9368527682273278e-01
 -6.1000000000000014e+00   2.1612677145270069e+00   9.9349818106280896e-01
 -6.0500000000000007e+00   2.1636488086572720e+00   9.9330476685626390e-01
 -6.0000000000000000e+00   2.1660748646322503e+00   9.9310478483434494e-01
 -5.9499999999999993e+00   2.1685470378000962e+00   9.9289797401220325e-01
 -5.8999999999999986e+00   2.1710665232727564e+00   9.9268406115384289e-01
 -5.8500000000000014e+00   2.1736345576557268e+00   9.9246276009692502e-01
 -5.8000000000000007e+00   2.1762524208680039e+00   9.9223377103454202e-01
 -5.7500000000000000e+00   2.1789214380576212e+00   9.9199677975084821e-01
 -5.6999999999999993e+00   2.1816429816185865e+00   9.9175145680717747e-01
 -5.6499999999999986e+00   2.1844184733153358e+00   9.9149745667501021e-01
 -5.6000000000000014e+00   2.1872493865213380e+00   9.9123441681184565e-01
 -5.5500000000000007e+00   2.1901372485788473e+00   9.9096195667571640e-01
 -5.5000000000000000e+00   2.1930836432873364e+00   9.9067967667372214e-01
 -5.4499999999999993e+00   2.1960902135286373e+00   9.9038715703957336e-01
 -5.3999999999999986e+00   2.1991586640373209e+00   9.9008395663471738e-01
 -5.3500000000000014e+00   2.2022907643255514e+00   9.8976961166714605e-01
 -5.3000000000000007e+00   2.2054883517721704e+00   9.8944363432148918e-01
 -5.2500000000000000e+00   2.2087533348865080e+00   9.8910551129344038e-01
 -5.1999999999999993e+00   2.2120876967581502e+00   9.8875470222095574e-01
 -5.1499999999999986e+00   2.2154934987046180e+00   9.8839063800401072e-01
 -5.1000000000000014e+00   2.2189728841298337e+00   9.8801271900396559e-01
 -5.0500000000000007e+00   2.2225280826070897e+00   9.8762031311280307e-01
 -5.0000000000000000e+00   2.2261614142011941e+00   9.8721275368162897e-01
 -4.9499999999999993e+00   2.2298752940455411e+00   9.8678933729686902e-01
 -4.8999999999999986e+00   2.2336722371909139e+00   9.8634932139154829e-01
 -4.8500000000000014e+00   2.2375548637440104e+00   9.8589192167789119e-01
 -4.8000000000000007e+00   2.2415259043149427e+00   9.8541630938621227e-01
 -4.7500000000000000e+00   2.2455882057942875e+00   9.8492160829368569e-01
 -4.6999999999999993e+00   2.2497447374817083e+00   9.8440689152504812e-01
 -4.6499999999999986e+00   2.2539985975896450e+00   9.8387117810562341e-01
 -4.6000000000000014e+00   2.2583530201471800e+00   9.8331342924520770e-01
 -4.5500000000000007e+00   2.2628113823309217e+00   9.8273254432932755e-01
 -4.5000000000000000e+00   2.2673772122514517e+00   9.8212735659216055e-01
 -4.4499999999999993e+00   2.2720541972258328e+00   9.8149662844295193e-01
 -4.3999999999999986e+00   2.2768461925686068e+00   9.8083904641506647e-01
 -4.3500000000000014e+00   2.2817572309357548e+00   9.8015321570385394e-01
 -4.3000000000000007e+00   2.2867915322582197e+00   9.7943765425624563e-01
 -4.2500000000000000e+00   2.2919535143037608e+00   9.7869078637142093e-01
 -4.1999999999999993e+00   2.2972478039081357e+00   9.7791093576794763e-01
 -4.1499999999999986e+00   2.3026792489188419e+00   9.7709631806848141e-01
 -4.1000000000000014e+00   2.3082529308968507e+00   9.7624503264837537e-01
 -4.0500000000000007e+00   2.3139741786239467e+00   9.7535505378935450e-01
 -4.0000000000000000e+00   2.3198485824652892e+00   9.7442422107373627e-01
 -3.9499999999999993e+00   2.3258820096387178e+00   9.7345022894845767e-01
 -3.8999999999999986e+00   2.3320806204438438e+00   9.7243061538140796e-01
 -3.8500000000000014e+00   2.3384508855051918e+00   9.7136274952518786e-01
 -3.8000000000000007e+00   2.3449996040842969e+00   9.7024381829541961e-01
 -3.7500000000000000e+00   2.3517339235156176e+00   9.6907081176207743e-01
 -3.6999999999999993e+00   2.3586613598201329e+00   9.6784050724299331e-01
 -3.6500000000000021e+00   2.3657898195483464e+00   9.6654945197869702e-01
 -3.6000000000000014e+00   2.3731276229007094e+00   9.6519394425711647e-01
 -3.5500000000000007e+00   2.3806835281678547e+00   9.6377001284541852e-01
 -3.5000000000000000e+00   2.3884667575250016e+00   9.6227339457450289e-01
 -3.4499999999999993e+00   2.3964870242037777e+00   9.6069950990950825e-01
 -3.4000000000000021e+00   2.4047545610499110e+00   9.5904343632732347e-01
 -3.3500000000000014e+00   2.4132801504556718e+00   9.5729987930983429e-01
 -3.3000000000000007e+00   2.4220751556307918e+00   9.5546314074981076e-01
 -3.2500000000000000e+00   2.4311515531432129e+00   9.5352708455554880e-01
 -3.1999999999999993e+00   2.4405219666202784e+00   9.5148509923125058e-01
 -3.1500000000000021e+00   2.4501997014496157e+00   9.4933005720366925e-01
 -3.1000000000000014e+00   2.4601987802550052e+00   9.4705427066295134e-01
 -3.0500000000000007e+00   2.4705339788434508e+00   9.4464944368843773e-01
 -3.0000000000000000e+00   2.4812208622221532e+00   9.4210662044054183e-01
 -2.9499999999999993e+00   2.4922758201648407e+00   9.3941612922025830e-01
 -2.9000000000000021e+00   2.5037161016617699e+00   9.3656752223166739e-01
 -2.8500000000000014e+00   2.5155598474121046e+00   9.3354951093410188e-01
 -2.8000000000000007e+00   2.5278261193060736e+00   9.3034989694457271e-01
 -2.7500000000000000e+00   2.5405349255918539e+00   9.2695549855385229e-01
 -2.6999999999999993e+00   2.5537072401224026e+00   9.2335207305900802e-01
 -2.6500000000000021e+00   2.5673650137245736e+00   9.1952423530032856e-01
 -2.6000000000000014e+00   2.5815311753210657e+00   9.1545537303242497e-01
 -2.5500000000000007e+00   2.5962296199602486e+00   9.1112756007051443e-01
 -2.5000000000000000e+00   2.6114851803670684e+00   9.0652146854786342e-01
 -2.4499999999999993e+00   2.6273235780199782e+00   9.0161628211505307e-01
 -2.4000000000000021e+00   2.6437713490900889e+00   8.9638961252268168e-01
 -2.3500000000000014e+00   2.6608557398608128e+00   8.9081742277325437e-01
 -2.3000000000000007e+00   2.6786045655047670e+00   8.8487396091902160e-01
 -2.2500000000000000e+00   2.6970460253643536e+00   8.7853170963093929e-01
 -2.1999999999999993e+00   2.7162084672191926e+00   8.7176135787088371e-01
 -2.1500000000000021e+00   2.7361200925111873e+00   8.6453180235033023e-01
 -2.1000000000000014e+00   2.7568085942412073e+00   8.5681018792066188e-01
 -2.0500000000000007e+00   2.7783007193934561e+00   8.4856199754790718e-01
 -2.0000000000000000e+00   2.8006217484635823e+00   8.3975120397177916e-01
 -1.9499999999999993e+00   2.8237948861744244e+00   8.3034049637821672e-01
 -1.9000000000000021e+00   2.8478405599958792e+00   8.2029159620646852e-01
 -1.8500000000000014e+00   2.8727756268846805e+00   8.0956567627901321e-01
 -1.8000000000000007e+00   2.8986124939418012e+00   7.9812389643292414e-01
 -1.7500000000000000e+00   2.9253581655896430e+00   7.8592806634414270e-01
 -1.6999999999999993e+00   2.9530132383963235e+00   7.7294144186033809e-01
 -1.6500000000000021e+00   2.9815708745967546e+00   7.5912965453584058e-01
 -1.6000000000000014e+00   3.0110157961513848e+00   7.4446176498309535e-01
 -1.5500000000000007e+00   3.0413233519427045e+00   7.2891141917470270e-01
 -1.5000000000000000e+00   3.0724587201395708e+00   7.1245807339914846e-01
 -1.4499999999999993e+00   3.1043763142179577e+00   6.9508823914858964e-01
 -1.4000000000000021e+00   3.1370194627873396e+00   6.7679668531069759e-01
 -1.3500000000000014e+00   3.1703204285038478e+00   6.5758752365664264e-01
 -1.3000000000000007e+00   3.2042008187054813e+00   6.3747509705726224e-01
 -1.2500000000000000e+00   3.2385724196402701e+00   6.1648459032661174e-01
 -1.1999999999999993e+00   3.2733384582037575e+00   5.9465229271481956e-01
 -1.1500000000000021e+00   3.3083952623203894e+00   5.7202545938438965e-01
 -1.1000000000000014e+00   3.3436342571440041e+00   5.4866174575727011e-01
 -1.0500000000000007e+00   3.3789442035501436e+00   5.2462822087386496e-01
 -1.0000000000000000e+00   3.4142135623729746e+00   5.0000000000008515e-01
 -9.4999999999999929e-01   3.4493328560115959e+00   4.7485856812131783e-01
 -9.0000000000000213e-01   3.4841969002156672e+00   4.4928989034755129e-01
 -8.5000000000000142e-01   3.5187067927795130e+00   4.2338241939134141e-01
 -8.0000000000000071e-01   3.5527715702275593e+00   3.9722511267326016e-01
 -7.5000000000000000e-01   3.5863094745811965e+00   3.7090556271348218e-01
 -6.9999999999999929e-01   3.6192488055268730e+00   3.4450832644994872e-01
 -6.5000000000000213e-01   3.6515283645572589e+00   3.1811351526570614e-01
 -6.0000000000000142e-01   3.6830975236637964e+00   2.9179568145919904e-01
 -5.5000000000000071e-01   3.7139159699704516e+00   2.6562301197006133e-01
 -5.0000000000000000e-01   3.7439531887287387e+00   2.3965681888071627e-01
 -4.4999999999999929e-01   3.7731877508939915e+00   2.1395130001987717e-01
 -4.0000000000000213e-01   3.8016064693871447e+00   1.8855353236559683e-01
 -3.5000000000000142e-01   3.8292034817896674e+00   1.6350365555213972e-01
 -3.0000000000000071e-01   3.8559793083163765e+00   1.3883520177536615e-01
 -2.5000000000000000e-01   3.8819399239411525e+00   1.1457553066909230e-01
 -1.9999999999999929e-01   3.9070958736559733e+00   9.0746332171090099e-02
 -1.5000000000000213e-01   3.9314614508002315e+00   6.7364166018166555e-02
 -1.0000000000000142e-01   3.9550539506478275e+00   4.4441012514080398e-02
 -5.0000000000000711e-02   3.9778930051610644e+00   2.1984815033733719e-02
  0.0000000000000000e+00   4.0000000000000000e+00   0.0000000000000000e+00
