# Columns: x, u, lamda
# time_step 0
# time   0.0000000000000000e+00
 -2.5149999999999999e+01   1.0010000000000143e-10   9.9999899999999998e-11
 -2.5099999999999998e+01   1.0010000000000143e-10   9.9999899999999998e-11
 -2.5049999999999997e+01   1.0010000000000143e-10   9.9999899999999998e-11
 -2.5000000000000000e+01   1.0010000000000143e-10   9.9999899999999998e-11
 -2.4949999999999999e+01   1.0010000000000143e-10   9.9999899999999998e-11
 -2.4899999999999999e+01   1.0010000000000143e-10   9.9999899999999998e-11
 -2.4849999999999998e+01   1.0010000000000143e-10   9.9999899999999998e-11
 -2.4799999999999997e+01   1.0010000000000143e-10   9.9999899999999998e-11
 -2.4750000000000000e+01   1.0010000000000143e-10   9.9999899999999998e-11
 -2.4699999999999999e+01   1.0010000000000143e-10   9.9999899999999998e-11
 -2.4649999999999999e+01   1.0010000000000143e-10   9.9999899999999998e-11
 -2.4599999999999998e+01   1.0010000000000143e-10   9.9999899999999998e-11
 -2.4549999999999997e+01   1.0010000000000143e-10   9.9999899999999998e-11
 -2.4500000000000000e+01   1.0010019693088684e-10   9.9999899605750415e-11
 -2.4449999999999999e+01   1.0010133602546569e-10   9.9999897310099429e-11
 -2.4399999999999999e+01   1.0010248811864143e-10   9.9999894961855381e-11
 -2.4349999999999998e+01   1.0010365335985883e-10   9.9999892559809905e-11
 -2.4299999999999997e+01   1.0010483190031529e-10   9.9999890102726764e-11
 -2.4250000000000000e+01   1.0010602389296924e-10   9.9999887589341200e-11
 -2.4199999999999999e+01   1.0010722949258366e-10   9.9999885018359204e-11
 -2.4149999999999999e+01   1.0010844885569508e-10   9.9999882388456992e-11
 -2.4099999999999998e+01   1.0010968214065974e-10   9.9999879698280210e-11
 -2.4049999999999997e+01   1.0011092950774139e-10   9.9999876946443122e-11
 -2.4000000000000000e+01   1.0011219111901906e-10   9.9999874131528137e-11
 -2.3949999999999999e+01   1.0011346713849106e-10   9.9999871252084830e-11
 -2.3899999999999999e+01   1.0011475773207921e-10   9.9999868306629279e-11
 -2.3849999999999998e+01   1.0011606306763151e-10   9.9999865293643324e-11
 -2.3799999999999997e+01   1.0011738331499447e-10   9.9999862211573609e-11
 -2.3750000000000000e+01   1.0011871864597633e-10   9.9999859058830978e-11
 -2.3699999999999999e+01   1.0012006923439904e-10   9.9999855833789518e-11
 -2.3649999999999999e+01   1.0012143525612701e-10   9.9999852534785703e-11
 -2.3599999999999998e+01   1.0012281688909200e-10   9.9999849160117546e-11
 -2.3549999999999997e+01   1.0012421431330576e-10   9.9999845708043700e-11
 -2.3500000000000000e+01   1.0012562771091838e-10   9.9999842176782497e-11
 -2.3449999999999999e+01   1.0012705726616118e-10   9.9999838564511154e-11
 -2.3399999999999999e+01   1.0012850316547724e-10   9.9999834869364625e-11
 -2.3349999999999998e+01   1.0012996559747838e-10   9.9999831089434719e-11
 -2.3299999999999997e+01   1.0013144475301650e-10   9.9999827222769045e-11
 -2.3250000000000000e+01   1.0013294082515147e-10   9.9999823267370079e-11
 -2.3199999999999999e+01   1.0013445400925898e-10   9.9999819221193947e-11
 -2.3149999999999999e+01   1.0013598450297279e-10   9.9999815082149511e-11
 -2.3099999999999998e+01   1.0013753250628153e-10   9.9999810848097164e-11
 -2.3049999999999997e+01   1.0013909822151186e-10   9.9999806516847722e-11
 -2.3000000000000000e+01   1.0014068185339655e-10   9.9999802086161258e-11
 -2.2949999999999999e+01   1.0014228360904061e-10   9.9999797553745989e-11
 -2.2899999999999999e+01   1.0014390369804837e-10   9.9999792917256885e-11
 -2.2849999999999998e+01   1.0014554233245907e-10   9.9999788174294630e-11
 -2.2799999999999997e+01   1.0014719972681104e-10   9.9999783322404269e-11
 -2.2750000000000000e+01   1.0014887609820144e-10   9.9999778359073848e-11
 -2.2699999999999999e+01   1.0015057166628637e-10   9.9999773281733124e-11
 -2.2649999999999999e+01   1.0015228665330192e-10   9.9999768087752269e-11
 -2.2599999999999998e+01   1.0015402128413398e-10   9.9999762774440335e-11
 -2.2549999999999997e+01   1.0015577578630706e-10   9.9999757339044013e-11
 -2.2500000000000000e+01   1.0015755039006123e-10   9.9999751778745913e-11
 -2.2449999999999999e+01   1.0015934532834921e-10   9.9999746090663337e-11
 -2.2399999999999999e+01   1.0016116083688731e-10   9.9999740271846545e-11
 -2.2349999999999998e+01   1.0016299715419797e-10   9.9999734319277233e-11
 -2.2299999999999997e+01   1.0016485452160691e-10   9.9999728229867057e-11
 -2.2250000000000000e+01   1.0016673318332539e-10   9.9999722000455788e-11
 -2.2199999999999999e+01   1.0016863338646835e-10   9.9999715627809690e-11
 -2.2149999999999999e+01   1.0017055538108233e-10   9.9999709108619836e-11
 -2.2099999999999998e+01   1.0017249942018139e-10   9.9999702439500369e-11
 -2.2049999999999997e+01   1.0017446575977818e-10   9.9999695616986654e-11
 -2.2000000000000000e+01   1.0017645465892867e-10   9.9999688637533422e-11
 -2.1949999999999999e+01   1.0017846637982043e-10   9.9999681497512736e-11
 -2.1899999999999999e+01   1.0018050118770430e-10   9.9999674193212379e-11
 -2.1849999999999998e+01   1.0018255935102440e-10   9.9999666720833534e-11
 -2.1799999999999997e+01   1.0018464114142774e-10   9.9999659076488920e-11
 -2.1750000000000000e+01   1.0018674683379881e-10   9.9999651256200663e-11
 -2.1699999999999999e+01   1.0018887670629669e-10   9.9999643255898195e-11
 -2.1649999999999999e+01   1.0019103104041146e-10   9.9999635071416001e-11
 -2.1599999999999998e+01   1.0019321012099509e-10   9.9999626698491453e-11
 -2.1549999999999997e+01   1.0019541423630840e-10   9.9999618132762478e-11
 -2.1500000000000000e+01   1.0019764367805417e-10   9.9999609369765260e-11
 -2.1449999999999999e+01   1.0019989874143650e-10   9.9999600404931721e-11
 -2.1399999999999999e+01   1.0020217972519148e-10   9.9999591233587217e-11
 -2.1349999999999998e+01   1.0020448693164857e-10   9.9999581850947852e-11
 -2.1299999999999997e+01   1.0020682066674707e-10   9.9999572252118061e-11
 -2.1250000000000000e+01   1.0020918124011207e-10   9.9999562432087858e-11
 -2.1199999999999999e+01   1.0021156896508770e-10   9.9999552385730117e-11
 -2.1149999999999999e+01   1.0021398415877487e-10   9.9999542107797943e-11
 -2.1099999999999998e+01   1.0021642714209330e-10   9.9999531592921652e-11
 -2.1049999999999997e+01   1.0021889823983266e-10   9.9999520835605988e-11
 -2.1000000000000000e+01   1.0022139778068092e-10   9.9999509830227104e-11
 -2.0949999999999999e+01   1.0022392609730064e-10   9.9999498571029477e-11
 -2.0899999999999999e+01   1.0022648352636103e-10   9.9999487052122872e-11
 -2.0849999999999998e+01   1.0022907040859166e-10   9.9999475267479079e-11
 -2.0799999999999997e+01   1.0023168708883927e-10   9.9999463210928650e-11
 -2.0750000000000000e+01   1.0023433391611768e-10   9.9999450876157572e-11
 -2.0699999999999999e+01   1.0023701124366464e-10   9.9999438256703770e-11
 -2.0649999999999999e+01   1.0023971942899130e-10   9.9999425345953649e-11
 -2.0599999999999998e+01   1.0024245883393331e-10   9.9999412137138481e-11
 -2.0549999999999997e+01   1.0024522982471693e-10   9.9999398623330693e-11
 -2.0500000000000000e+01   1.0024803277201373e-10   9.9999384797440080e-11
 -2.0449999999999999e+01   1.0025086805098029e-10   9.9999370652209982e-11
 -2.0399999999999999e+01   1.0025373604135328e-10   9.9999356180213181e-11
 -2.0349999999999998e+01   1.0025663712747451e-10   9.9999341373848018e-11
 -2.0299999999999997e+01   1.0025957169836189e-10   9.9999326225334095e-11
 -2.0250000000000000e+01   1.0026254014776340e-10   9.9999310726708134e-11
 -2.0199999999999999e+01   1.0026554287422822e-10   9.9999294869819469e-11
 -2.0149999999999999e+01   1.0026858028117907e-10   9.9999278646325624e-11
 -2.0099999999999998e+01   1.0027165277694181e-10   9.9999262047687807e-11
 -2.0049999999999997e+01   1.0027476077484115e-10   9.9999245065166091e-11
 -2.0000000000000000e+01   1.0027790469325806e-10   9.9999227689814661e-11
 -1.9949999999999999e+01   1.0028108495568368e-10   9.9999209912476885e-11
 -1.9899999999999999e+01   1.0028430199079293e-10   9.9999191723780317e-11
 -1.9849999999999998e+01   1.0028755623252563e-10   9.9999173114131355e-11
 -1.9799999999999997e+01   1.0029084812014267e-10   9.9999154073710097e-11
 -1.9750000000000000e+01   1.0029417809829534e-10   9.9999134592464839e-11
 -1.9699999999999999e+01   1.0029754661708667e-10   9.9999114660106604e-11
 -1.9649999999999999e+01   1.0030095413216875e-10   9.9999094266103303e-11
 -1.9599999999999998e+01   1.0030440110480179e-10   9.9999073399673954e-11
 -1.9549999999999997e+01   1.0030788800192068e-10   9.9999052049782740e-11
 -1.9500000000000000e+01   1.0031141529622934e-10   9.9999030205132752e-11
 -1.9449999999999999e+01   1.0031498346625316e-10   9.9999007854159876e-11
 -1.9399999999999999e+01   1.0031859299644143e-10   9.9998984985026188e-11
 -1.9349999999999998e+01   1.0032224437722712e-10   9.9998961585613454e-11
 -1.9299999999999997e+01   1.0032593810511350e-10   9.9998937643516354e-11
 -1.9250000000000000e+01   1.0032967468275800e-10   9.9998913146035483e-11
 -1.9199999999999999e+01   1.0033345461905290e-10   9.9998888080170327e-11
 -1.9149999999999999e+01   1.0033727842920269e-10   9.9998862432611951e-11
 -1.9099999999999998e+01   1.0034114663481552e-10   9.9998836189735539e-11
 -1.9049999999999997e+01   1.0034505976398976e-10   9.9998809337592759e-11
 -1.9000000000000000e+01   1.0034901835139807e-10   9.9998781861903875e-11
 -1.8949999999999999e+01   1.0035302293837559e-10   9.9998753748049815e-11
 -1.8899999999999999e+01   1.0035707407301533e-10   9.9998724981063804e-11
 -1.8849999999999998e+01   1.0036117231024575e-10   9.9998695545623124e-11
 -1.8799999999999997e+01   1.0036531821194821e-10   9.9998665426040191e-11
 -1.8750000000000000e+01   1.0036951234701970e-10   9.9998634606254000e-11
 -1.8699999999999999e+01   1.0037375529149707e-10   9.9998603069820782e-11
 -1.8649999999999999e+01   1.0037804762864014e-10   9.9998570799904802e-11
 -1.8599999999999998e+01   1.0038238994902338e-10   9.9998537779268857e-11
 -1.8549999999999997e+01   1.0038678285065565e-10   9.9998503990264387e-11
 -1.8500000000000000e+01   1.0039122693907326e-10   9.9998469414821441e-11
 -1.8449999999999999e+01   1.0039572282743113e-10   9.9998434034438506e-11
 -1.8399999999999999e+01   1.0040027113661686e-10   9.9998397830171920e-11
 -1.8349999999999998e+01   1.0040487249536449e-10   9.9998360782624982e-11
 -1.8299999999999997e+01   1.0040952754035786e-10   9.9998322871936891e-11
 -1.8250000000000000e+01   1.0041423691633413e-10   9.9998284077771465e-11
 -1.8199999999999999e+01   1.0041900127620716e-10   9.9998244379305374e-11
 -1.8149999999999999e+01   1.0042382128116991e-10   9.9998203755216281e-11
 -1.8099999999999998e+01   1.0042869760080812e-10   9.9998162183670624e-11
 -1.8049999999999997e+01   1.0043363091323014e-10   9.9998119642310913e-11
 -1.8000000000000000e+01   1.0043862190517887e-10   9.9998076108242972e-11
 -1.7949999999999999e+01   1.0044367127215069e-10   9.9998031558022682e-11
 -1.7899999999999999e+01   1.0044877971852324e-10   9.9997985967642431e-11
 -1.7849999999999998e+01   1.0045394795766905e-10   9.9997939312517285e-11
 -1.7799999999999997e+01   1.0045917671209844e-10   9.9997891567470672e-11
 -1.7750000000000000e+01   1.0046446671357501e-10   9.9997842706719811e-11
 -1.7699999999999999e+01   1.0046981870325695e-10   9.9997792703860697e-11
 -1.7649999999999999e+01   1.0047523343182743e-10   9.9997741531852744e-11
 -1.7600000000000001e+01   1.0048071165961515e-10   9.9997689163003107e-11
 -1.7549999999999997e+01   1.0048625415675066e-10   9.9997635568950427e-11
 -1.7500000000000000e+01   1.0049186170330533e-10   9.9997580720648218e-11
 -1.7449999999999999e+01   1.0049753508941612e-10   9.9997524588348001e-11
 -1.7399999999999999e+01   1.0050327511545236e-10   9.9997467141581664e-11
 -1.7350000000000001e+01   1.0050908259214316e-10   9.9997408349143767e-11
 -1.7299999999999997e+01   1.0051495834073599e-10   9.9997348179073072e-11
 -1.7250000000000000e+01   1.0052090319315322e-10   9.9997286598633635e-11
 -1.7199999999999999e+01   1.0052691799213272e-10   9.9997223574295676e-11
 -1.7149999999999999e+01   1.0053300359139380e-10   9.9997159071715614e-11
 -1.7100000000000001e+01   1.0053916085579538e-10   9.9997093055715783e-11
 -1.7049999999999997e+01   1.0054539066150155e-10   9.9997025490263473e-11
 -1.7000000000000000e+01   1.0055169389614123e-10   9.9996956338449611e-11
 -1.6949999999999999e+01   1.0055807145896903e-10   9.9996885562466850e-11
 -1.6899999999999999e+01   1.0056452426105403e-10   9.9996813123586812e-11
 -1.6850000000000001e+01   1.0057105322543712e-10   9.9996738982137179e-11
 -1.6799999999999997e+01   1.0057765928731290e-10   9.9996663097477816e-11
 -1.6750000000000000e+01   1.0058434339421525e-10   9.9996585427976376e-11
 -1.6699999999999999e+01   1.0059110650618957e-10   9.9996505930983413e-11
 -1.6649999999999999e+01   1.0059794959598461e-10   9.9996424562806626e-11
 -1.6600000000000001e+01   1.0060487364923983e-10   9.9996341278684559e-11
 -1.6549999999999997e+01   1.0061187966467267e-10   9.9996256032759610e-11
 -1.6500000000000000e+01   1.0061896865428635e-10   9.9996168778050118e-11
 -1.6449999999999999e+01   1.0062614164355867e-10   9.9996079466422017e-11
 -1.6399999999999999e+01   1.0063339967164389e-10   9.9995988048559613e-11
 -1.6350000000000001e+01   1.0064074379158752e-10   9.9995894473935418e-11
 -1.6299999999999997e+01   1.0064817507052730e-10   9.9995798690779468e-11
 -1.6250000000000000e+01   1.0065569458991020e-10   9.9995700646047629e-11
 -1.6199999999999999e+01   1.0066330344571051e-10   9.9995600285389096e-11
 -1.6149999999999999e+01   1.0067100274865395e-10   9.9995497553112988e-11
 -1.6100000000000001e+01   1.0067879362442641e-10   9.9995392392154379e-11
 -1.6049999999999997e+01   1.0068667721392601e-10   9.9995284744038746e-11
 -1.6000000000000000e+01   1.0069465467348575e-10   9.9995174548846043e-11
 -1.5949999999999999e+01   1.0070272717510292e-10   9.9995061745173722e-11
 -1.5899999999999999e+01   1.0071089590669838e-10   9.9994946270098401e-11
 -1.5850000000000000e+01   1.0071916207234317e-10   9.9994828059137033e-11
 -1.5799999999999999e+01   1.0072752689252785e-10   9.9994707046206495e-11
 -1.5750000000000000e+01   1.0073599160440668e-10   9.9994583163582435e-11
 -1.5699999999999999e+01   1.0074455746205777e-10   9.9994456341856941e-11
 -1.5649999999999999e+01   1.0075322573675318e-10   9.9994326509894924e-11
 -1.5600000000000000e+01   1.0076199771722362e-10   9.9994193594789459e-11
 -1.5549999999999999e+01   1.0077087470993858e-10   9.9994057521815779e-11
 -1.5500000000000000e+01   1.0077985803938119e-10   9.9993918214384130e-11
 -1.5449999999999999e+01   1.0078894904833042e-10   9.9993775593991389e-11
 -1.5399999999999999e+01   1.0079814909816429e-10   9.9993629580171004e-11
 -1.5350000000000000e+01   1.0080745956914541e-10   9.9993480090441965e-11
 -1.5299999999999999e+01   1.0081688186072493e-10   9.9993327040256189e-11
 -1.5250000000000000e+01   1.0082641739184711e-10   9.9993170342944535e-11
 -1.5199999999999999e+01   1.0083606760126989e-10   9.9993009909661073e-11
 -1.5149999999999999e+01   1.0084583394787823e-10   9.9992845649326172e-11
 -1.5100000000000000e+01   1.0085571791100852e-10   9.9992677468567802e-11
 -1.5049999999999999e+01   1.0086572099078473e-10   9.9992505271661145e-11
 -1.5000000000000000e+01   1.0087584470845623e-10   9.9992328960466701e-11
 -1.4949999999999999e+01   1.0088609060673706e-10   9.9992148434366532e-11
 -1.4899999999999999e+01   1.0089646025016319e-10   9.9991963590198780e-11
 -1.4850000000000000e+01   1.0090695522544655e-10   9.9991774322190350e-11
 -1.4799999999999999e+01   1.0091757714184200e-10   9.9991580521887690e-11
 -1.4750000000000000e+01   1.0092832763152169e-10   9.9991382078085531e-11
 -1.4699999999999999e+01   1.0093920834994956e-10   9.9991178876753847e-11
 -1.4649999999999999e+01   1.0095022097627529e-10   9.9990970800962463e-11
 -1.4600000000000000e+01   1.0096136721372377e-10   9.9990757730803770e-11
 -1.4549999999999999e+01   1.0097264879000390e-10   9.9990539543313038e-11
 -1.4500000000000000e+01   1.0098406745771420e-10   9.9990316112386687e-11
 -1.4449999999999999e+01   1.0099562499476041e-10   9.9990087308698092e-11
 -1.4400000000000000e+01   1.0100732320479654e-10   9.9989852999610793e-11
 -1.4350000000000000e+01   1.0101916391764532e-10   9.9989613049089704e-11
 -1.4299999999999999e+01   1.0103114898974930e-10   9.9989367317609397e-11
 -1.4250000000000000e+01   1.0104328030463150e-10   9.9989115662059680e-11
 -1.4199999999999999e+01   1.0105555977335459e-10   9.9988857935648756e-11
 -1.4150000000000000e+01   1.0106798933499106e-10   9.9988593987803453e-11
 -1.4100000000000000e+01   1.0108057095711261e-10   9.9988323664066454e-11
 -1.4049999999999999e+01   1.0109330663628055e-10   9.9988046805990654e-11
 -1.4000000000000000e+01   1.0110619839855078e-10   9.9987763251030436e-11
 -1.3949999999999999e+01   1.0111924829998521e-10   9.9987472832429807e-11
 -1.3900000000000000e+01   1.0113245842718023e-10   9.9987175379107085e-11
 -1.3850000000000000e+01   1.0114583089780240e-10   9.9986870715536418e-11
 -1.3799999999999999e+01   1.0115936786113327e-10   9.9986558661625711e-11
 -1.3750000000000000e+01   1.0117307149863386e-10   9.9986239032590931e-11
 -1.3699999999999999e+01   1.0118694402450921e-10   9.9985911638826825e-11
 -1.3650000000000000e+01   1.0120098768629997e-10   9.9985576285773557e-11
 -1.3600000000000000e+01   1.0121520476546924e-10   9.9985232773779819e-11
 -1.3549999999999999e+01   1.0122959757801969e-10   9.9984880897961281e-11
 -1.3500000000000000e+01   1.0124416847511086e-10   9.9984520448055405e-11
 -1.3449999999999999e+01   1.0125891984369676e-10   9.9984151208271475e-11
 -1.3400000000000000e+01   1.0127385410717254e-10   9.9983772957136406e-11
 -1.3350000000000000e+01   1.0128897372604611e-10   9.9983385467335626e-11
 -1.3299999999999999e+01   1.0130428119861148e-10   9.9982988505549493e-11
 -1.3250000000000000e+01   1.0131977906163872e-10   9.9982581832284598e-11
 -1.3199999999999999e+01   1.0133546989109280e-10   9.9982165201699852e-11
 -1.3150000000000000e+01   1.0135135630284964e-10   9.9981738361427491e-11
 -1.3100000000000000e+01   1.0136744095344333e-10   9.9981301052388458e-11
 -1.3049999999999999e+01   1.0138372654082256e-10   9.9980853008602234e-11
 -1.3000000000000000e+01   1.0140021580512479e-10   9.9980393956990791e-11
 -1.2949999999999999e+01   1.0141691152946933e-10   9.9979923617176568e-11
 -1.2900000000000000e+01   1.0143381654077126e-10   9.9979441701274114e-11
 -1.2850000000000000e+01   1.0145093371056642e-10   9.9978947913675419e-11
 -1.2799999999999999e+01   1.0146826595586462e-10   9.9978441950828487e-11
 -1.2750000000000000e+01   1.0148581624001525e-10   9.9977923501009077e-11
 -1.2699999999999999e+01   1.0150358757359726e-10   9.9977392244085237e-11
 -1.2650000000000000e+01   1.0152158301532804e-10   9.9976847851274661e-11
 -1.2600000000000000e+01   1.0153980567299486e-10   9.9976289984894135e-11
 -1.2549999999999999e+01   1.0155825870440619e-10   9.9975718298101427e-11
 -1.2500000000000000e+01   1.0157694531836750e-10   9.9975132434628787e-11
 -1.2449999999999999e+01   1.0159586877567672e-10   9.9974532028508208e-11
 -1.2400000000000000e+01   1.0161503239015466e-10   9.9973916703787512e-11
 -1.2350000000000000e+01   1.0163443952968292e-10   9.9973286074238105e-11
 -1.2299999999999999e+01   1.0165409361727893e-10   9.9972639743052774e-11
 -1.2250000000000000e+01   1.0167399813219303e-10   9.9971977302534151e-11
 -1.2199999999999999e+01   1.0169415661103441e-10   9.9971298333772888e-11
 -1.2150000000000000e+01   1.0171457264892224e-10   9.9970602406315683e-11
 -1.2100000000000000e+01   1.0173524990066451e-10   9.9969889077822443e-11
 -1.2049999999999999e+01   1.0175619208196721e-10   9.9969157893712355e-11
 -1.2000000000000000e+01   1.0177740297067561e-10   9.9968408386798343e-11
 -1.1949999999999999e+01   1.0179888640804241e-10   9.9967640076909611e-11
 -1.1900000000000000e+01   1.0182064630002739e-10   9.9966852470501971e-11
 -1.1850000000000000e+01   1.0184268661863463e-10   9.9966045060255057e-11
 -1.1799999999999999e+01   1.0186501140327683e-10   9.9965217324656477e-11
 -1.1750000000000000e+01   1.0188762476218143e-10   9.9964368727571999e-11
 -1.1699999999999999e+01   1.0191053087382447e-10   9.9963498717801641e-11
 -1.1650000000000000e+01   1.0193373398840815e-10   9.9962606728620752e-11
 -1.1600000000000000e+01   1.0195723842937144e-10   9.9961692177305923e-11
 -1.1549999999999999e+01   1.0198104859494110e-10   9.9960754464644817e-11
 -1.1500000000000000e+01   1.0200516895972674e-10   9.9959792974429482e-11
 -1.1449999999999999e+01   1.0202960407634734e-10   9.9958807072932747e-11
 -1.1400000000000000e+01   1.0205435857711265e-10   9.9957796108366441e-11
 -1.1350000000000000e+01   1.0207943717573918e-10   9.9956759410321540e-11
 -1.1299999999999999e+01   1.0210484466911774e-10   9.9955696289188876e-11
 -1.1250000000000000e+01   1.0213058593912252e-10   9.9954606035560143e-11
 -1.1199999999999999e+01   1.0215666595447369e-10   9.9953487919608150e-11
 -1.1150000000000000e+01   1.0218308977264352e-10   9.9952341190445801e-11
 -1.1100000000000000e+01   1.0220986254182221e-10   9.9951165075462519e-11
 -1.1049999999999999e+01   1.0223698950292642e-10   9.9949958779637970e-11
 -1.1000000000000000e+01   1.0226447599167387e-10   9.9948721484831333e-11
 -1.0949999999999999e+01   1.0229232744070360e-10   9.9947452349045976e-11
 -1.0900000000000000e+01   1.0232054938176245e-10   9.9946150505668021e-11
 -1.0850000000000000e+01   1.0234914744794801e-10   9.9944815062677996e-11
 -1.0799999999999999e+01   1.0237812737601216e-10   9.9943445101834617e-11
 -1.0750000000000000e+01   1.0240749500873448e-10   9.9942039677829185e-11
 -1.0699999999999999e+01   1.0243725629735744e-10   9.9940597817409924e-11
 -1.0650000000000000e+01   1.0246741730408919e-10   9.9939118518474818e-11
 -1.0600000000000000e+01   1.0249798420468130e-10   9.9937600749131627e-11
 -1.0549999999999999e+01   1.0252896329107493e-10   9.9936043446723959e-11
 -1.0500000000000000e+01   1.0256036097412733e-10   9.9934445516821656e-11
 -1.0449999999999999e+01   1.0259218378641299e-10   9.9932805832174581e-11
 -1.0400000000000000e+01   1.0262443838510718e-10   9.9931123231627768e-11
 -1.0350000000000000e+01   1.0265713155495078e-10   9.9929396518996857e-11
 -1.0299999999999999e+01   1.0269027021130575e-10   9.9927624461901618e-11
 -1.0250000000000000e+01   1.0272386140329600e-10   9.9925805790556350e-11
 -1.0199999999999999e+01   1.0275791231704165e-10   9.9923939196515103e-11
 -1.0150000000000000e+01   1.0279243027898893e-10   9.9922023331369859e-11
 -1.0100000000000000e+01   1.0282742275934221e-10   9.9920056805399547e-11
 -1.0050000000000001e+01   1.0286289737559425e-10   9.9918038186168158e-11
 -1.0000000000000000e+01   1.0289886189616431e-10   9.9915965997069674e-11
 -9.9499999999999993e+00   1.0293532424414627e-10   9.9913838715817273e-11
 -9.9000000000000004e+00   1.0297229250116973e-10   9.9911654772874905e-11
 -9.8499999999999996e+00   1.0300977491137917e-10   9.9909412549828327e-11
 -9.8000000000000007e+00   1.0304777988553748e-10   9.9907110377693129e-11
 -9.7500000000000000e+00   1.0308631600525239e-10   9.9904746535157240e-11
 -9.6999999999999993e+00   1.0312539202733673e-10   9.9902319246754607e-11
 -9.6500000000000004e+00   1.0316501688830256e-10   9.9899826680967601e-11
 -9.5999999999999996e+00   1.0320519970900006e-10   9.9897266948254261e-11
 -9.5500000000000007e+00   1.0324594979939649e-10   9.9894638098997976e-11
 -9.5000000000000000e+00   1.0328727666351307e-10   9.9891938121375221e-11
 -9.4499999999999993e+00   1.0332919000451482e-10   9.9889164939138396e-11
 -9.4000000000000004e+00   1.0337169972996419e-10   9.9886316409309604e-11
 -9.3499999999999996e+00   1.0341481595724773e-10   9.9883390319781266e-11
 -9.3000000000000007e+00   1.0345854901917347e-10   9.9880384386819740e-11
 -9.2500000000000000e+00   1.0350290946975278e-10   9.9877296252467166e-11
 -9.1999999999999993e+00   1.0354790809017345e-10   9.9874123481836825e-11
 -9.1500000000000004e+00   1.0359355589496662e-10   9.9870863560297509e-11
 -9.1000000000000014e+00   1.0363986413838083e-10   9.9867513890541296e-11
 -9.0500000000000007e+00   1.0368684432096692e-10   9.9864071789529544e-11
 -9.0000000000000000e+00   1.0373450819638318e-10   9.9860534485311469e-11
 -8.9499999999999993e+00   1.0378286777843218e-10   9.9856899113708995e-11
 -8.8999999999999986e+00   1.0383193534833452e-10   9.9853162714861841e-11
 -8.8500000000000014e+00   1.0388172346225140e-10   9.9849322229626068e-11
 -8.8000000000000007e+00   1.0393224495906281e-10   9.9845374495819260e-11
 -8.7500000000000000e+00   1.0398351296841994e-10   9.9841316244304302e-11
 -8.6999999999999993e+00   1.0403554091907042e-10   9.9837144094905088e-11
 -8.6499999999999986e+00   1.0408834254747895e-10   9.9832854552144738e-11
 -8.6000000000000014e+00   1.0414193190674877e-10   9.9828444000798565e-11
 -8.5500000000000007e+00   1.0419632337585792e-10   9.9823908701252282e-11
 -8.5000000000000000e+00   1.0425153166922498e-10   9.9819244784655775e-11
 -8.4499999999999993e+00   1.0430757184661694e-10   9.9814448247862329e-11
 -8.3999999999999986e+00   1.0436445932341203e-10   9.9809514948142820e-11
 -8.3500000000000014e+00   1.0442220988123507e-10   9.9804440597663077e-11
 -8.3000000000000007e+00   1.0448083967898041e-10   9.9799220757712753e-11
 -8.2500000000000000e+00   1.0454036526423820e-10   9.9793850832672999e-11
 -8.1999999999999993e+00   1.0460080358514022e-10   9.9788326063709608e-11
 -8.1499999999999986e+00   1.0466217200264896e-10   9.9782641522177171e-11
 -8.1000000000000014e+00   1.0472448830330084e-10   9.9776792102719741e-11
 -8.0500000000000007e+00   1.0478777071243104e-10   9.9770772516051878e-11
 -8.0000000000000000e+00   1.0485203790789684e-10   9.9764577281403328e-11
 -7.9499999999999993e+00   1.0491730903432173e-10   9.9758200718609779e-11
 -7.8999999999999986e+00   1.0498360371788660e-10   9.9751636939830675e-11
 -7.8500000000000014e+00   1.0505094208168953e-10   9.9744879840874189e-11
 -7.8000000000000007e+00   1.0511934476169914e-10   9.9737923092108648e-11
 -7.7500000000000000e+00   1.0518883292333256e-10   9.9730760128937399e-11
 -7.6999999999999993e+00   1.0525942827868245e-10   9.9723384141813958e-11
 -7.6499999999999986e+00   1.0533115310442409e-10   9.9715788065771900e-11
 -7.6000000000000014e+00   1.0540403026043499e-10   9.9707964569443036e-11
 -7.5500000000000007e+00   1.0547808320915962e-10   9.9699906043535239e-11
 -7.5000000000000000e+00   1.0555333603575364e-10   9.9691604588740000e-11
 -7.4499999999999993e+00   1.0562981346904390e-10   9.9683052003037720e-11
 -7.3999999999999986e+00   1.0570754090334445e-10   9.9674239768366508e-11
 -7.3500000000000014e+00   1.0578654442116844e-10   9.9665159036618453e-11
 -7.3000000000000007e+00   1.0586685081687779e-10   9.9655800614925008e-11
 -7.2500000000000000e+00   1.0594848762131852e-10   9.9646154950190205e-11
 -7.1999999999999993e+00   1.0603148312748667e-10   9.9636212112828446e-11
 -7.1499999999999986e+00   1.0611586641727729e-10   9.9625961779660208e-11
 -7.1000000000000014e+00   1.0620166738936918e-10   9.9615393215916355e-11
 -7.0500000000000007e+00   1.0628891678829981e-10   9.9604495256298411e-11
 -7.0000000000000000e+00   1.0637764623479427e-10   9.9593256285038149e-11
 -6.9499999999999993e+00   1.0646788825740492e-10   9.9581664214897243e-11
 -6.8999999999999986e+00   1.0655967632553191e-10   9.9569706465042566e-11
 -6.8500000000000014e+00   1.0665304488389480e-10   9.9557369937728820e-11
 -6.8000000000000007e+00   1.0674802938852766e-10   9.9544640993715673e-11
 -6.7500000000000000e+00   1.0684466634437539e-10   9.9531505426341748e-11
 -6.6999999999999993e+00   1.0694299334457618e-10   9.9517948434171711e-11
 -6.6499999999999986e+00   1.0704304911151723e-10   9.9503954592127561e-11
 -6.6000000000000014e+00   1.0714487353975529e-10   9.9489507821009047e-11
 -6.5500000000000007e+00   1.0724850774090186e-10   9.9474591355300854e-11
 -6.5000000000000000e+00   1.0735399409057508e-10   9.9459187709157876e-11
 -6.4499999999999993e+00   1.0746137627753223e-10   9.9443278640450793e-11
 -6.3999999999999986e+00   1.0757069935509631e-10   9.9426845112747452e-11
 -6.3500000000000014e+00   1.0768200979500210e-10   9.9409867255094917e-11
 -6.3000000000000007e+00   1.0779535554379308e-10   9.9392324319458551e-11
 -6.2500000000000000e+00   1.0791078608191012e-10   9.9374194635662573e-11
 -6.1999999999999993e+00   1.0802835248561736e-10   9.9355455563666822e-11
 -6.1499999999999986e+00   1.0814810749192432e-10   9.9336083443000464e-11
 -6.1000000000000014e+00   1.0827010556667079e-10   9.9316053539161211e-11
 -6.0500000000000007e+00   1.0839440297595236e-10   9.9295339986773221e-11
 -6.0000000000000000e+00   1.0852105786107314e-10   9.9273915729282444e-11
 -5.9499999999999993e+00   1.0865013031722784e-10   9.9251752454949760e-11
 -5.8999999999999986e+00   1.0878168247612515e-10   9.9228820528885163e-11
 -5.8500000000000014e+00   1.0891577859277841e-10   9.9205088920845550e-11
 -5.8000000000000007e+00   1.0905248513670442e-10   9.9180525128497454e-11
 -5.7500000000000000e+00   1.0919187088778602e-10   9.9155095095822724e-11
 -5.6999999999999993e+00   1.0933400703707215e-10   9.9128763126318882e-11
 -5.6499999999999986e+00   1.0947896729280247e-10   9.9101491790619811e-11
 -5.6000000000000014e+00   1.0962682799196762e-10   9.9073241828130685e-11
 -5.5500000000000007e+00   1.0977766821773148e-10   9.9043972042239636e-11
 -5.5000000000000000e+00   1.0993156992306651e-10   9.9013639188632415e-11
 -5.4499999999999993e+00   1.1008861806097366e-10   9.8982197856197965e-11
 -5.3999999999999986e+00   1.1024890072168230e-10   9.8949600339971006e-11
 -5.3500000000000014e+00   1.1041250927725537e-10   9.8915796505510709e-11
 -5.3000000000000007e+00   1.1057953853404592e-10   9.8880733644066376e-11
 -5.2500000000000000e+00   1.1075008689348598e-10   9.8844356317825021e-11
 -5.1999999999999993e+00   1.1092425652171856e-10   9.8806606194476907e-11
 -5.1499999999999986e+00   1.1110215352861422e-10   9.8767421870270793e-11
 -5.1000000000000014e+00   1.1128388815675268e-10   9.8726738680658965e-11
 -5.0500000000000007e+00   1.1146957498098427e-10   9.8684488497555802e-11
 -5.0000000000000000e+00   1.1165933311922878e-10   9.8640599512148551e-11
 -4.9499999999999993e+00   1.1185328645520838e-10   9.8594996002107741e-11
 -4.8999999999999986e+00   1.1205156387385814e-10   9.8547598081943182e-11
 -4.8500000000000014e+00   1.1225429951020381e-10   9.8498321435142189e-11
 -4.8000000000000007e+00   1.1246163301254704e-10   9.8447077026605986e-11
 -4.7500000000000000e+00   1.1267370982084915e-10   9.8393770793769121e-11
 -4.6999999999999993e+00   1.1289068146126011e-10   9.8338303314643248e-11
 -4.6499999999999986e+00   1.1311270585779816e-10   9.8280569450868669e-11
 -4.6000000000000014e+00   1.1333994766224232e-10   9.8220457963686361e-11
 -4.5500000000000007e+00   1.1357257860336355e-10   9.8157851100555184e-11
 -4.5000000000000000e+00   1.1381077785668480e-10   9.8092624149933049e-11
 -4.4499999999999993e+00   1.1405473243602425e-10   9.8024644961517685e-11
 -4.3999999999999986e+00   1.1430463760814216e-10   9.7953773428997251e-11
 -4.3500000000000014e+00   1.1456069733187941e-10   9.7879860932093997e-11
 -4.3000000000000007e+00   1.1482312472324266e-10   9.7802749734391929e-11
 -4.2500000000000000e+00   1.1509214254795160e-10   9.7722272333123100e-11
 -4.1999999999999993e+00   1.1536798374303055e-10   9.7638250756739485e-11
 -4.1499999999999986e+00   1.1565089196907784e-10   9.7550495805722549e-11
 -4.1000000000000014e+00   1.1594112219489992e-10   9.7458806231672689e-11
 -4.0500000000000007e+00   1.1623894131623291e-10   9.7362967849279441e-11
 -4.0000000000000000e+00   1.1654462881030230e-10   9.7262752575293163e-11
 -3.9499999999999993e+00   1.1685847742798032e-10   9.7157917388102775e-11
 -3.8999999999999986e+00   1.1718079392528355e-10   9.7048203200969404e-11
 -3.8500000000000014e+00   1.1751189983591363e-10   9.6933333641369287e-11
 -3.8000000000000007e+00   1.1785213228646146e-10   9.6813013728266808e-11
 -3.7500000000000000e+00   1.1820184485577024e-10   9.6686928438464702e-11
 -3.6999999999999993e+00   1.1856140847977185e-10   9.6554741152470540e-11
 -3.6500000000000021e+00   1.1893121240285606e-10   9.6416091969579497e-11
 -3.6000000000000014e+00   1.1931166517649372e-10   9.6270595881110005e-11
 -3.5500000000000007e+00   1.1970319570538946e-10   9.6117840789951223e-11
 -3.5000000000000000e+00   1.2010625434086594e-10   9.5957385363804108e-11
 -3.4499999999999993e+00   1.2052131402044851e-10   9.5788756708741447e-11
 -3.4000000000000021e+00   1.2094887145170041e-10   9.5611447849001322e-11
 -3.3500000000000014e+00   1.2138944833720876e-10   9.5424914998298792e-11
 -3.3000000000000007e+00   1.2184359263619621e-10   9.5228574607439160e-11
 -3.2500000000000000e+00   1.2231187985648431e-10   9.5021800172698100e-11
 -3.1999999999999993e+00   1.2279491436838802e-10   9.4803918789378586e-11
 -3.1500000000000021e+00   1.2329333072951283e-10   9.4574207435255338e-11
 -3.1000000000000014e+00   1.2380779500626999e-10   9.4331888969394263e-11
 -3.0500000000000007e+00   1.2433900607411677e-10   9.4076127833241074e-11
 -3.0000000000000000e+00   1.2488769687397232e-10   9.3806025443092695e-11
 -2.9499999999999993e+00   1.2545463559681584e-10   9.3520615266333148e-11
 -2.9000000000000021e+00   1.2604062676202005e-10   9.3218857578411661e-11
 -2.8500000000000014e+00   1.2664651214735618e-10   9.2899633903807999e-11
 -2.8000000000000007e+00   1.2727317151967482e-10   9.2561741152583989e-11
 -2.7500000000000000e+00   1.2792152310486553e-10   9.2203885475044607e-11
 -2.6999999999999993e+00   1.2859252372367732e-10   9.1824675871109503e-11
 -2.6500000000000021e+00   1.2928716850621951e-10   9.1422617608883046e-11
 -2.6000000000000014e+00   1.3000649008237088e-10   9.0996105529365778e-11
 -2.5500000000000007e+00   1.3075155712788781e-10   9.0543417342102521e-11
 -2.5000000000000000e+00   1.3152347212681115e-10   9.0062707050701611e-11
 -2.4499999999999993e+00   1.3232336819007351e-10   8.9551998688489443e-11
 -2.4000000000000021e+00   1.3315240474845933e-10   8.9009180593943316e-11
 -2.3500000000000014e+00   1.3401176191601357e-10   8.8432000513684100e-11
 -2.3000000000000007e+00   1.3490263329885700e-10   8.7818061888055198e-11
 -2.2500000000000000e+00   1.3582621700563565e-10   8.7164821750651048e-11
 -2.1999999999999993e+00   1.3678370460189522e-10   8.6469590757605129e-11
 -2.1500000000000021e+00   1.3777626774450645e-10   8.5729535952953626e-11
 -2.1000000000000014e+00   1.3880504223753968e-10   8.4941686969427641e-11
 -2.0500000000000007e+00   1.3987110927247303e-10   8.4102946453825166e-11
 -2.0000000000000000e+00   1.4097547365871389e-10   8.3210105584440460e-11
 -1.9499999999999993e+00   1.4211903892118227e-10   8.2259865603559354e-11
 -1.9000000000000021e+00   1.4330257924642593e-10   8.1248866306070018e-11
 -1.8500000000000014e+00   1.4452670840320043e-10   8.0173722387763591e-11
 -1.8000000000000007e+00   1.4579184595193477e-10   7.9031068443142749e-11
 -1.7500000000000000e+00   1.4709818129143632e-10   7.7817613190389972e-11
 -1.6999999999999993e+00   1.4844563636736880e-10   7.6530203169606729e-11
 -1.6500000000000021e+00   1.4983382817581807e-10   7.5165895693430392e-11
 -1.6000000000000014e+00   1.5126203251875819e-10   7.3722040220457792e-11
 -1.5500000000000007e+00   1.5272915077916390e-10   7.2196366581082014e-11
 -1.5000000000000000e+00   1.5423368174524449e-10   7.0587077643555368e-11
 -1.4499999999999993e+00   1.5577370068163812e-10   6.8892943122750404e-11
 -1.4000000000000021e+00   1.5734684787304749e-10   6.7113390390255509e-11
 -1.3500000000000014e+00   1.5895032870893647e-10   6.5248587451083417e-11
 -1.3000000000000007e+00   1.6058092700525847e-10   6.3299512831835474e-11
 -1.2500000000000000e+00   1.6223503266157906e-10   6.1268007096121895e-11
 -1.1999999999999993e+00   1.6390868395050647e-10   5.9156801157142785e-11
 -1.1500000000000021e+00   1.6559762378671554e-10   5.6969517535365358e-11
 -1.1000000000000014e+00   1.6729736831304279e-10   5.4710642181386659e-11
 -1.0500000000000007e+00   1.6900328518189488e-10   5.2385466341060861e-11
 -1.0000000000000000e+00   1.7071067811864961e-10   5.0000000000007285e-11
 -9.4999999999999929e-01   1.7241487383311369e-10   4.7560860477342267e-11
 -9.0000000000000213e-01   1.7411130716549229e-10   4.5075141502220545e-11
 -8.5000000000000142e-01   1.7579560053778020e-10   4.2550269391172540e-11
 -8.0000000000000071e-01   1.7746363430168152e-10   3.9993853607753484e-11
 -7.5000000000000000e-01   1.7911160535646881e-10   3.7413538979223353e-11
 -6.9999999999999929e-01   1.8073607235049764e-10   3.4816866214152113e-11
 -6.5000000000000213e-01   1.8233398676344303e-10   3.2211146236371920e-11
 -6.0000000000000142e-01   1.8390271008632305e-10   2.9603352401704279e-11
 -5.5000000000000071e-01   1.8544001809029290e-10   2.7000033087304232e-11
 -5.0000000000000000e-01   1.8694409375219667e-10   2.4407245616092346e-11
 -4.4999999999999929e-01   1.8841351076706782e-10   2.1830511138415856e-11
 -4.0000000000000213e-01   1.8984720973556672e-10   1.9274789027330862e-11
 -3.5000000000000142e-01   1.9124446909823183e-10   1.6744468589818156e-11
 -3.0000000000000071e-01   1.9260487273990260e-10   1.4243375448264460e-11
 -2.5000000000000000e-01   1.9392827595106338e-10   1.1774789768608860e-11
 -1.9999999999999929e-01   1.9521477114910107e-10   9.3414735502431097e-12
 -1.5000000000000213e-01   1.9646465446543377e-10   6.9457043886446620e-12
 -1.0000000000000142e-01   1.9767839401933038e-10   4.5893134180444151e-12
 -5.0000000000000711e-02   1.9885660044257115e-10   2.2737254893784081e-12
  0.0000000000000000e+00   2.0000000000000001e-10   0.0000000000000000e+00
