# Columns: x, u, lamda
# time_step 9000
# time   9.0000000000000000e+01
 -2.5149999999999999e+01   9.6665934105572770e-11   8.6911117247352447e-16
 -2.5099999999999998e+01   9.6665934105572770e-11   8.6911117247352447e-16
 -2.5049999999999997e+01   9.6665934105572770e-11   8.6911117247352447e-16
 -2.5000000000000000e+01   9.6665934105572770e-11   8.6911117247352447e-16
 -2.4949999999999999e+01   9.6665922228840420e-11   8.9371345203057910e-16
 -2.4899999999999999e+01   9.6666142463316253e-11   9.0721516851036206e-16
 -2.4849999999999998e+01   9.6666988186941494e-11   9.2807085870332325e-16
 -2.4799999999999997e+01   9.6668953868283874e-11   9.4551477672846345e-16
 -2.4750000000000000e+01   9.6672354884299737e-11   9.6572811353859490e-16
 -2.4699999999999999e+01   9.6677090389474731e-11   9.8518357220769204e-16
 -2.4649999999999999e+01   9.6682425546739637e-11   1.0059277343952044e-15
 -2.4599999999999998e+01   9.6686956942824719e-11   1.0268091783122238e-15
 -2.4549999999999997e+01   9.6688789751175325e-11   1.0485119514027811e-15
 -2.4500000000000000e+01   9.6685945831084229e-11   1.0706606821854238e-15
 -2.4449999999999999e+01   9.6676880386359525e-11   1.0934558178836171e-15
 -2.4399999999999999e+01   9.6660873020179807e-11   1.1167189178561115e-15
 -2.4349999999999998e+01   9.6638031467918698e-11   1.1405642408396326e-15
 -2.4299999999999997e+01   9.6609108712994215e-11   1.1649454596247789e-15
 -2.4250000000000000e+01   9.6575251143281004e-11   1.1899094895922809e-15
 -2.4199999999999999e+01   9.6537750423640296e-11   1.2154500839984796e-15
 -2.4149999999999999e+01   9.6497839432671672e-11   1.2415918364784105e-15
 -2.4099999999999998e+01   9.6456551745320662e-11   1.2683419347760170e-15
 -2.4049999999999997e+01   9.6414647506223103e-11   1.2957178759916505e-15
 -2.4000000000000000e+01   9.6372598225330978e-11   1.3237315667790167e-15
 -2.3949999999999999e+01   9.6330616880373482e-11   1.3523984736452500e-15
 -2.3899999999999999e+01   9.6288717221425859e-11   1.3817323874301314e-15
 -2.3849999999999998e+01   9.6246785814818931e-11   1.4117484465054320e-15
 -2.3799999999999997e+01   9.6204652059602743e-11   1.4424614128182008e-15
 -2.3750000000000000e+01   9.6162144913231647e-11   1.4738866692759799e-15
 -2.3699999999999999e+01   9.6119129985212119e-11   1.5060396498397792e-15
 -2.3649999999999999e+01   9.6075525908103499e-11   1.5389361663248740e-15
 -2.3599999999999998e+01   9.6031303283100729e-11   1.5725922182672203e-15
 -2.3549999999999997e+01   9.5986472133533073e-11   1.6070240990759795e-15
 -2.3500000000000000e+01   9.5941064460899946e-11   1.6422483324892615e-15
 -2.3449999999999999e+01   9.5895117527119907e-11   1.6782817075334357e-15
 -2.3399999999999999e+01   9.5848661552234714e-11   1.7151412580836215e-15
 -2.3349999999999998e+01   9.5801713324456860e-11   1.7528442751534265e-15
 -2.3299999999999997e+01   9.5754275337320581e-11   1.7914083008630402e-15
 -2.3250000000000000e+01   9.5706338840654652e-11   1.8308511329031615e-15
 -2.3199999999999999e+01   9.5657888725859497e-11   1.8711908225467536e-15
 -2.3149999999999999e+01   9.5608908362665781e-11   1.9124456756902649e-15
 -2.3099999999999998e+01   9.5559383126701274e-11   1.9546342514264830e-15
 -2.3049999999999997e+01   9.5509302118635561e-11   1.9977753613668636e-15
 -2.3000000000000000e+01   9.5458658230320868e-11   2.0418880680237899e-15
 -2.2949999999999999e+01   9.5407447114447937e-11   2.0869916833757481e-15
 -2.2899999999999999e+01   9.5355665729846469e-11   2.1331057670972763e-15
 -2.2849999999999998e+01   9.5303311023650892e-11   2.1802501247947264e-15
 -2.2799999999999997e+01   9.5250379079167621e-11   2.2284448060643472e-15
 -2.2750000000000000e+01   9.5196864810568012e-11   2.2777101024156756e-15
 -2.2699999999999999e+01   9.5142762098595391e-11   2.3280665449688063e-15
 -2.2649999999999999e+01   9.5088064169133786e-11   2.3795349019213833e-15
 -2.2599999999999998e+01   9.5032764014109271e-11   2.4321361757398301e-15
 -2.2549999999999997e+01   9.4976854712312236e-11   2.4858916000749666e-15
 -2.2500000000000000e+01   9.4920329588583825e-11   2.5408226364066404e-15
 -2.2449999999999999e+01   9.4863182221244393e-11   2.5969509704145834e-15
 -2.2399999999999999e+01   9.4805406350991673e-11   2.6542985080946954e-15
 -2.2349999999999998e+01   9.4746995756021650e-11   2.7128873716086884e-15
 -2.2299999999999997e+01   9.4687944145260361e-11   2.7727398948725980e-15
 -2.2250000000000000e+01   9.4628245096941447e-11   2.8338786188741043e-15
 -2.2199999999999999e+01   9.4567892045320154e-11   2.8963262867000392e-15
 -2.2149999999999999e+01   9.4506878301815897e-11   2.9601058382754667e-15
 -2.2099999999999998e+01   9.4445197090798098e-11   3.0252404047972964e-15
 -2.2049999999999997e+01   9.4382841582796466e-11   3.0917533028582884e-15
 -2.2000000000000000e+01   9.4319804915168778e-11   3.1596680282536161e-15
 -2.1949999999999999e+01   9.4256080198121769e-11   3.2290082494632179e-15
 -2.1899999999999999e+01   9.4191660509636937e-11   3.2997978008045033e-15
 -2.1849999999999998e+01   9.4126538885226029e-11   3.3720606752669908e-15
 -2.1799999999999997e+01   9.4060708307964051e-11   3.4458210169903141e-15
 -2.1750000000000000e+01   9.3994161702101296e-11   3.5211031134130231e-15
 -2.1699999999999999e+01   9.3926891931093627e-11   3.5979313870641676e-15
 -2.1649999999999999e+01   9.3858891799066151e-11   3.6763303870025323e-15
 -2.1599999999999998e+01   9.3790154053925447e-11   3.7563247798887266e-15
 -2.1549999999999997e+01   9.3720671390451344e-11   3.8379393406924640e-15
 -2.1500000000000000e+01   9.3650436452350504e-11   3.9211989430231076e-15
 -2.1449999999999999e+01   9.3579441833012580e-11   4.0061285490830160e-15
 -2.1399999999999999e+01   9.3507680075272919e-11   4.0927531992327487e-15
 -2.1349999999999998e+01   9.3435143670724424e-11   4.1810980011697336e-15
 -2.1299999999999997e+01   9.3361825059079826e-11   4.2711881187086231e-15
 -2.1250000000000000e+01   9.3287716627879401e-11   4.3630487601673497e-15
 -2.1199999999999999e+01   9.3212810712611678e-11   4.4567051663414247e-15
 -2.1149999999999999e+01   9.3137099597145523e-11   4.5521825980755061e-15
 -2.1099999999999998e+01   9.3060575514307716e-11   4.6495063234191764e-15
 -2.1049999999999997e+01   9.2983230646460378e-11   4.7487016043641936e-15
 -2.1000000000000000e+01   9.2905057125997988e-11   4.8497936831610126e-15
 -2.0949999999999999e+01   9.2826047035751693e-11   4.9528077682126342e-15
 -2.0899999999999999e+01   9.2746192409338251e-11   5.0577690195351688e-15
 -2.0849999999999998e+01   9.2665485231504007e-11   5.1647025337927857e-15
 -2.0799999999999997e+01   9.2583917438506664e-11   5.2736333288948807e-15
 -2.0750000000000000e+01   9.2501480918557269e-11   5.3845863281579191e-15
 -2.0699999999999999e+01   9.2418167512322814e-11   5.4975863440280888e-15
 -2.0649999999999999e+01   9.2333969013477037e-11   5.6126580613632032e-15
 -2.0599999999999998e+01   9.2248877169283142e-11   5.7298260202736505e-15
 -2.0549999999999997e+01   9.2162883681196429e-11   5.8491145985199337e-15
 -2.0500000000000000e+01   9.2075980205483929e-11   5.9705479934646971e-15
 -2.0449999999999999e+01   9.1988158353863388e-11   6.0941502035823931e-15
 -2.0399999999999999e+01   9.1899409694167671e-11   6.2199450095258620e-15
 -2.0349999999999998e+01   9.1809725751042030e-11   6.3479559547432730e-15
 -2.0299999999999997e+01   9.1719098006675377e-11   6.4782063256620214e-15
 -2.0250000000000000e+01   9.1627517901566153e-11   6.6107191314249909e-15
 -2.0199999999999999e+01   9.1534976835322044e-11   6.7455170831925837e-15
 -2.0149999999999999e+01   9.1441466167494409e-11   6.8826225730034934e-15
 -2.0099999999999998e+01   9.1346977218446670e-11   7.0220576522043345e-15
 -2.0049999999999997e+01   9.1251501270254991e-11   7.1638440094540216e-15
 -2.0000000000000000e+01   9.1155029567642580e-11   7.3080029482946585e-15
 -1.9949999999999999e+01   9.1057553318948691e-11   7.4545553643083570e-15
 -1.9899999999999999e+01   9.0959063697132411e-11   7.6035217218579006e-15
 -1.9849999999999998e+01   9.0859551840814116e-11   7.7549220304174295e-15
 -1.9799999999999997e+01   9.0759008855356531e-11   7.9087758204993102e-15
 -1.9750000000000000e+01   9.0657425813984969e-11   8.0651021191904225e-15
 -1.9699999999999999e+01   9.0554793758945147e-11   8.2239194253008722e-15
 -1.9649999999999999e+01   9.0451103702699022e-11   8.3852456841373549e-15
 -1.9599999999999998e+01   9.0346346629160644e-11   8.5490982619031194e-15
 -1.9549999999999997e+01   9.0240513494973294e-11   8.7154939197477349e-15
 -1.9500000000000000e+01   9.0133595230827171e-11   8.8844487874689016e-15
 -1.9449999999999999e+01   9.0025582742819700e-11   9.0559783368794662e-15
 -1.9399999999999999e+01   8.9916466913857703e-11   9.2300973548596817e-15
 -1.9349999999999998e+01   8.9806238605103269e-11   9.4068199160961129e-15
 -1.9299999999999997e+01   8.9694888657462945e-11   9.5861593555378356e-15
 -1.9250000000000000e+01   8.9582407893121192e-11   9.7681282405717300e-15
 -1.9199999999999999e+01   8.9468787117118829e-11   9.9527383429427198e-15
 -1.9149999999999999e+01   8.9354017118976624e-11   1.0140000610433260e-14
 -1.9099999999999998e+01   8.9238088674364334e-11   1.0329925138323866e-14
 -1.9049999999999997e+01   8.9120992546816199e-11   1.0522521140650358e-14
 -1.9000000000000000e+01   8.9002719489494159e-11   1.0717796921283233e-14
 -1.8949999999999999e+01   8.8883260246999028e-11   1.0915759844850074e-14
 -1.8899999999999999e+01   8.8762605557230281e-11   1.1116416307524644e-14
 -1.8849999999999998e+01   8.8640746153294528e-11   1.1319771707706637e-14
 -1.8799999999999997e+01   8.8517672765462866e-11   1.1525830416621729e-14
 -1.8750000000000000e+01   8.8393376123178220e-11   1.1734595748860047e-14
 -1.8699999999999999e+01   8.8267846957111965e-11   1.1946069932898212e-14
 -1.8649999999999999e+01   8.8141076001271732e-11   1.2160254081612476e-14
 -1.8599999999999998e+01   8.8013053995160690e-11   1.2377148162837199e-14
 -1.8549999999999997e+01   8.7883771685988388e-11   1.2596750969985642e-14
 -1.8500000000000000e+01   8.7753219830935002e-11   1.2819060092770206e-14
 -1.8449999999999999e+01   8.7621389199467998e-11   1.3044071888063881e-14
 -1.8399999999999999e+01   8.7488270575709728e-11   1.3271781450936789e-14
 -1.8349999999999998e+01   8.7353854760857248e-11   1.3502182585902279e-14
 -1.8299999999999997e+01   8.7218132575655827e-11   1.3735267778415980e-14
 -1.8250000000000000e+01   8.7081094862927116e-11   1.3971028166671558e-14
 -1.8199999999999999e+01   8.6942732490151843e-11   1.4209453513735232e-14
 -1.8149999999999999e+01   8.6803036352107323e-11   1.4450532180061077e-14
 -1.8099999999999998e+01   8.6661997373558510e-11   1.4694251096441653e-14
 -1.8049999999999997e+01   8.6519606512003390e-11   1.4940595737434824e-14
 -1.8000000000000000e+01   8.6375854760473331e-11   1.5189550095318103e-14
 -1.7949999999999999e+01   8.6230733150388879e-11   1.5441096654627753e-14
 -1.7899999999999999e+01   8.6084232754470637e-11   1.5695216367332375e-14
 -1.7849999999999998e+01   8.5936344689704809e-11   1.5951888628698017e-14
 -1.7799999999999997e+01   8.5787060120363249e-11   1.6211091253905356e-14
 -1.7750000000000000e+01   8.5636370261078725e-11   1.6472800455470558e-14
 -1.7699999999999999e+01   8.5484266379975876e-11   1.6736990821543825e-14
 -1.7649999999999999e+01   8.5330739801857717e-11   1.7003635295136280e-14
 -1.7600000000000001e+01   8.5175781911447115e-11   1.7272705154353328e-14
 -1.7549999999999997e+01   8.5019384156681644e-11   1.7544169993697516e-14
 -1.7500000000000000e+01   8.4861538052063330e-11   1.7817997706503995e-14
 -1.7449999999999999e+01   8.4702235182062718e-11   1.8094154468592057e-14
 -1.7399999999999999e+01   8.4541467204576784e-11   1.8372604723204337e-14
 -1.7350000000000001e+01   8.4379225854440785e-11   1.8653311167301594e-14
 -1.7299999999999997e+01   8.4215502946993132e-11   1.8936234739308853e-14
 -1.7250000000000000e+01   8.4050290381692796e-11   1.9221334608375710e-14
 -1.7199999999999999e+01   8.3883580145789301e-11   1.9508568165247414e-14
 -1.7149999999999999e+01   8.3715364318043509e-11   1.9797891014830565e-14
 -1.7100000000000001e+01   8.3545635072499556e-11   2.0089256970535932e-14
 -1.7049999999999997e+01   8.3374384682307531e-11   2.0382618050495507e-14
 -1.7000000000000000e+01   8.3201605523596678e-11   2.0677924475742983e-14
 -1.6949999999999999e+01   8.3027290079397315e-11   2.0975124670459074e-14
 -1.6899999999999999e+01   8.2851430943610137e-11   2.1274165264375936e-14
 -1.6850000000000001e+01   8.2674020825022826e-11   2.1574991097436818e-14
 -1.6799999999999997e+01   8.2495052551372475e-11   2.1877545226828362e-14
 -1.6750000000000000e+01   8.2314519073453201e-11   2.2181768936476196e-14
 -1.6699999999999999e+01   8.2132413469268721e-11   2.2487601749122031e-14
 -1.6649999999999999e+01   8.1948728948227665e-11   2.2794981441093569e-14
 -1.6600000000000001e+01   8.1763458855380793e-11   2.3103844059876145e-14
 -1.6549999999999997e+01   8.1576596675698475e-11   2.3414123944608917e-14
 -1.6500000000000000e+01   8.1388136038387112e-11   2.3725753749622104e-14
 -1.6449999999999999e+01   8.1198070721243500e-11   2.4038664471134407e-14
 -1.6399999999999999e+01   8.1006394655045425e-11   2.4352785477245946e-14
 -1.6350000000000001e+01   8.0813101927976683e-11   2.4668044541345048e-14
 -1.6299999999999997e+01   8.0618186790085402e-11   2.4984367879062487e-14
 -1.6250000000000000e+01   8.0421643657773600e-11   2.5301680188911765e-14
 -1.6199999999999999e+01   8.0223467118316490e-11   2.5619904696744750e-14
 -1.6149999999999999e+01   8.0023651934409618e-11   2.5938963204167450e-14
 -1.6100000000000001e+01   7.9822193048741897e-11   2.6258776141056240e-14
 -1.6049999999999997e+01   7.9619085588591830e-11   2.6579262622326441e-14
 -1.6000000000000000e+01   7.9414324870445896e-11   2.6900340509083881e-14
 -1.5949999999999999e+01   7.9207906404636784e-11   2.7221926474334969e-14
 -1.5899999999999999e+01   7.8999825899998557e-11   2.7543936073393624e-14
 -1.5850000000000000e+01   7.8790079268537084e-11   2.7866283819143009e-14
 -1.5799999999999999e+01   7.8578662630112850e-11   2.8188883262325180e-14
 -1.5750000000000000e+01   7.8365572317134209e-11   2.8511647077000735e-14
 -1.5699999999999999e+01   7.8150804879258374e-11   2.8834487151369125e-14
 -1.5649999999999999e+01   7.7934357088097330e-11   2.9157314684100287e-14
 -1.5600000000000000e+01   7.7716225941926425e-11   2.9480040286358954e-14
 -1.5549999999999999e+01   7.7496408670392506e-11   2.9802574089695871e-14
 -1.5500000000000000e+01   7.7274902739218893e-11   3.0124825859981617e-14
 -1.5449999999999999e+01   7.7051705854903923e-11   3.0446705117570913e-14
 -1.5399999999999999e+01   7.6826815969409987e-11   3.0768121263875874e-14
 -1.5350000000000000e+01   7.6600231284840726e-11   3.1088983714533752e-14
 -1.5299999999999999e+01   7.6371950258103129e-11   3.1409202039371102e-14
 -1.5250000000000000e+01   7.6141971605550985e-11   3.1728686109346090e-14
 -1.5199999999999999e+01   7.5910294307606176e-11   3.2047346250673715e-14
 -1.5149999999999999e+01   7.5676917613355059e-11   3.2365093406324751e-14
 -1.5100000000000000e+01   7.5441841045115978e-11   3.2681839305112374e-14
 -1.5049999999999999e+01   7.5205064402974191e-11   3.2997496638562419e-14
 -1.5000000000000000e+01   7.4966587769281500e-11   3.3311979245778579e-14
 -1.4949999999999999e+01   7.4726411513116406e-11   3.3625202306514950e-14
 -1.4899999999999999e+01   7.4484536294701090e-11   3.3937082542671383e-14
 -1.4850000000000000e+01   7.4240963069771793e-11   3.4247538428422710e-14
 -1.4799999999999999e+01   7.3995693093898200e-11   3.4556490409209718e-14
 -1.4750000000000000e+01   7.3748727926748549e-11   3.4863861129806723e-14
 -1.4699999999999999e+01   7.3500069436295845e-11   3.5169575671696075e-14
 -1.4649999999999999e+01   7.3249719802961700e-11   3.5473561799977522e-14
 -1.4600000000000000e+01   7.2997681523693441e-11   3.5775750220037807e-14
 -1.4549999999999999e+01   7.2743957415970637e-11   3.6076074844222257e-14
 -1.4500000000000000e+01   7.2488550621737127e-11   3.6374473068734817e-14
 -1.4449999999999999e+01   7.2231464611253616e-11   3.6670886061015843e-14
 -1.4400000000000000e+01   7.1972703186867275e-11   3.6965259057828964e-14
 -1.4350000000000000e+01   7.1712270486693952e-11   3.7257541674300080e-14
 -1.4299999999999999e+01   7.1450170988208487e-11   3.7547688224169336e-14
 -1.4250000000000000e+01   7.1186409511738443e-11   3.7835658051483081e-14
 -1.4199999999999999e+01   7.0920991223857778e-11   3.8121415873988233e-14
 -1.4150000000000000e+01   7.0653921640675351e-11   3.8404932138481491e-14
 -1.4100000000000000e+01   7.0385206631014304e-11   3.8686183388366425e-14
 -1.4049999999999999e+01   7.0114852419477609e-11   3.8965152643671313e-14
 -1.4000000000000000e+01   6.9842865589395520e-11   3.9241829793793278e-14
 -1.3949999999999999e+01   6.9569253085650443e-11   3.9516212003224061e-14
 -1.3900000000000000e+01   6.9294022217374673e-11   3.9788304130524360e-14
 -1.3850000000000000e+01   6.9017180660516306e-11   4.0058119160805212e-14
 -1.3799999999999999e+01   6.8738736460269576e-11   4.0325678651988293e-14
 -1.3750000000000000e+01   6.8458698033364175e-11   4.0591013195109878e-14
 -1.3699999999999999e+01   6.8177074170210229e-11   4.0854162888935509e-14
 -1.3650000000000000e+01   6.7893874036893507e-11   4.1115177829162941e-14
 -1.3600000000000000e+01   6.7609107177017331e-11   4.1374118612473710e-14
 -1.3549999999999999e+01   6.7322783513386226e-11   4.1631056855722068e-14
 -1.3500000000000000e+01   6.7034913349527209e-11   4.1886075730517060e-14
 -1.3449999999999999e+01   6.6745507371044388e-11   4.2139270513491036e-14
 -1.3400000000000000e+01   6.6454576646802253e-11   4.2390749152517011e-14
 -1.3350000000000000e+01   6.6162132629933874e-11   4.2640632849161270e-14
 -1.3299999999999999e+01   6.5868187158669702e-11   4.2889056657638337e-14
 -1.3250000000000000e+01   6.5572752456983023e-11   4.3136170100561263e-14
 -1.3199999999999999e+01   6.5275841135047565e-11   4.3382137801755620e-14
 -1.3150000000000000e+01   6.4977466189503591e-11   4.3627140136415063e-14
 -1.3100000000000000e+01   6.4677641003528525e-11   4.3871373898889797e-14
 -1.3049999999999999e+01   6.4376379346707996e-11   4.4115052988371969e-14
 -1.3000000000000000e+01   6.4073695374704053e-11   4.4358409112771468e-14
 -1.2949999999999999e+01   6.3769603628716189e-11   4.4601692511053900e-14
 -1.2900000000000000e+01   6.3464119034732034e-11   4.4845172694323150e-14
 -1.2850000000000000e+01   6.3157256902564255e-11   4.5089139205924949e-14
 -1.2799999999999999e+01   6.2849032924669772e-11   4.5333902400856115e-14
 -1.2750000000000000e+01   6.2539463174748320e-11   4.5579794244748229e-14
 -1.2699999999999999e+01   6.2228564106117178e-11   4.5827169132713336e-14
 -1.2650000000000000e+01   6.1916352549858701e-11   4.6076404728319347e-14
 -1.2600000000000000e+01   6.1602845712737945e-11   4.6327902822976838e-14
 -1.2549999999999999e+01   6.1288061174887502e-11   4.6582090216007519e-14
 -1.2500000000000000e+01   6.0972016887256619e-11   4.6839419615671324e-14
 -1.2449999999999999e+01   6.0654731168822137e-11   4.7100370561420479e-14
 -1.2400000000000000e+01   6.0336222703558378e-11   4.7365450367653550e-14
 -1.2350000000000000e+01   6.0016510537164400e-11   4.7635195089230253e-14
 -1.2299999999999999e+01   5.9695614073545662e-11   4.7910170509030096e-14
 -1.2250000000000000e+01   5.9373553071048430e-11   4.8190973147801543e-14
 -1.2199999999999999e+01   5.9050347638444743e-11   4.8478231296577220e-14
 -1.2150000000000000e+01   5.8726018230666425e-11   4.8772606071906875e-14
 -1.2100000000000000e+01   5.8400585644286231e-11   4.9074792494173452e-14
 -1.2049999999999999e+01   5.8074071012744770e-11   4.9385520589244175e-14
 -1.2000000000000000e+01   5.7746495801321835e-11   4.9705556513710515e-14
 -1.1949999999999999e+01   5.7417881801850939e-11   5.0035703703965441e-14
 -1.1900000000000000e+01   5.7088251127176142e-11   5.0376804049370194e-14
 -1.1850000000000000e+01   5.6757626205350223e-11   5.0729739089752137e-14
 -1.1799999999999999e+01   5.6426029773573293e-11   5.1095431237473108e-14
 -1.1750000000000000e+01   5.6093484871871596e-11   5.1474845024312105e-14
 -1.1699999999999999e+01   5.5760014836515913e-11   5.1868988373389156e-14
 -1.1650000000000000e+01   5.5425643293179222e-11   5.2278913896372006e-14
 -1.1600000000000000e+01   5.5090394149833857e-11   5.2705720216182154e-14
 -1.1549999999999999e+01   5.4754291589387874e-11   5.3150553315434983e-14
 -1.1500000000000000e+01   5.4417360062061099e-11   5.3614607910826079e-14
 -1.1449999999999999e+01   5.4079624277501226e-11   5.4099128853683370e-14
 -1.1400000000000000e+01   5.3741109196640271e-11   5.4605412556902547e-14
 -1.1350000000000000e+01   5.3401840023292224e-11   5.5134808448462079e-14
 -1.1299999999999999e+01   5.3061842195492692e-11   5.5688720451736285e-14
 -1.1250000000000000e+01   5.2721141376581483e-11   5.6268608492794025e-14
 -1.1199999999999999e+01   5.2379763446029322e-11   5.6875990034889736e-14
 -1.1150000000000000e+01   5.2037734490009787e-11   5.7512441640328578e-14
 -1.1100000000000000e+01   5.1695080791717935e-11   5.8179600559902440e-14
 -1.1049999999999999e+01   5.1351828821437224e-11   5.8879166350068559e-14
 -1.1000000000000000e+01   5.1008005226356106e-11   5.9612902518062393e-14
 -1.0949999999999999e+01   5.0663636820136221e-11   6.0382638195102413e-14
 -1.0900000000000000e+01   5.0318750572233999e-11   6.1190269837874081e-14
 -1.0850000000000000e+01   4.9973373596977617e-11   6.2037762958441039e-14
 -1.0799999999999999e+01   4.9627533142401377e-11   6.2927153882757130e-14
 -1.0750000000000000e+01   4.9281256578839549e-11   6.3860551537928266e-14
 -1.0699999999999999e+01   4.8934571387282126e-11   6.4840139268375098e-14
 -1.0650000000000000e+01   4.8587505147494644e-11   6.5868176681048246e-14
 -1.0600000000000000e+01   4.8240085525904467e-11   6.6947001519837575e-14
 -1.0549999999999999e+01   4.7892340263255951e-11   6.8079031569311326e-14
 -1.0500000000000000e+01   4.7544297162037054e-11   6.9266766587925732e-14
 -1.0449999999999999e+01   4.7195984073679670e-11   7.0512790270828454e-14
 -1.0400000000000000e+01   4.6847428885536641e-11   7.1819772242390205e-14
 -1.0350000000000000e+01   4.6498659507637616e-11   7.3190470078583236e-14
 -1.0299999999999999e+01   4.6149703859226578e-11   7.4627731359330527e-14
 -1.0250000000000000e+01   4.5800589855083544e-11   7.6134495750936718e-14
 -1.0199999999999999e+01   4.5451345391632949e-11   7.7713797118721921e-14
 -1.0150000000000000e+01   4.5101998332841375e-11   7.9368765669964328e-14
 -1.0100000000000000e+01   4.4752576495906915e-11   8.1102630127262521e-14
 -1.0050000000000001e+01   4.4403107636742853e-11   8.2918719932419730e-14
 -1.0000000000000000e+01   4.4053619435257916e-11   8.4820467480961574e-14
 -9.9499999999999993e+00   4.3704139480435424e-11   8.6811410387384886e-14
 -9.9000000000000004e+00   4.3354695255213408e-11   8.8895193781242698e-14
 -9.8499999999999996e+00   4.3005314121168057e-11   9.1075572634166484e-14
 -9.8000000000000007e+00   4.2656023303002278e-11   9.3356414117926319e-14
 -9.7500000000000000e+00   4.2306849872841393e-11   9.5741699993629779e-14
 -9.6999999999999993e+00   4.1957820734337503e-11   9.8235529032166375e-14
 -9.6500000000000004e+00   4.1608962606584184e-11   1.0084211946599754e-13
 -9.5999999999999996e+00   4.1260302007842798e-11   1.0356581147240222e-13
 -9.5500000000000007e+00   4.0911865239081707e-11   1.0641106968828279e-13
 -9.5000000000000000e+00   4.0563678367329110e-11   1.0938248575665300e-13
 -9.4499999999999993e+00   4.0215767208840451e-11   1.1248478090491410e-13
 -9.4000000000000004e+00   3.9868157312080843e-11   1.1572280855505337e-13
 -9.3499999999999996e+00   3.9520873940522615e-11   1.1910155696588626e-13
 -9.3000000000000007e+00   3.9173942055258088e-11   1.2262615190747940e-13
 -9.2500000000000000e+00   3.8827386297427155e-11   1.2630185936790426e-13
 -9.1999999999999993e+00   3.8481230970459021e-11   1.3013408829246948e-13
 -9.1500000000000004e+00   3.8135500022127208e-11   1.3412839335559760e-13
 -9.1000000000000014e+00   3.7790217026416396e-11   1.3829047776552485e-13
 -9.0500000000000007e+00   3.7445405165199453e-11   1.4262619610200948e-13
 -9.0000000000000000e+00   3.7101087209722656e-11   1.4714155718725585e-13
 -8.9499999999999993e+00   3.6757285501896632e-11   1.5184272699027281e-13
 -8.8999999999999986e+00   3.6414021935390262e-11   1.5673603156490283e-13
 -8.8500000000000014e+00   3.6071317936524114e-11   1.6182796002178177e-13
 -8.8000000000000007e+00   3.5729194444959828e-11   1.6712516753450623e-13
 -8.7500000000000000e+00   3.5387671894181408e-11   1.7263447838031247e-13
 -8.6999999999999993e+00   3.5046770191763525e-11   1.7836288901558886e-13
 -8.6499999999999986e+00   3.4706508699421956e-11   1.8431757118658641e-13
 -8.6000000000000014e+00   3.4366906212840529e-11   1.9050587507570218e-13
 -8.5500000000000007e+00   3.4027980941268492e-11   1.9693533248376240e-13
 -8.5000000000000000e+00   3.3689750486881494e-11   2.0361366004875330e-13
 -8.4499999999999993e+00   3.3352231823899415e-11   2.1054876250149337e-13
 -8.3999999999999986e+00   3.3015441277453106e-11   2.1774873595877916e-13
 -8.3500000000000014e+00   3.2679394502191744e-11   2.2522187125458374e-13
 -8.3000000000000007e+00   3.2344106460622368e-11   2.3297665730993206e-13
 -8.2500000000000000e+00   3.2009591401171958e-11   2.4102178454213137e-13
 -8.1999999999999993e+00   3.1675862835962430e-11   2.4936614831409062e-13
 -8.1499999999999986e+00   3.1342933518287822e-11   2.5801885242452523e-13
 -8.1000000000000014e+00   3.1010815419782984e-11   2.6698921263989819e-13
 -8.0500000000000007e+00   3.0679519707271947e-11   2.7628676026903691e-13
 -8.0000000000000000e+00   3.0349056719284099e-11   2.8592124578141772e-13
 -7.9499999999999993e+00   3.0019435942225371e-11   2.9590264247020856e-13
 -7.8999999999999986e+00   2.9690665986191370e-11   3.0624115016123678e-13
 -7.8500000000000014e+00   2.9362754560408845e-11   3.1694719896914295e-13
 -7.8000000000000007e+00   2.9035708448291190e-11   3.2803145310208299e-13
 -7.7500000000000000e+00   2.8709533482093507e-11   3.3950481471644668e-13
 -7.6999999999999993e+00   2.8384234517152257e-11   3.5137842782317269e-13
 -7.6499999999999986e+00   2.8059815405693957e-11   3.6366368224736635e-13
 -7.6000000000000014e+00   2.7736278970197368e-11   3.7637221764305408e-13
 -7.5500000000000007e+00   2.7413626976293015e-11   3.8951592756505180e-13
 -7.5000000000000000e+00   2.7091860105183923e-11   4.0310696360007388e-13
 -7.4499999999999993e+00   2.6770977925571107e-11   4.1715773955937051e-13
 -7.3999999999999986e+00   2.6450978865067374e-11   4.3168093573535695e-13
 -7.3500000000000014e+00   2.6131860181082989e-11   4.4668950322488151e-13
 -7.3000000000000007e+00   2.5813617931166951e-11   4.6219666832197814e-13
 -7.2500000000000000e+00   2.5496246942787763e-11   4.7821593698316533e-13
 -7.1999999999999993e+00   2.5179740782537932e-11   4.9476109936857729e-13
 -7.1499999999999986e+00   2.4864091724747152e-11   5.1184623446246004e-13
 -7.1000000000000014e+00   2.4549290719489538e-11   5.2948571477682963e-13
 -7.0500000000000007e+00   2.4235327359971308e-11   5.4769421114236525e-13
 -7.0000000000000000e+00   2.3922189849286384e-11   5.6648669759091740e-13
 -6.9499999999999993e+00   2.3609864966528617e-11   5.8587845633432430e-13
 -6.8999999999999986e+00   2.3298338032250845e-11   6.0588508284458737e-13
 -6.8500000000000014e+00   2.2987592873262973e-11   6.2652249104081473e-13
 -6.8000000000000007e+00   2.2677611786763330e-11   6.4780691858874247e-13
 -6.7500000000000000e+00   2.2368375503799908e-11   6.6975493231906629e-13
 -6.6999999999999993e+00   2.2059863152061308e-11   6.9238343377127123e-13
 -6.6499999999999986e+00   2.1752052218000056e-11   7.1570966487012963e-13
 -6.6000000000000014e+00   2.1444918508295117e-11   7.3975121374255680e-13
 -6.5500000000000007e+00   2.1138436110664345e-11   7.6452602068306808e-13
 -6.5000000000000000e+00   2.0832577354042713e-11   7.9005238427667669e-13
 -6.4499999999999993e+00   2.0527312768147477e-11   8.1634896768870290e-13
 -6.3999999999999986e+00   2.0222611042457514e-11   8.4343480513163628e-13
 -6.3500000000000014e+00   1.9918438984641102e-11   8.7132930851992536e-13
 -6.3000000000000007e+00   1.9614761478473884e-11   9.0005227432432368e-13
 -6.2500000000000000e+00   1.9311541441297619e-11   9.2962389063825080e-13
 -6.1999999999999993e+00   1.9008739781079649e-11   9.6006474446948756e-13
 -6.1499999999999986e+00   1.8706315353143881e-11   9.9139582927145851e-13
 -6.1000000000000014e+00   1.8404224916655852e-11   1.0236385527293267e-12
 -6.0500000000000007e+00   1.8102423090957579e-11   1.0568147448171708e-12
 -6.0000000000000000e+00   1.7800862311862610e-11   1.0909466661436040e-12
 -5.9499999999999993e+00   1.7499492788037694e-11   1.1260570166043668e-12
 -5.8999999999999986e+00   1.7198262457615419e-11   1.1621689443616190e-12
 -5.8500000000000014e+00   1.6897116945201848e-11   1.1993060551709585e-12
 -5.8000000000000007e+00   1.6595999519465076e-11   1.2374924220785130e-12
 -5.7500000000000000e+00   1.6294851051514390e-11   1.2767525955118394e-12
 -5.6999999999999993e+00   1.5993609974306401e-11   1.3171116137898128e-12
 -5.6499999999999986e+00   1.5692212243343437e-11   1.3585950140781544e-12
 -5.6000000000000014e+00   1.5390591298961649e-11   1.4012288438187733e-12
 -5.5500000000000007e+00   1.5088678030541314e-11   1.4450396726626217e-12
 -5.5000000000000000e+00   1.4786400743010737e-11   1.4900546049373061e-12
 -5.4499999999999993e+00   1.4483685126057486e-11   1.5363012926822067e-12
 -5.3999999999999986e+00   1.4180454226507354e-11   1.5838079492853452e-12
 -5.3500000000000014e+00   1.3876628424382768e-11   1.6326033637576272e-12
 -5.3000000000000007e+00   1.3572125413208459e-11   1.6827169156813635e-12
 -5.2500000000000000e+00   1.3266860185193816e-11   1.7341785908710831e-12
 -5.1999999999999993e+00   1.2960745021988981e-11   1.7870189977855083e-12
 -5.1499999999999986e+00   1.2653689491785790e-11   1.8412693847301186e-12
 -5.1000000000000014e+00   1.2345600453615892e-11   1.8969616578898569e-12
 -5.0500000000000007e+00   1.2036382069787425e-11   1.9541284002311580e-12
 -5.0000000000000000e+00   1.1725935827499174e-11   2.0128028913113968e-12
 -4.9499999999999993e+00   1.1414160570778157e-11   2.0730191280319460e-12
 -4.8999999999999986e+00   1.1100952544003774e-11   2.1348118463680867e-12
 -4.8500000000000014e+00   1.0786205448410302e-11   2.1982165441047293e-12
 -4.8000000000000007e+00   1.0469810513100398e-11   2.2632695046010391e-12
 -4.7500000000000000e+00   1.0151656582256908e-11   2.3300078215992186e-12
 -4.6999999999999993e+00   9.8316302204098729e-12   2.3984694250824350e-12
 -4.6499999999999986e+00   9.5096158378017089e-12   2.4686931081737087e-12
 -4.6000000000000014e+00   9.1854958380977955e-12   2.5407185550508166e-12
 -4.5500000000000007e+00   8.8591507909140009e-12   2.6145863698312109e-12
 -4.5000000000000000e+00   8.5304596318790422e-12   2.6903381063546738e-12
 -4.4499999999999993e+00   8.1992998932203190e-12   2.7680162987588591e-12
 -4.3999999999999986e+00   7.8655479681594609e-12   2.8476644927027215e-12
 -4.3500000000000014e+00   7.5290794127311276e-12   2.9293272770435716e-12
 -4.3000000000000007e+00   7.1897692889988751e-12   3.0130503157132810e-12
 -4.2500000000000000e+00   6.8474925540381788e-12   3.0988803794658225e-12
 -4.1999999999999993e+00   6.5021244994932795e-12   3.1868653770792634e-12
 -4.1499999999999986e+00   6.1535412469953294e-12   3.2770543854874128e-12
 -4.1000000000000014e+00   5.8016203052590506e-12   3.3694976781859140e-12
 -4.0500000000000007e+00   5.4462411952589015e-12   3.4642467511002331e-12
 -4.0000000000000000e+00   5.0872861505290887e-12   3.5613543449136216e-12
 -3.9499999999999993e+00   4.7246409003407746e-12   3.6608744626254177e-12
 -3.8999999999999986e+00   4.3581955442909291e-12   3.7628623808368487e-12
 -3.8500000000000014e+00   3.9878455276974393e-12   3.8673746529339993e-12
 -3.8000000000000007e+00   3.6134927281417476e-12   3.9744691019457817e-12
 -3.7500000000000000e+00   3.2350466645407569e-12   4.0842048003864188e-12
 -3.6999999999999993e+00   2.8524258412721296e-12   4.1966420338330427e-12
 -3.6500000000000021e+00   2.4655592411285354e-12   4.3118422443228951e-12
 -3.6000000000000014e+00   2.0743879822441163e-12   4.4298679488619796e-12
 -3.5500000000000007e+00   1.6788671556263960e-12   4.5507826273950433e-12
 -3.5000000000000000e+00   1.2789678615430735e-12   4.6746505734694828e-12
 -3.4499999999999993e+00   8.7467946475720126e-13   4.8015366995027149e-12
 -3.4000000000000021e+00   4.6601209047329389e-13   4.9315062869991382e-12
 -3.3500000000000014e+00   5.2999384842457811e-14   5.0646246702195954e-12
 -3.3000000000000007e+00  -3.6429843404029258e-13   5.2009568396386939e-12
 -3.2500000000000000e+00  -7.8579120655689968e-13   5.3405669489841854e-12
 -3.1999999999999993e+00  -1.2113551131315367e-12   5.4835177066836734e-12
 -3.1500000000000021e+00  -1.6408285745188333e-12   5.6298696290892909e-12
 -3.1000000000000014e+00  -2.0740077363738759e-12   5.7796801288505309e-12
 -3.0500000000000007e+00  -2.5106415018982203e-12   5.9330024071991536e-12
 -3.0000000000000000e+00  -2.9504260750199906e-12   6.0898841136426174e-12
 -2.9499999999999993e+00  -3.3929989758911502e-12   6.2503657305887357e-12
 -2.9000000000000021e+00  -3.8379324907793775e-12   6.4144786337186864e-12
 -2.8500000000000014e+00  -4.2847265200983434e-12   6.5822427714944074e-12
 -2.8000000000000007e+00  -4.7328007918788093e-12   6.7536638990851790e-12
 -2.7500000000000000e+00  -5.1814864140978802e-12   6.9287302933552342e-12
 -2.6999999999999993e+00  -5.6300167487912613e-12   7.1074088666011736e-12
 -2.6500000000000021e+00  -6.0775176048133591e-12   7.2896405878412536e-12
 -2.6000000000000014e+00  -6.5229967657551937e-12   7.4753351122101228e-12
 -2.5500000000000007e+00  -6.9653328964100032e-12   7.6643645122337493e-12
 -2.5000000000000000e+00  -7.4032639070906830e-12   7.8565560006174078e-12
 -2.4499999999999993e+00  -7.8353749021109661e-12   8.0516835342662540e-12
 -2.4000000000000021e+00  -8.2600858991164857e-12   8.2494581956832478e-12
 -2.3500000000000014e+00  -8.6756395820760682e-12   8.4495172633768270e-12
 -2.3000000000000007e+00  -9.0800894449236144e-12   8.6514119108742937e-12
 -2.2500000000000000e+00  -9.4712887970074300e-12   8.8545935185147927e-12
 -2.1999999999999993e+00  -9.8468812367530479e-12   9.0583986482060620e-12
 -2.1500000000000021e+00  -1.0204293355891456e-11   9.2620328240906202e-12
 -2.1000000000000014e+00  -1.0540730610514582e-11   9.4645533870147415e-12
 -2.0500000000000007e+00  -1.0853177480906488e-11   9.6648518527080357e-12
 -2.0000000000000000e+00  -1.1138403228618807e-11   9.8616364059325700e-12
 -1.9499999999999993e+00  -1.1392974729517918e-11   1.0053415405696829e-11
 -1.9000000000000021e+00  -1.1613277991006002e-11   1.0238483054972709e-11
 -1.8500000000000014e+00  -1.1795550017563355e-11   1.0414908689670260e-11
 -1.8000000000000007e+00  -1.1935922630428537e-11   1.0580531443208470e-11
 -1.7500000000000000e+00  -1.2030479627798844e-11   1.0732962309660680e-11
 -1.6999999999999993e+00  -1.2075328242880776e-11   1.0869595811176719e-11
 -1.6500000000000021e+00  -1.2066685175766556e-11   1.0987633512354994e-11
 -1.6000000000000014e+00  -1.2000976515514666e-11   1.1084121445106674e-11
 -1.5500000000000007e+00  -1.1874949635470662e-11   1.1156003042427693e-11
 -1.5000000000000000e+00  -1.1685793687383936e-11   1.1200188373110427e-11
 -1.4499999999999993e+00  -1.1431263745172140e-11   1.1213639299803202e-11
 -1.4000000000000021e+00  -1.1109802126428057e-11   1.1193468681713227e-11
 -1.3500000000000014e+00  -1.0720649172694871e-11   1.1137050013412875e-11
 -1.3000000000000007e+00  -1.0263935051941329e-11   1.1042132113749168e-11
 -1.2500000000000000e+00  -9.7407442002308981e-12   1.0906951903500597e-11
 -1.1999999999999993e+00  -9.1531450189639475e-12   1.0730337224196447e-11
 -1.1500000000000021e+00  -8.5041794405669085e-12   1.0511791325661881e-11
 -1.1000000000000014e+00  -7.7978098554410040e-12   1.0251551279648576e-11
 -1.0500000000000007e+00  -7.0388243675282179e-12   9.9506142151989342e-12
 -1.0000000000000000e+00  -6.2327049829158882e-12   9.6107277952462687e-12
 -9.4999999999999929e-01  -5.3854666327039326e-12   9.2343444655689743e-12
 -9.0000000000000213e-01  -4.5034774136841884e-12   8.8245422807681186e-12
 -8.5000000000000142e-01  -3.5932717499619031e-12   8.3849180767200226e-12
 -8.0000000000000071e-01  -2.6613681883212669e-12   7.9194609970828967e-12
 -7.5000000000000000e-01  -1.7141023087119022e-12   7.4324156128280517e-12
 -6.9999999999999929e-01  -7.5748303523505474e-13   6.9281440046959458e-12
 -6.5000000000000213e-01   2.0292215798158431e-13   6.4109953038595946e-12
 -6.0000000000000142e-01   1.1620705669250825e-12   5.8851895473460803e-12
 -5.5000000000000071e-01   2.1154962761101070e-12   5.3547206254137357e-12
 -5.0000000000000000e-01   3.0593331754117460e-12   4.8232809057293435e-12
 -4.4999999999999929e-01   3.9903129942383077e-12   4.2942080986296895e-12
 -4.0000000000000213e-01   4.9057429559279226e-12   3.7704532616567086e-12
 -3.5000000000000142e-01   5.8034685026615595e-12   3.2545676488664566e-12
 -3.0000000000000071e-01   6.6818252917600485e-12   2.7487053638711287e-12
 -2.5000000000000000e-01   7.5395860482533265e-12   2.2546385017796029e-12
 -1.9999999999999929e-01   8.3759036919659728e-12   1.7737814392183934e-12
 -1.5000000000000213e-01   9.1902575059286775e-12   1.3072213033904987e-12
 -1.0000000000000142e-01   9.9823975979087794e-12   8.5575182084570318e-13
 -5.0000000000000711e-02   1.0752301197680625e-11   4.1990821649379355e-13
  0.0000000000000000e+00   1.1500122524898529e-11   0.0000000000000000e+00
