# Columns: x, u, lamda
# time_step 1000
# time   1.0000000000000000e+01
 -2.5149999999999999e+01   1.0022699182160494e-10   7.3579936693453681e-15
 -2.5099999999999998e+01   1.0022699182160494e-10   7.3579936693453681e-15
 -2.5049999999999997e+01   1.0022699182160494e-10   7.3579936693453681e-15
 -2.5000000000000000e+01   1.0022699182160494e-10   7.3579936693453681e-15
 -2.4949999999999999e+01   1.0022793362539139e-10   7.3210494754837660e-15
 -2.4899999999999999e+01   1.0023058825799553e-10   7.3030194656207809e-15
 -2.4849999999999998e+01   1.0023527728568637e-10   7.2744090516914708e-15
 -2.4799999999999997e+01   1.0024171275547909e-10   7.2529024493336905e-15
 -2.4750000000000000e+01   1.0024929830059198e-10   7.2282015933611090e-15
 -2.4699999999999999e+01   1.0025734864794810e-10   7.2064074429690641e-15
 -2.4649999999999999e+01   1.0026528958645114e-10   7.1839985318159738e-15
 -2.4599999999999998e+01   1.0027270669229693e-10   7.1630997077106642e-15
 -2.4549999999999997e+01   1.0027935262575071e-10   7.1425270368481673e-15
 -2.4500000000000000e+01   1.0028511089322928e-10   7.1230346679559826e-15
 -2.4449999999999999e+01   1.0028995807474935e-10   7.1042235214938993e-15
 -2.4399999999999999e+01   1.0029394940687247e-10   7.0863423872049517e-15
 -2.4349999999999998e+01   1.0029727031852126e-10   7.0693071951978946e-15
 -2.4299999999999997e+01   1.0030021841840689e-10   7.0532366045390654e-15
 -2.4250000000000000e+01   1.0030310023859275e-10   7.0381334168353551e-15
 -2.4199999999999999e+01   1.0030611761463442e-10   7.0240715226237619e-15
 -2.4149999999999999e+01   1.0030932423920397e-10   7.0110862219796346e-15
 -2.4099999999999998e+01   1.0031266624166634e-10   6.9992387791947954e-15
 -2.4049999999999997e+01   1.0031606048425532e-10   6.9885787076843563e-15
 -2.4000000000000000e+01   1.0031945368807618e-10   6.9791660759843675e-15
 -2.3949999999999999e+01   1.0032283747462533e-10   6.9710586105968060e-15
 -2.3899999999999999e+01   1.0032623064564714e-10   6.9643194548814480e-15
 -2.3849999999999998e+01   1.0032965462792235e-10   6.9590128321134133e-15
 -2.3799999999999997e+01   1.0033311996137356e-10   6.9552068139553969e-15
 -2.3750000000000000e+01   1.0033662628370609e-10   6.9529719421720294e-15
 -2.3699999999999999e+01   1.0034016874974037e-10   6.9523822963700518e-15
 -2.3649999999999999e+01   1.0034374354283372e-10   6.9535151471391655e-15
 -2.3599999999999998e+01   1.0034734962920938e-10   6.9564514568046418e-15
 -2.3549999999999997e+01   1.0035098781524071e-10   6.9612759053876369e-15
 -2.3500000000000000e+01   1.0035465925450246e-10   6.9680772178014722e-15
 -2.3449999999999999e+01   1.0035836465172732e-10   6.9769483402736482e-15
 -2.3399999999999999e+01   1.0036210422712859e-10   6.9879867325881942e-15
 -2.3349999999999998e+01   1.0036587798467229e-10   7.0012946225623368e-15
 -2.3299999999999997e+01   1.0036968592400230e-10   7.0169793151749417e-15
 -2.3250000000000000e+01   1.0037352810746329e-10   7.0351535051774678e-15
 -2.3199999999999999e+01   1.0037740464484253e-10   7.0559356262319949e-15
 -2.3149999999999999e+01   1.0038131566368708e-10   7.0794502206597238e-15
 -2.3099999999999998e+01   1.0038526128883434e-10   7.1058283427950486e-15
 -2.3049999999999997e+01   1.0038924162987395e-10   7.1352079923373757e-15
 -2.3000000000000000e+01   1.0039325677444566e-10   7.1677345841248261e-15
 -2.2949999999999999e+01   1.0039730678835063e-10   7.2035614552130985e-15
 -2.2899999999999999e+01   1.0040139172089577e-10   7.2428504137166082e-15
 -2.2849999999999998e+01   1.0040551161030398e-10   7.2857723320996358e-15
 -2.2799999999999997e+01   1.0040966648490587e-10   7.3325077889817810e-15
 -2.2750000000000000e+01   1.0041385636007614e-10   7.3832477630049730e-15
 -2.2699999999999999e+01   1.0041808123395684e-10   7.4381943828746149e-15
 -2.2649999999999999e+01   1.0042234108467528e-10   7.4975617375188857e-15
 -2.2599999999999998e+01   1.0042663586946801e-10   7.5615767504198269e-15
 -2.2549999999999997e+01   1.0043096552444714e-10   7.6304801219833936e-15
 -2.2500000000000000e+01   1.0043532996375396e-10   7.7045273437192522e-15
 -2.2449999999999999e+01   1.0043972907780573e-10   7.7839897877685055e-15
 -2.2399999999999999e+01   1.0044416273108114e-10   7.8691558749694760e-15
 -2.2349999999999998e+01   1.0044863075993322e-10   7.9603323237238022e-15
 -2.2299999999999997e+01   1.0045313297056326e-10   8.0578454802158519e-15
 -2.2250000000000000e+01   1.0045766913700378e-10   8.1620427280824053e-15
 -2.2199999999999999e+01   1.0046223899893171e-10   8.2732939733046291e-15
 -2.2149999999999999e+01   1.0046684225926092e-10   8.3919931990475439e-15
 -2.2099999999999998e+01   1.0047147858156766e-10   8.5185600854116885e-15
 -2.2049999999999997e+01   1.0047614758741274e-10   8.6534416880203111e-15
 -2.2000000000000000e+01   1.0048084885358785e-10   8.7971141621083632e-15
 -2.1949999999999999e+01   1.0048558190929484e-10   8.9500845022148339e-15
 -2.1899999999999999e+01   1.0049034623328880e-10   9.1128922469780112e-15
 -2.1849999999999998e+01   1.0049514125104294e-10   9.2861110903874636e-15
 -2.1799999999999997e+01   1.0049996633197699e-10   9.4703503636383398e-15
 -2.1750000000000000e+01   1.0050482078673911e-10   9.6662564036301565e-15
 -2.1699999999999999e+01   1.0050970386448950e-10   9.8745138617060629e-15
 -2.1649999999999999e+01   1.0051461475018022e-10   1.0095846955316638e-14
 -2.1599999999999998e+01   1.0051955256200850e-10   1.0331020483298486e-14
 -2.1549999999999997e+01   1.0052451634946276e-10   1.0580840192899314e-14
 -2.1500000000000000e+01   1.0052950509243816e-10   1.0846152041392861e-14
 -2.1449999999999999e+01   1.0053451770149423e-10   1.1127840306673506e-14
 -2.1399999999999999e+01   1.0053955301844851e-10   1.1426825373228011e-14
 -2.1349999999999998e+01   1.0054460981568656e-10   1.1744062806817544e-14
 -2.1299999999999997e+01   1.0054968679284016e-10   1.2080545022232406e-14
 -2.1250000000000000e+01   1.0055478257163898e-10   1.2437304681896030e-14
 -2.1199999999999999e+01   1.0055989569319781e-10   1.2815415552740218e-14
 -2.1149999999999999e+01   1.0056502462414253e-10   1.3215984531303335e-14
 -2.1099999999999998e+01   1.0057016777507278e-10   1.3640131581871971e-14
 -2.1049999999999997e+01   1.0057532352513172e-10   1.4088964061973391e-14
 -2.1000000000000000e+01   1.0058049023375733e-10   1.4563564348571572e-14
 -2.0949999999999999e+01   1.0058566621551312e-10   1.5065014356143537e-14
 -2.0899999999999999e+01   1.0059084966838982e-10   1.5594465587449492e-14
 -2.0849999999999998e+01   1.0059603858316473e-10   1.6153226245004264e-14
 -2.0799999999999997e+01   1.0060123070472203e-10   1.6742794640944000e-14
 -2.0750000000000000e+01   1.0060642362966233e-10   1.7364756526774936e-14
 -2.0699999999999999e+01   1.0061161507121332e-10   1.8020518850880834e-14
 -2.0649999999999999e+01   1.0061680319758202e-10   1.8710977016700625e-14
 -2.0599999999999998e+01   1.0062198680798271e-10   1.9436351197292327e-14
 -2.0549999999999997e+01   1.0062716505944463e-10   2.0196472350187046e-14
 -2.0500000000000000e+01   1.0063233660333725e-10   2.0991647140556261e-14
 -2.0449999999999999e+01   1.0063749835106748e-10   2.1823870124440829e-14
 -2.0399999999999999e+01   1.0064264452717666e-10   2.2697721628910793e-14
 -2.0349999999999998e+01   1.0064776691353044e-10   2.3620061908102235e-14
 -2.0299999999999997e+01   1.0065285696475912e-10   2.4597875140721402e-14
 -2.0250000000000000e+01   1.0065790969813719e-10   2.5634403292311698e-14
 -2.0199999999999999e+01   1.0066292817990845e-10   2.6724779638993445e-14
 -2.0149999999999999e+01   1.0066792659199895e-10   2.7853175012571110e-14
 -2.0099999999999998e+01   1.0067292985988685e-10   2.8993425609861304e-14
 -2.0049999999999997e+01   1.0067796892244743e-10   3.0113973164253704e-14
 -2.0000000000000000e+01   1.0068307260849436e-10   3.1186058991112321e-14
 -1.9949999999999999e+01   1.0068825889223990e-10   3.2192344164410446e-14
 -1.9899999999999999e+01   1.0069352903328116e-10   3.3132466103660391e-14
 -1.9849999999999998e+01   1.0069886720369321e-10   3.4023019246968818e-14
 -1.9799999999999997e+01   1.0070424594120323e-10   3.4891752315187983e-14
 -1.9750000000000000e+01   1.0070963520361480e-10   3.5768323826821896e-14
 -1.9699999999999999e+01   1.0071501124300440e-10   3.6675448102776384e-14
 -1.9649999999999999e+01   1.0072036178755464e-10   3.7623908163671458e-14
 -1.9599999999999998e+01   1.0072568595514967e-10   3.8612910388368990e-14
 -1.9549999999999997e+01   1.0073098986525821e-10   3.9634699223872967e-14
 -1.9500000000000000e+01   1.0073628071595158e-10   4.0680589051058824e-14
 -1.9449999999999999e+01   1.0074156229401634e-10   4.1745436389857167e-14
 -1.9399999999999999e+01   1.0074683358156664e-10   4.2828938426983259e-14
 -1.9349999999999998e+01   1.0075209022338993e-10   4.3934064908592531e-14
 -1.9299999999999997e+01   1.0075732724234098e-10   4.5064288972459841e-14
 -1.9250000000000000e+01   1.0076254118315876e-10   4.6221449106224730e-14
 -1.9199999999999999e+01   1.0076773069556290e-10   4.7405208301227308e-14
 -1.9149999999999999e+01   1.0077289572976787e-10   4.8613901471565410e-14
 -1.9099999999999998e+01   1.0077803626075233e-10   4.9845830180394266e-14
 -1.9049999999999997e+01   1.0078315145124177e-10   5.1100092055578867e-14
 -1.9000000000000000e+01   1.0078823961182024e-10   5.2376600504719890e-14
 -1.8949999999999999e+01   1.0079329871027401e-10   5.3675559544017232e-14
 -1.8899999999999999e+01   1.0079832691747324e-10   5.4996914836827926e-14
 -1.8849999999999998e+01   1.0080332282327854e-10   5.6340144825818460e-14
 -1.8799999999999997e+01   1.0080828529469183e-10   5.7704411438576539e-14
 -1.8750000000000000e+01   1.0081321319617680e-10   5.9088843826086801e-14
 -1.8699999999999999e+01   1.0081810521003534e-10   6.0492716165869939e-14
 -1.8649999999999999e+01   1.0082295984343199e-10   6.1915436218362357e-14
 -1.8599999999999998e+01   1.0082777554790767e-10   6.3356422661821667e-14
 -1.8549999999999997e+01   1.0083255082368235e-10   6.4815000443099699e-14
 -1.8500000000000000e+01   1.0083728423764231e-10   6.6290384190612796e-14
 -1.8449999999999999e+01   1.0084197437265049e-10   6.7781730091350554e-14
 -1.8399999999999999e+01   1.0084661977047036e-10   6.9288192842978036e-14
 -1.8349999999999998e+01   1.0085121891291316e-10   7.0808943339812258e-14
 -1.8299999999999997e+01   1.0085577024067152e-10   7.2343148569944594e-14
 -1.8250000000000000e+01   1.0086027218076043e-10   7.3889943460082365e-14
 -1.8199999999999999e+01   1.0086472315777609e-10   7.5448419435155363e-14
 -1.8149999999999999e+01   1.0086912158631719e-10   7.7017631919667852e-14
 -1.8099999999999998e+01   1.0087346585802557e-10   7.8596612982534176e-14
 -1.8049999999999997e+01   1.0087775433608594e-10   8.0184376271999745e-14
 -1.8000000000000000e+01   1.0088198535923655e-10   8.1779912393710958e-14
 -1.7949999999999999e+01   1.0088615724888642e-10   8.3382181313750996e-14
 -1.7899999999999999e+01   1.0089026831291627e-10   8.4990108227310035e-14
 -1.7849999999999998e+01   1.0089431684506088e-10   8.6602583902308923e-14
 -1.7799999999999997e+01   1.0089830112298567e-10   8.8218466303419305e-14
 -1.7750000000000000e+01   1.0090221940812760e-10   8.9836580421888210e-14
 -1.7699999999999999e+01   1.0090606994770896e-10   9.1455715950434213e-14
 -1.7649999999999999e+01   1.0090985097733662e-10   9.3074624430851758e-14
 -1.7600000000000001e+01   1.0091356072274981e-10   9.4692017313479296e-14
 -1.7549999999999997e+01   1.0091719740062306e-10   9.6306564999940970e-14
 -1.7500000000000000e+01   1.0092075921922307e-10   9.7916896053065541e-14
 -1.7449999999999999e+01   1.0092424437954501e-10   9.9521595950614939e-14
 -1.7399999999999999e+01   1.0092765107688772e-10   1.0111920543565659e-13
 -1.7350000000000001e+01   1.0093097750246322e-10   1.0270821887655829e-13
 -1.7299999999999997e+01   1.0093422184478115e-10   1.0428708289477964e-13
 -1.7250000000000000e+01   1.0093738229086583e-10   1.0585419519716003e-13
 -1.7199999999999999e+01   1.0094045702749592e-10   1.0740790342033544e-13
 -1.7149999999999999e+01   1.0094344424256237e-10   1.0894650389394472e-13
 -1.7100000000000001e+01   1.0094634212649965e-10   1.1046824037042964e-13
 -1.7049999999999997e+01   1.0094914887370341e-10   1.1197130280955521e-13
 -1.7000000000000000e+01   1.0095186268389641e-10   1.1345382625523778e-13
 -1.6949999999999999e+01   1.0095448176346399e-10   1.1491388978363015e-13
 -1.6899999999999999e+01   1.0095700432679685e-10   1.1634951548413178e-13
 -1.6850000000000001e+01   1.0095942859766056e-10   1.1775866745411707e-13
 -1.6799999999999997e+01   1.0096175281058229e-10   1.1913925081808693e-13
 -1.6750000000000000e+01   1.0096397521222698e-10   1.2048911079983389e-13
 -1.6699999999999999e+01   1.0096609406274234e-10   1.2180603186843625e-13
 -1.6649999999999999e+01   1.0096810763707959e-10   1.2308773695105524e-13
 -1.6600000000000001e+01   1.0097001422631719e-10   1.2433188668608504e-13
 -1.6549999999999997e+01   1.0097181213899979e-10   1.2553607870404417e-13
 -1.6500000000000000e+01   1.0097349970247215e-10   1.2669784695740734e-13
 -1.6449999999999999e+01   1.0097507526417519e-10   1.2781466113192261e-13
 -1.6399999999999999e+01   1.0097653719290070e-10   1.2888392614275875e-13
 -1.6350000000000001e+01   1.0097788388003551e-10   1.2990298168499745e-13
 -1.6299999999999997e+01   1.0097911374081791e-10   1.3086910181655851e-13
 -1.6250000000000000e+01   1.0098022521558502e-10   1.3177949459505479e-13
 -1.6199999999999999e+01   1.0098121677097010e-10   1.3263130181015793e-13
 -1.6149999999999999e+01   1.0098208690104155e-10   1.3342159881857039e-13
 -1.6100000000000001e+01   1.0098283412842172e-10   1.3414739444347803e-13
 -1.6049999999999997e+01   1.0098345700541609e-10   1.3480563090859416e-13
 -1.6000000000000000e+01   1.0098395411512736e-10   1.3539318383246735e-13
 -1.5949999999999999e+01   1.0098432407250146e-10   1.3590686233629004e-13
 -1.5899999999999999e+01   1.0098456552529535e-10   1.3634340927495790e-13
 -1.5850000000000000e+01   1.0098467715501498e-10   1.3669950154213394e-13
 -1.5799999999999999e+01   1.0098465767786322e-10   1.3697175040967879e-13
 -1.5750000000000000e+01   1.0098450584566659e-10   1.3715670193364735e-13
 -1.5699999999999999e+01   1.0098422044671257e-10   1.3725083749558437e-13
 -1.5649999999999999e+01   1.0098380030648306e-10   1.3725057449205211e-13
 -1.5600000000000000e+01   1.0098324428834703e-10   1.3715226710840658e-13
 -1.5549999999999999e+01   1.0098255129426428e-10   1.3695220712452744e-13
 -1.5500000000000000e+01   1.0098172026546108e-10   1.3664662479341714e-13
 -1.5449999999999999e+01   1.0098075018298892e-10   1.3623168988174157e-13
 -1.5399999999999999e+01   1.0097964006814727e-10   1.3570351288949655e-13
 -1.5350000000000000e+01   1.0097838898285099e-10   1.3505814636561966e-13
 -1.5299999999999999e+01   1.0097699603001249e-10   1.3429158625068276e-13
 -1.5250000000000000e+01   1.0097546035388791e-10   1.3339977329878916e-13
 -1.5199999999999999e+01   1.0097378114027252e-10   1.3237859469426232e-13
 -1.5149999999999999e+01   1.0097195761651858e-10   1.3122388588597359e-13
 -1.5100000000000000e+01   1.0096998905148187e-10   1.2993143253117592e-13
 -1.5049999999999999e+01   1.0096787475548753e-10   1.2849697245814923e-13
 -1.5000000000000000e+01   1.0096561408025078e-10   1.2691619771408128e-13
 -1.4949999999999999e+01   1.0096320641860286e-10   1.2518475684820632e-13
 -1.4899999999999999e+01   1.0096065120398832e-10   1.2329825746056955e-13
 -1.4850000000000000e+01   1.0095794790987117e-10   1.2125226887577632e-13
 -1.4799999999999999e+01   1.0095509604916897e-10   1.1904232482228271e-13
 -1.4750000000000000e+01   1.0095209517363273e-10   1.1666392620179639e-13
 -1.4699999999999999e+01   1.0094894487297784e-10   1.1411254414352132e-13
 -1.4649999999999999e+01   1.0094564477372112e-10   1.1138362338357079e-13
 -1.4600000000000000e+01   1.0094219453790224e-10   1.0847258578659352e-13
 -1.4549999999999999e+01   1.0093859386184675e-10   1.0537483385225637e-13
 -1.4500000000000000e+01   1.0093484247486684e-10   1.0208575431420333e-13
 -1.4449999999999999e+01   1.0093094013764665e-10   9.8600722084299204e-14
 -1.4400000000000000e+01   1.0092688664025318e-10   9.4915104595700940e-14
 -1.4350000000000000e+01   1.0092268180000321e-10   9.1024266306739439e-14
 -1.4299999999999999e+01   1.0091832545939415e-10   8.6923573158315212e-14
 -1.4250000000000000e+01   1.0091381748396583e-10   8.2608397121722543e-14
 -1.4199999999999999e+01   1.0090915775976450e-10   7.8074121165206367e-14
 -1.4150000000000000e+01   1.0090434619033105e-10   7.3316144710435254e-14
 -1.4100000000000000e+01   1.0089938269351431e-10   6.8329889269260225e-14
 -1.4049999999999999e+01   1.0089426719838195e-10   6.3110803987704147e-14
 -1.4000000000000000e+01   1.0088899964206016e-10   5.7654371271420735e-14
 -1.3949999999999999e+01   1.0088357996607643e-10   5.1956112919155376e-14
 -1.3900000000000000e+01   1.0087800811210058e-10   4.6011596858978612e-14
 -1.3850000000000000e+01   1.0087228401747538e-10   3.9816444084582869e-14
 -1.3799999999999999e+01   1.0086640761089475e-10   3.3366335432116242e-14
 -1.3750000000000000e+01   1.0086037880801568e-10   2.6657018419314177e-14
 -1.3699999999999999e+01   1.0085419750645071e-10   1.9684314701419802e-14
 -1.3650000000000000e+01   1.0084786358000256e-10   1.2444128270283242e-14
 -1.3600000000000000e+01   1.0084137687264899e-10   4.9324538730067426e-15
 -1.3549999999999999e+01   1.0083473719274960e-10  -2.8546148230939294e-15
 -1.3500000000000000e+01   1.0082794430720261e-10  -1.0920877036857460e-14
 -1.3449999999999999e+01   1.0082099793483257e-10  -1.9270015929687373e-14
 -1.3400000000000000e+01   1.0081389773882483e-10  -2.7905588743177497e-14
 -1.3350000000000000e+01   1.0080664331886691e-10  -3.6831016698617060e-14
 -1.3299999999999999e+01   1.0079923420361688e-10  -4.6049575281131117e-14
 -1.3250000000000000e+01   1.0079166984315344e-10  -5.5564384548748639e-14
 -1.3199999999999999e+01   1.0078394960047390e-10  -6.5378398527630279e-14
 -1.3150000000000000e+01   1.0077607274179407e-10  -7.5494393467542889e-14
 -1.3100000000000000e+01   1.0076803842650833e-10  -8.5914955842205416e-14
 -1.3049999999999999e+01   1.0075984569762550e-10  -9.6642470913821259e-14
 -1.3000000000000000e+01   1.0075149347224074e-10  -1.0767911140343463e-13
 -1.2949999999999999e+01   1.0074298053082906e-10  -1.1902682504451322e-13
 -1.2900000000000000e+01   1.0073430550503296e-10  -1.3068732071706328e-13
 -1.2850000000000000e+01   1.0072546686505864e-10  -1.4266205431181411e-13
 -1.2799999999999999e+01   1.0071646290775355e-10  -1.5495221540221483e-13
 -1.2750000000000000e+01   1.0070729174480662e-10  -1.6755871414004009e-13
 -1.2699999999999999e+01   1.0069795128949016e-10  -1.8048216678143120e-13
 -1.2650000000000000e+01   1.0068843924150665e-10  -1.9372287943737480e-13
 -1.2600000000000000e+01   1.0067875307138795e-10  -2.0728083154220610e-13
 -1.2549999999999999e+01   1.0066889000585713e-10  -2.2115566045782868e-13
 -1.2500000000000000e+01   1.0065884701344296e-10  -2.3534664646887197e-13
 -1.2449999999999999e+01   1.0064862078828944e-10  -2.4985269609162026e-13
 -1.2400000000000000e+01   1.0063820773157574e-10  -2.6467232315162009e-13
 -1.2350000000000000e+01   1.0062760393242632e-10  -2.7980362957052832e-13
 -1.2299999999999999e+01   1.0061680515016516e-10  -2.9524428772712309e-13
 -1.2250000000000000e+01   1.0060580679701189e-10  -3.1099152344298178e-13
 -1.2199999999999999e+01   1.0059460391853923e-10  -3.2704209688313714e-13
 -1.2150000000000000e+01   1.0058319117111102e-10  -3.4339228063936644e-13
 -1.2100000000000000e+01   1.0057156279874115e-10  -3.6003783751739686e-13
 -1.2049999999999999e+01   1.0055971261181093e-10  -3.7697400048167089e-13
 -1.2000000000000000e+01   1.0054763396649747e-10  -3.9419545354717284e-13
 -1.1949999999999999e+01   1.0053531974141979e-10  -4.1169631008169249e-13
 -1.1900000000000000e+01   1.0052276231045795e-10  -4.2947008753395705e-13
 -1.1850000000000000e+01   1.0050995351491435e-10  -4.4750968186368163e-13
 -1.1799999999999999e+01   1.0049688463822176e-10  -4.6580734490239234e-13
 -1.1750000000000000e+01   1.0048354638173986e-10  -4.8435466310202928e-13
 -1.1699999999999999e+01   1.0046992883708578e-10  -5.0314253305299308e-13
 -1.1650000000000000e+01   1.0045602145359924e-10  -5.2216113244730952e-13
 -1.1600000000000000e+01   1.0044181300505685e-10  -5.4139989074415211e-13
 -1.1549999999999999e+01   1.0042729155984964e-10  -5.6084746378789772e-13
 -1.1500000000000000e+01   1.0041244445277179e-10  -5.8049171041242399e-13
 -1.1449999999999999e+01   1.0039725825247842e-10  -6.0031966499758201e-13
 -1.1400000000000000e+01   1.0038171872273929e-10  -6.2031750419572149e-13
 -1.1350000000000000e+01   1.0036581078282879e-10  -6.4047051336142883e-13
 -1.1299999999999999e+01   1.0034951847259550e-10  -6.6076305828100957e-13
 -1.1250000000000000e+01   1.0033282491985978e-10  -6.8117855969686233e-13
 -1.1199999999999999e+01   1.0031571230238375e-10  -7.0169946273881490e-13
 -1.1150000000000000e+01   1.0029816180190180e-10  -7.2230719886326217e-13
 -1.1100000000000000e+01   1.0028015355714671e-10  -7.4298214749295901e-13
 -1.1049999999999999e+01   1.0026166662316473e-10  -7.6370360472996760e-13
 -1.1000000000000000e+01   1.0024267893393459e-10  -7.8444975595222661e-13
 -1.0949999999999999e+01   1.0022316725816374e-10  -8.0519764197691452e-13
 -1.0900000000000000e+01   1.0020310714489180e-10  -8.2592311555931604e-13
 -1.0850000000000000e+01   1.0018247286790681e-10  -8.4660079757992278e-13
 -1.0799999999999999e+01   1.0016123737857383e-10  -8.6720404263628157e-13
 -1.0750000000000000e+01   1.0013937226328987e-10  -8.8770490998066438e-13
 -1.0699999999999999e+01   1.0011684769233510e-10  -9.0807412630228000e-13
 -1.0650000000000000e+01   1.0009363235559717e-10  -9.2828103600029404e-13
 -1.0600000000000000e+01   1.0006969339686492e-10  -9.4829355111203813e-13
 -1.0549999999999999e+01   1.0004499635933095e-10  -9.6807811370915405e-13
 -1.0500000000000000e+01   1.0001950513750473e-10  -9.8759966559982719e-13
 -1.0449999999999999e+01   9.9993181918243262e-11  -1.0068216076583118e-12
 -1.0400000000000000e+01   9.9965987104825828e-11  -1.0257057429130062e-12
 -1.0350000000000000e+01   9.9937879239265123e-11  -1.0442122192192914e-12
 -1.0299999999999999e+01   9.9908814939505466e-11  -1.0622994884226918e-12
 -1.0250000000000000e+01   9.9878748845431742e-11  -1.0799242754533674e-12
 -1.0199999999999999e+01   9.9847633551073960e-11  -1.0970415341889374e-12
 -1.0150000000000000e+01   9.9815419514847666e-11  -1.1136043821709264e-12
 -1.0100000000000000e+01   9.9782054967568944e-11  -1.1295640347722197e-12
 -1.0050000000000001e+01   9.9747485840188939e-11  -1.1448697611358837e-12
 -1.0000000000000000e+01   9.9711655703562867e-11  -1.1594688535590169e-12
 -9.9499999999999993e+00   9.9674505690661664e-11  -1.1733065799539288e-12
 -9.9000000000000004e+00   9.9635974390255664e-11  -1.1863261087069643e-12
 -9.8499999999999996e+00   9.9595997737722910e-11  -1.1984684327519915e-12
 -9.8000000000000007e+00   9.9554508931922111e-11  -1.2096723223490479e-12
 -9.7500000000000000e+00   9.9511438368424620e-11  -1.2198742960102635e-12
 -9.6999999999999993e+00   9.9466713550360694e-11  -1.2290085697328012e-12
 -9.6500000000000004e+00   9.9420258962125473e-11  -1.2370069701198077e-12
 -9.5999999999999996e+00   9.9371995939288759e-11  -1.2437988463182988e-12
 -9.5500000000000007e+00   9.9321842572897644e-11  -1.2493110197681859e-12
 -9.5000000000000000e+00   9.9269713635933152e-11  -1.2534677583926030e-12
 -9.4499999999999993e+00   9.9215520481164041e-11  -1.2561907229247619e-12
 -9.4000000000000004e+00   9.9159170890539024e-11  -1.2573988658908127e-12
 -9.3499999999999996e+00   9.9100568919475620e-11  -1.2570083287633815e-12
 -9.3000000000000007e+00   9.9039614786472998e-11  -1.2549323888897393e-12
 -9.2500000000000000e+00   9.8976204792645870e-11  -1.2510814392901083e-12
 -9.1999999999999993e+00   9.8910231204642618e-11  -1.2453629326050225e-12
 -9.1500000000000004e+00   9.8841582074203271e-11  -1.2376812628536532e-12
 -9.1000000000000014e+00   9.8770141050752593e-11  -1.2279376443396257e-12
 -9.0500000000000007e+00   9.8695787253669033e-11  -1.2160300560578338e-12
 -9.0000000000000000e+00   9.8618395184886023e-11  -1.2018532302674282e-12
 -8.9499999999999993e+00   9.8537834594546915e-11  -1.1852985948682587e-12
 -8.8999999999999986e+00   9.8453970263668445e-11  -1.1662541339418022e-12
 -8.8500000000000014e+00   9.8366661777192638e-11  -1.1446042438514423e-12
 -8.8000000000000007e+00   9.8275763375565161e-11  -1.1202296755305586e-12
 -8.7500000000000000e+00   9.8181123860612667e-11  -1.0930075360897017e-12
 -8.6999999999999993e+00   9.8082586441151375e-11  -1.0628112308207618e-12
 -8.6499999999999986e+00   9.7979988469710142e-11  -1.0295102973295796e-12
 -8.6000000000000014e+00   9.7873161165882816e-11  -9.9297023280042716e-13
 -8.5500000000000007e+00   9.7761929442984844e-11  -9.5305243468178420e-13
 -8.5000000000000000e+00   9.7646111807763392e-11  -9.0961422104107099e-13
 -8.4499999999999993e+00   9.7525520182660980e-11  -8.6250877393636390e-13
 -8.3999999999999986e+00   9.7399959585003768e-11  -8.1158494036496447e-13
 -8.3500000000000014e+00   9.7269227787490707e-11  -7.5668702267762205e-13
 -8.3000000000000007e+00   9.7133115114584962e-11  -6.9765471829833309e-13
 -8.2500000000000000e+00   9.6991404337176010e-11  -6.3432316647815378e-13
 -8.1999999999999993e+00   9.6843870467657193e-11  -5.6652289552741105e-13
 -8.1499999999999986e+00   9.6690280366740216e-11  -4.9407958170581187e-13
 -8.1000000000000014e+00   9.6530392324035851e-11  -4.1681379209331312e-13
 -8.0500000000000007e+00   9.6363955817468923e-11  -3.3454092409683361e-13
 -8.0000000000000000e+00   9.6190711404927059e-11  -2.4707128884390608e-13
 -7.9499999999999993e+00   9.6010390487813305e-11  -1.5421006581894424e-13
 -7.8999999999999986e+00   9.5822714826558548e-11  -5.5757008038018491e-14
 -7.8500000000000014e+00   9.5627396019269566e-11   4.8493876940674611e-14
 -7.8000000000000007e+00   9.5424135215827249e-11   1.5875438687482141e-13
 -7.7500000000000000e+00   9.5212623010044023e-11   2.7524199109759421e-13
 -7.6999999999999993e+00   9.4992539167047417e-11   3.9817986346460533e-13
 -7.6499999999999986e+00   9.4763552023473020e-11   5.2779724624585963e-13
 -7.6000000000000014e+00   9.4525317835828502e-11   6.6432985020735654e-13
 -7.5500000000000007e+00   9.4277480439077928e-11   8.0801991294257381e-13
 -7.5000000000000000e+00   9.4019671145245406e-11   9.5911599642868948e-13
 -7.4499999999999993e+00   9.3751508430130472e-11   1.1178730004850989e-12
 -7.3999999999999986e+00   9.3472597187936826e-11   1.2845526159972850e-12
 -7.3500000000000014e+00   9.3182527913049896e-11   1.4594238320052989e-12
 -7.3000000000000007e+00   9.2880876290941091e-11   1.6427629916806963e-12
 -7.2500000000000000e+00   9.2567203113060123e-11   1.8348534965722528e-12
 -7.1999999999999993e+00   9.2241053919432929e-11   2.0359857906124150e-12
 -7.1499999999999986e+00   9.1901958070030487e-11   2.2464579294861907e-12
 -7.1000000000000014e+00   9.1549427713805540e-11   2.4665762297564037e-12
 -7.0500000000000007e+00   9.1182957297927227e-11   2.6966553219163281e-12
 -7.0000000000000000e+00   9.0802023515081759e-11   2.9370177282969079e-12
 -6.9499999999999993e+00   9.0406084901217416e-11   3.1879938035858080e-12
 -6.8999999999999986e+00   8.9994580677316810e-11   3.4499224558977110e-12
 -6.8500000000000014e+00   8.9566929447557016e-11   3.7231519854380878e-12
 -6.8000000000000007e+00   8.9122528611703511e-11   4.0080401346593455e-12
 -6.7500000000000000e+00   8.8660754370969143e-11   4.3049534954298640e-12
 -6.6999999999999993e+00   8.8180961285793828e-11   4.6142673862816203e-12
 -6.6499999999999986e+00   8.7682480832125173e-11   4.9363667724372895e-12
 -6.6000000000000014e+00   8.7164619756349651e-11   5.2716473586361696e-12
 -6.5500000000000007e+00   8.6626659376032344e-11   5.6205156375885058e-12
 -6.5000000000000000e+00   8.6067855686410527e-11   5.9833880666086615e-12
 -6.4499999999999993e+00   8.5487438893641552e-11   6.3606908536627680e-12
 -6.3999999999999986e+00   8.4884611619911796e-11   6.7528611392923205e-12
 -6.3500000000000014e+00   8.4258546826501745e-11   7.1603484318111128e-12
 -6.3000000000000007e+00   8.3608386991497917e-11   7.5836146573475163e-12
 -6.2500000000000000e+00   8.2933244384133956e-11   8.0231330252268948e-12
 -6.1999999999999993e+00   8.2232200607616066e-11   8.4793876832996933e-12
 -6.1499999999999986e+00   8.1504304378792620e-11   8.9528752457597585e-12
 -6.1000000000000014e+00   8.0748568913046193e-11   9.4441066915138821e-12
 -6.0500000000000007e+00   7.9963970976707575e-11   9.9536074226732631e-12
 -6.0000000000000000e+00   7.9149451435911651e-11   1.0481915709438754e-11
 -5.9499999999999993e+00   7.8303914874990645e-11   1.1029582158592452e-11
 -5.8999999999999986e+00   7.7426226871705693e-11   1.1597171699498615e-11
 -5.8500000000000014e+00   7.6515210720207559e-11   1.2185266111611557e-11
 -5.8000000000000007e+00   7.5569646374900503e-11   1.2794464104135519e-11
 -5.7500000000000000e+00   7.4588271442117712e-11   1.3425379192033124e-11
 -5.6999999999999993e+00   7.3569780993145988e-11   1.4078638897595745e-11
 -5.6499999999999986e+00   7.2512824259860165e-11   1.4754887344870242e-11
 -5.6000000000000014e+00   7.1416000558001529e-11   1.5454788644966970e-11
 -5.5500000000000007e+00   7.0277858175092041e-11   1.6179027018890850e-11
 -5.5000000000000000e+00   6.9096896069193662e-11   1.6928303902200556e-11
 -5.4499999999999993e+00   6.7871564082462429e-11   1.7703336764547725e-11
 -5.3999999999999986e+00   6.6600259002593026e-11   1.8504862513462846e-11
 -5.3500000000000014e+00   6.5281319544203416e-11   1.9333642053158176e-11
 -5.3000000000000007e+00   6.3913025297361514e-11   2.0190460486700924e-11
 -5.2500000000000000e+00   6.2493599546811362e-11   2.1076123171227399e-11
 -5.1999999999999993e+00   6.1021210232413712e-11   2.1991453988296053e-11
 -5.1499999999999986e+00   5.9493965373042896e-11   2.2937299824941130e-11
 -5.1000000000000014e+00   5.7909906980013657e-11   2.3914536742094459e-11
 -5.0500000000000007e+00   5.6267010293316794e-11   2.4924070312822030e-11
 -5.0000000000000000e+00   5.4563188366536507e-11   2.5966830242482304e-11
 -4.9499999999999993e+00   5.2796294346300386e-11   2.7043767843581486e-11
 -4.8999999999999986e+00   5.0964116361030257e-11   2.8155861948533235e-11
 -4.8500000000000014e+00   4.9064370297103416e-11   2.9304127288973973e-11
 -4.8000000000000007e+00   4.7094699737690573e-11   3.0489615054168944e-11
 -4.7500000000000000e+00   4.5052683320274077e-11   3.1713405533793453e-11
 -4.6999999999999993e+00   4.2935839269596106e-11   3.2976604426711804e-11
 -4.6499999999999986e+00   4.0741620055148666e-11   3.4280350646571528e-11
 -4.6000000000000014e+00   3.8467404094397423e-11   3.5625827735342929e-11
 -4.5500000000000007e+00   3.6110497126195664e-11   3.7014264756391112e-11
 -4.5000000000000000e+00   3.3668143916034440e-11   3.8446926180758839e-11
 -4.4499999999999993e+00   3.1137536560568463e-11   3.9925106455951528e-11
 -4.3999999999999986e+00   2.8515809587097349e-11   4.1450140283810786e-11
 -4.3500000000000014e+00   2.5800030925137071e-11   4.3023418178101317e-11
 -4.3000000000000007e+00   2.2987205982915530e-11   4.4646387823245860e-11
 -4.2500000000000000e+00   2.0074296177886554e-11   4.6320540048976204e-11
 -4.1999999999999993e+00   1.7058233478136258e-11   4.8047400735109190e-11
 -4.1499999999999986e+00   1.3935917282474789e-11   4.9828544236799906e-11
 -4.1000000000000014e+00   1.0704205544565800e-11   5.1665614533393132e-11
 -4.0500000000000007e+00   7.3599237360361304e-12   5.3560327133786604e-11
 -4.0000000000000000e+00   3.8998941327262694e-12   5.5514449348585310e-11
 -3.9499999999999993e+00   3.2096061204580517e-13   5.7529787968478151e-11
 -3.8999999999999986e+00  -3.3800101580124979e-12   5.9608206483792892e-11
 -3.8500000000000014e+00  -7.2061355238950899e-12   6.1751653581618875e-11
 -3.8000000000000007e+00  -1.1160499238798214e-11   6.3962165417264675e-11
 -3.7500000000000000e+00  -1.5246105119374398e-11   6.6241837239716233e-11
 -3.6999999999999993e+00  -1.9465835401274800e-11   6.8592804048052236e-11
 -3.6500000000000021e+00  -2.3822440600897935e-11   7.1017261833373888e-11
 -3.6000000000000014e+00  -2.8318540407942064e-11   7.3517505210145063e-11
 -3.5500000000000007e+00  -3.2956590963229054e-11   7.6095929027384522e-11
 -3.5000000000000000e+00  -3.7738811269180749e-11   7.8754986165172247e-11
 -3.4499999999999993e+00  -4.2667113856783404e-11   8.1497155870772794e-11
 -3.4000000000000021e+00  -4.7743077387171050e-11   8.4324967783054848e-11
 -3.3500000000000014e+00  -5.2967934353155317e-11   8.7241049549172995e-11
 -3.3000000000000007e+00  -5.8342512213432326e-11   9.0248124413890548e-11
 -3.2500000000000000e+00  -6.3867116127691959e-11   9.3348945439425145e-11
 -3.1999999999999993e+00  -6.9541414304509354e-11   9.6546240986411064e-11
 -3.1500000000000021e+00  -7.5364379051018884e-11   9.9842736248513688e-11
 -3.1000000000000014e+00  -8.1334248426862563e-11   1.0324120817755956e-10
 -3.0500000000000007e+00  -8.7448423217918438e-11   1.0674446984173876e-10
 -3.0000000000000000e+00  -9.3703280459813641e-11   1.1035526185694042e-10
 -2.9499999999999993e+00  -1.0009398627102349e-10   1.1407615356020770e-10
 -2.9000000000000021e+00  -1.0661438306809909e-10   1.1790954710701625e-10
 -2.8500000000000014e+00  -1.1325690557290389e-10   1.2185772763090060e-10
 -2.8000000000000007e+00  -1.2001240793723341e-10   1.2592281200912578e-10
 -2.7500000000000000e+00  -1.2686987334267936e-10   1.3010655952821695e-10
 -2.6999999999999993e+00  -1.3381611918067796e-10   1.3441018605316711e-10
 -2.6500000000000021e+00  -1.4083560475956113e-10   1.3883431599395766e-10
 -2.6000000000000014e+00  -1.4791028352771080e-10   1.4337899626931976e-10
 -2.5500000000000007e+00  -1.5501933912011586e-10   1.4804356289299461e-10
 -2.5000000000000000e+00  -1.6213876442035215e-10   1.5282630187093338e-10
 -2.4499999999999993e+00  -1.6924094086662444e-10   1.5772410110603725e-10
 -2.4000000000000021e+00  -1.7629437265963863e-10   1.6273228798637454e-10
 -2.3500000000000014e+00  -1.8326350580603748e-10   1.6784455304755200e-10
 -2.3000000000000007e+00  -1.9010841793559588e-10   1.7305266509089678e-10
 -2.2500000000000000e+00  -1.9678432775171971e-10   1.7834589132896241e-10
 -2.1999999999999993e+00  -2.0324114880874969e-10   1.8371040145597281e-10
 -2.1500000000000021e+00  -2.0942331526355594e-10   1.8912894254586747e-10
 -2.1000000000000014e+00  -2.1526980222856507e-10   1.9458066092600852e-10
 -2.0500000000000007e+00  -2.2071406518400958e-10   2.0004066833730036e-10
 -2.0000000000000000e+00  -2.2568384474983634e-10   2.0547924117616457e-10
 -1.9499999999999993e+00  -2.3010116013968486e-10   2.1086106278183397e-10
 -1.9000000000000021e+00  -2.3388281773653339e-10   2.1614493976995290e-10
 -1.8500000000000014e+00  -2.3694134346462752e-10   2.2128385157326803e-10
 -1.8000000000000007e+00  -2.3918597526740990e-10   2.2622480285610295e-10
 -1.7500000000000000e+00  -2.4052364388097876e-10   2.3090835688025928e-10
 -1.6999999999999993e+00  -2.4086035682548438e-10   2.3526844931472556e-10
 -1.6500000000000021e+00  -2.4010337189823692e-10   2.3923309483584998e-10
 -1.6000000000000014e+00  -2.3816396158238498e-10   2.4272579068500441e-10
 -1.5500000000000007e+00  -2.3496019697088899e-10   2.4566687989498673e-10
 -1.5000000000000000e+00  -2.3041954988045410e-10   2.4797468568720812e-10
 -1.4499999999999993e+00  -2.2448170427061132e-10   2.4956715869393575e-10
 -1.4000000000000021e+00  -2.1710187384006979e-10   2.5036471040315433e-10
 -1.3500000000000014e+00  -2.0825416112781000e-10   2.5029377109794450e-10
 -1.3000000000000007e+00  -1.9793408398360912e-10   2.4928991618020926e-10
 -1.2500000000000000e+00  -1.8615994451326697e-10   2.4730016611704851e-10
 -1.1999999999999993e+00  -1.7297348717040236e-10   2.4428523872627683e-10
 -1.1500000000000021e+00  -1.5844019653969718e-10   2.4022237288822682e-10
 -1.1000000000000014e+00  -1.4264877101698862e-10   2.3510795508568528e-10
 -1.0500000000000007e+00  -1.2570902485416619e-10   2.2895853823491997e-10
 -1.0000000000000000e+00  -1.0774827575780699e-10   2.2181000083820611e-10
 -9.4999999999999929e-01  -8.8907161116534745e-11   2.1371604433561623e-10
 -9.0000000000000213e-01  -6.9335618031282491e-11   2.0474695578969733e-10
 -8.5000000000000142e-01  -4.9188821960881697e-11   1.9498799747435899e-10
 -8.0000000000000071e-01  -2.8622605883360834e-11   1.8453626666164103e-10
 -7.5000000000000000e-01  -7.7886874232609987e-12   1.7349627158774550e-10
 -6.9999999999999929e-01   1.3169270003627914e-11   1.6197585577301467e-10
 -6.5000000000000213e-01   3.4118210718383015e-11   1.5008348057479411e-10
 -6.0000000000000142e-01   5.4937350137502009e-11   1.3792609984025750e-10
 -5.5000000000000071e-01   7.5519661710588038e-11   1.2560642896040229e-10
 -5.0000000000000000e-01   9.5773086693759631e-11   1.1321987401596756e-10
 -4.4999999999999929e-01   1.1562077685345425e-10   1.0085257355816837e-10
 -4.0000000000000213e-01   1.3500018525460678e-10   8.8581163232986249e-11
 -3.5000000000000142e-01   1.5386172578472694e-10   7.6473167973108115e-11
 -3.0000000000000071e-01   1.7216773322726006e-10   6.4586736051478276e-11
 -2.5000000000000000e-01   1.8989166446777403e-10   5.2969957535964188e-11
 -1.9999999999999929e-01   2.0701682217120148e-10   4.1661049939892611e-11
 -1.5000000000000213e-01   2.2353462653559766e-10   3.0689805474855513e-11
 -1.0000000000000142e-01   2.3944287842981811e-10   2.0079170938774753e-11
 -5.0000000000000711e-02   2.5474464693790478e-10   9.8458282487872152e-12
  0.0000000000000000e+00   2.6944785015034997e-10   0.0000000000000000e+00
