# Columns: x, u, lamda
# time_step 6000
# time   6.0000000000000000e+01
 -2.5149999999999999e+01   9.7979750102564430e-11   7.4898434297831674e-16
 -2.5099999999999998e+01   9.7979750102564430e-11   7.4898434297831674e-16
 -2.5049999999999997e+01   9.7979750102564430e-11   7.4898434297831674e-16
 -2.5000000000000000e+01   9.7979750102564430e-11   7.4898434297831674e-16
 -2.4949999999999999e+01   9.7979809342437891e-11   7.6366771817735380e-16
 -2.4899999999999999e+01   9.7980222832237574e-11   7.7183430020233244e-16
 -2.4849999999999998e+01   9.7981430617354197e-11   7.8442427824059993e-16
 -2.4799999999999997e+01   9.7983923551575991e-11   7.9508391192568755e-16
 -2.4750000000000000e+01   9.7987990034200408e-11   8.0746567832047783e-16
 -2.4699999999999999e+01   9.7993493802038376e-11   8.1950395933918816e-16
 -2.4649999999999999e+01   9.7999703404065154e-11   8.3240933973784226e-16
 -2.4599999999999998e+01   9.8005300762414342e-11   8.4551745449884450e-16
 -2.4549999999999997e+01   9.8008596038437051e-11   8.5923842565700776e-16
 -2.4500000000000000e+01   9.8007935353584256e-11   8.7336172609148061e-16
 -2.4449999999999999e+01   9.8002169103506082e-11   8.8800255429522453e-16
 -2.4399999999999999e+01   9.7990964782807727e-11   9.0304435618691300e-16
 -2.4349999999999998e+01   9.7974756920283892e-11   9.1857493060711224e-16
 -2.4299999999999997e+01   9.7954503909310552e-11   9.3457243354609274e-16
 -2.4250000000000000e+01   9.7931384804731295e-11   9.5107950243233660e-16
 -2.4199999999999999e+01   9.7906533648573419e-11   9.6810273837822937e-16
 -2.4149999999999999e+01   9.7880862715130645e-11   9.8567036681981418e-16
 -2.4099999999999998e+01   9.7854984904748090e-11   1.0037991616823883e-15
 -2.4049999999999997e+01   9.7829217499369834e-11   1.0225134714519814e-15
 -2.4000000000000000e+01   9.7803638734649133e-11   1.0418343345762675e-15
 -2.3949999999999999e+01   9.7778168924374127e-11   1.0617857671179146e-15
 -2.3899999999999999e+01   9.7752653228406201e-11   1.0823911852740552e-15
 -2.3849999999999998e+01   9.7726929694331425e-11   1.1036754880637830e-15
 -2.3799999999999997e+01   9.7700873330255132e-11   1.1256638843695746e-15
 -2.3750000000000000e+01   9.7674414289795696e-11   1.1483825864426756e-15
 -2.3699999999999999e+01   9.7647534680455411e-11   1.1718584294157483e-15
 -2.3649999999999999e+01   9.7620252439988817e-11   1.1961191075957517e-15
 -2.3599999999999998e+01   9.7592601377374870e-11   1.2211930572966199e-15
 -2.3549999999999997e+01   9.7564614362110732e-11   1.2471095441629051e-15
 -2.3500000000000000e+01   9.7536313223137959e-11   1.2738986342820619e-15
 -2.3449999999999999e+01   9.7507705684746167e-11   1.3015912329256753e-15
 -2.3399999999999999e+01   9.7478787541302456e-11   1.3302190846952856e-15
 -2.3349999999999998e+01   9.7449547460116735e-11   1.3598147956210680e-15
 -2.3299999999999997e+01   9.7419972027103472e-11   1.3904118421128818e-15
 -2.3250000000000000e+01   9.7390049458579841e-11   1.4220445868287181e-15
 -2.3199999999999999e+01   9.7359771365787814e-11   1.4547482899823488e-15
 -2.3149999999999999e+01   9.7329132761709414e-11   1.4885591228134261e-15
 -2.3099999999999998e+01   9.7298130969412273e-11   1.5235141795063851e-15
 -2.3049999999999997e+01   9.7266764196240080e-11   1.5596514897738296e-15
 -2.3000000000000000e+01   9.7235030364081199e-11   1.5970100308614482e-15
 -2.2949999999999999e+01   9.7202926481501867e-11   1.6356297396427537e-15
 -2.2899999999999999e+01   9.7170448554972726e-11   1.6755515243472516e-15
 -2.2849999999999998e+01   9.7137591856432018e-11   1.7168172760842643e-15
 -2.2799999999999997e+01   9.7104351315166932e-11   1.7594698800105396e-15
 -2.2750000000000000e+01   9.7070721851092727e-11   1.8035532261629444e-15
 -2.2699999999999999e+01   9.7036698558923848e-11   1.8491122199114446e-15
 -2.2649999999999999e+01   9.7002276739612142e-11   1.8961927920430058e-15
 -2.2599999999999998e+01   9.6967451829203584e-11   1.9448419084479685e-15
 -2.2549999999999997e+01   9.6932219290692363e-11   1.9951075793968119e-15
 -2.2500000000000000e+01   9.6896574521341395e-11   2.0470388683885063e-15
 -2.2449999999999999e+01   9.6860512801858895e-11   2.1006859005329676e-15
 -2.2399999999999999e+01   9.6824029288683217e-11   2.1560998704508929e-15
 -2.2349999999999998e+01   9.6787119034777420e-11   2.2133330496472982e-15
 -2.2299999999999997e+01   9.6749777019808516e-11   2.2724387933379917e-15
 -2.2250000000000000e+01   9.6711998174707975e-11   2.3334715466982493e-15
 -2.2199999999999999e+01   9.6673777393611843e-11   2.3964868504976562e-15
 -2.2149999999999999e+01   9.6635109533634507e-11   2.4615413461040119e-15
 -2.2099999999999998e+01   9.6595989407289710e-11   2.5286927798196664e-15
 -2.2049999999999997e+01   9.6556411773206745e-11   2.5980000065229043e-15
 -2.2000000000000000e+01   9.6516371329167954e-11   2.6695229925807635e-15
 -2.1949999999999999e+01   9.6475862708995181e-11   2.7433228179986406e-15
 -2.1899999999999999e+01   9.6434880482732882e-11   2.8194616777723254e-15
 -2.1849999999999998e+01   9.6393419158531755e-11   2.8980028824240075e-15
 -2.1799999999999997e+01   9.6351473184630202e-11   2.9790108576560676e-15
 -2.1750000000000000e+01   9.6309036950435229e-11   3.0625511431192568e-15
 -2.1699999999999999e+01   9.6266104786454809e-11   3.1486903902387360e-15
 -2.1649999999999999e+01   9.6222670963383237e-11   3.2374963590720784e-15
 -2.1599999999999998e+01   9.6178729690858334e-11   3.3290379141536372e-15
 -2.1549999999999997e+01   9.6134275116333532e-11   3.4233850192950107e-15
 -2.1500000000000000e+01   9.6089301324287478e-11   3.5206087312966779e-15
 -2.1449999999999999e+01   9.6043802335769771e-11   3.6207811925358820e-15
 -2.1399999999999999e+01   9.5997772108147155e-11   3.7239756223850565e-15
 -2.1349999999999998e+01   9.5951204534887334e-11   3.8302663074263110e-15
 -2.1299999999999997e+01   9.5904093445268820e-11   3.9397285904140085e-15
 -2.1250000000000000e+01   9.5856432603981965e-11   4.0524388579518152e-15
 -2.1199999999999999e+01   9.5808215710650083e-11   4.1684745268293610e-15
 -2.1149999999999999e+01   9.5759436399322938e-11   4.2879140289881036e-15
 -2.1099999999999998e+01   9.5710088237988170e-11   4.4108367950640779e-15
 -2.1049999999999997e+01   9.5660164728124106e-11   4.5373232364643321e-15
 -2.1000000000000000e+01   9.5609659304292990e-11   4.6674547259333539e-15
 -2.0949999999999999e+01   9.5558565333758740e-11   4.8013135765653872e-15
 -2.0899999999999999e+01   9.5506876116114207e-11   4.9389830192094627e-15
 -2.0849999999999998e+01   9.5454584882906866e-11   5.0805471782305193e-15
 -2.0799999999999997e+01   9.5401684797261895e-11   5.2260910455704453e-15
 -2.0750000000000000e+01   9.5348168953507379e-11   5.3757004530659167e-15
 -2.0699999999999999e+01   9.5294030376807486e-11   5.5294620429731940e-15
 -2.0649999999999999e+01   9.5239262022808135e-11   5.6874632366514603e-15
 -2.0599999999999998e+01   9.5183856777295435e-11   5.8497922013567875e-15
 -2.0549999999999997e+01   9.5127807455865885e-11   6.0165378150959580e-15
 -2.0500000000000000e+01   9.5071106803608272e-11   6.1877896294889802e-15
 -2.0449999999999999e+01   9.5013747494797265e-11   6.3636378305933849e-15
 -2.0399999999999999e+01   9.4955722132599004e-11   6.5441731976390231e-15
 -2.0349999999999998e+01   9.4897023248791705e-11   6.7294870596158233e-15
 -2.0299999999999997e+01   9.4837643303500395e-11   6.9196712496784016e-15
 -2.0250000000000000e+01   9.4777574684945255e-11   7.1148180573009529e-15
 -2.0199999999999999e+01   9.4716809709204414e-11   7.3150201781419701e-15
 -2.0149999999999999e+01   9.4655340619992585e-11   7.5203706615581678e-15
 -2.0099999999999998e+01   9.4593159588456069e-11   7.7309628557228742e-15
 -2.0049999999999997e+01   9.4530258712983407e-11   7.9468903502993585e-15
 -2.0000000000000000e+01   9.4466630019032655e-11   8.1682469166056892e-15
 -1.9949999999999999e+01   9.4402265458975910e-11   8.3951264452334621e-15
 -1.9899999999999999e+01   9.4337156911961630e-11   8.6276228810618437e-15
 -1.9849999999999998e+01   9.4271296183796753e-11   8.8658301556156664e-15
 -1.9799999999999997e+01   9.4204675006850683e-11   9.1098421167158996e-15
 -1.9750000000000000e+01   9.4137285039981039e-11   9.3597524553772146e-15
 -1.9699999999999999e+01   9.4069117868479639e-11   9.6156546298971254e-15
 -1.9649999999999999e+01   9.4000165004039598e-11   9.8776417870897736e-15
 -1.9599999999999998e+01   9.3930417884745359e-11   1.0145806680607143e-14
 -1.9549999999999997e+01   9.3859867875086616e-11   1.0420241586310684e-14
 -1.9500000000000000e+01   9.3788506265996505e-11   1.0701038214635995e-14
 -1.9449999999999999e+01   9.3716324274915245e-11   1.0988287619903464e-14
 -1.9399999999999999e+01   9.3643313045879345e-11   1.1282080106534206e-14
 -1.9349999999999998e+01   9.3569463649637849e-11   1.1582505132112804e-14
 -1.9299999999999997e+01   9.3494767083795978e-11   1.1889651207266165e-14
 -1.9250000000000000e+01   9.3419214272987229e-11   1.2203605792300298e-14
 -1.9199999999999999e+01   9.3342796069074631e-11   1.2524455190559868e-14
 -1.9149999999999999e+01   9.3265503251382243e-11   1.2852284438464437e-14
 -1.9099999999999998e+01   9.3187326526957242e-11   1.3187177192182706e-14
 -1.9049999999999997e+01   9.3108256530863880e-11   1.3529215610900317e-14
 -1.9000000000000000e+01   9.3028283826510982e-11   1.3878480236646553e-14
 -1.8949999999999999e+01   9.2947398906013597e-11   1.4235049870641209e-14
 -1.8899999999999999e+01   9.2865592190589896e-11   1.4599001446125980e-14
 -1.8849999999999998e+01   9.2782854030993638e-11   1.4970409897645575e-14
 -1.8799999999999997e+01   9.2699174707983061e-11   1.5349348026749632e-14
 -1.8750000000000000e+01   9.2614544432827170e-11   1.5735886364076354e-14
 -1.8699999999999999e+01   9.2528953347850165e-11   1.6130093027805068e-14
 -1.8649999999999999e+01   9.2442391527015764e-11   1.6532033578429987e-14
 -1.8599999999999998e+01   9.2354848976552632e-11   1.6941770869852884e-14
 -1.8549999999999997e+01   9.2266315635621642e-11   1.7359364896757724e-14
 -1.8500000000000000e+01   9.2176781377027277e-11   1.7784872638250632e-14
 -1.8449999999999999e+01   9.2086236007972768e-11   1.8218347897754275e-14
 -1.8399999999999999e+01   9.1994669270858247e-11   1.8659841139139223e-14
 -1.8349999999999998e+01   9.1902070844124251e-11   1.9109399319076901e-14
 -1.8299999999999997e+01   9.1808430343142192e-11   1.9567065715608724e-14
 -1.8250000000000000e+01   9.1713737321153989e-11   2.0032879752927890e-14
 -1.8199999999999999e+01   9.1617981270261484e-11   2.0506876822370145e-14
 -1.8149999999999999e+01   9.1521151622466875e-11   2.0989088099611903e-14
 -1.8099999999999998e+01   9.1423237750764098e-11   2.1479540358087641e-14
 -1.8049999999999997e+01   9.1324228970282017e-11   2.1978255778627511e-14
 -1.8000000000000000e+01   9.1224114539481863e-11   2.2485251755328303e-14
 -1.7949999999999999e+01   9.1122883661409852e-11   2.3000540697678629e-14
 -1.7899999999999999e+01   9.1020525485005990e-11   2.3524129828954450e-14
 -1.7849999999999998e+01   9.0917029106469498e-11   2.4056020980910472e-14
 -1.7799999999999997e+01   9.0812383570682225e-11   2.4596210384799024e-14
 -1.7750000000000000e+01   9.0706577872691609e-11   2.5144688458742148e-14
 -1.7699999999999999e+01   9.0599600959254775e-11   2.5701439591506890e-14
 -1.7649999999999999e+01   9.0491441730444891e-11   2.6266441922714592e-14
 -1.7600000000000001e+01   9.0382089041320657e-11   2.6839667119544441e-14
 -1.7549999999999997e+01   9.0271531703658934e-11   2.7421080149980257e-14
 -1.7500000000000000e+01   9.0159758487752662e-11   2.8010639052653301e-14
 -1.7449999999999999e+01   9.0046758124275413e-11   2.8608294703356696e-14
 -1.7399999999999999e+01   8.9932519306213545e-11   2.9213990578299797e-14
 -1.7350000000000001e+01   8.9817030690867811e-11   2.9827662514171197e-14
 -1.7299999999999997e+01   8.9700280901924399e-11   3.0449238465109604e-14
 -1.7250000000000000e+01   8.9582258531597237e-11   3.1078638256655066e-14
 -1.7199999999999999e+01   8.9462952142842555e-11   3.1715773336789402e-14
 -1.7149999999999999e+01   8.9342350271646124e-11   3.2360546524167322e-14
 -1.7100000000000001e+01   8.9220441429384848e-11   3.3012851753643403e-14
 -1.7049999999999997e+01   8.9097214105264577e-11   3.3672573819218823e-14
 -1.7000000000000000e+01   8.8972656768834975e-11   3.4339588114529824e-14
 -1.6949999999999999e+01   8.8846757872582040e-11   3.5013760371016441e-14
 -1.6899999999999999e+01   8.8719505854598726e-11   3.5694946393909246e-14
 -1.6850000000000001e+01   8.8590889141335134e-11   3.6382991796179562e-14
 -1.6799999999999997e+01   8.8460896150429397e-11   3.7077731730624457e-14
 -1.6750000000000000e+01   8.8329515293620184e-11   3.7778990620239069e-14
 -1.6699999999999999e+01   8.8196734979742707e-11   3.8486581887061276e-14
 -1.6649999999999999e+01   8.8062543617808525e-11   3.9200307679674037e-14
 -1.6600000000000001e+01   8.7926929620170009e-11   3.9919958599555231e-14
 -1.6549999999999997e+01   8.7789881405770222e-11   4.0645313426485380e-14
 -1.6500000000000000e+01   8.7651387403478846e-11   4.1376138843224753e-14
 -1.6449999999999999e+01   8.7511436055515624e-11   4.2112189159681868e-14
 -1.6399999999999999e+01   8.7370015820961720e-11   4.2853206036818491e-14
 -1.6350000000000001e+01   8.7227115179359706e-11   4.3598918210528192e-14
 -1.6299999999999997e+01   8.7082722634403333e-11   4.4349041215748274e-14
 -1.6250000000000000e+01   8.6936826717717530e-11   4.5103277111078799e-14
 -1.6199999999999999e+01   8.6789415992729267e-11   4.5861314204181931e-14
 -1.6149999999999999e+01   8.6640479058630170e-11   4.6622826778258883e-14
 -1.6100000000000001e+01   8.6490004554431253e-11   4.7387474819907253e-14
 -1.6049999999999997e+01   8.6337981163109432e-11   4.8154903748681666e-14
 -1.6000000000000000e+01   8.6184397615847732e-11   4.8924744148671035e-14
 -1.5949999999999999e+01   8.6029242696368979e-11   4.9696611502458229e-14
 -1.5899999999999999e+01   8.5872505245362916e-11   5.0470105927803360e-14
 -1.5850000000000000e+01   8.5714174165007449e-11   5.1244811917421443e-14
 -1.5799999999999999e+01   8.5554238423584026e-11   5.2020298082250720e-14
 -1.5750000000000000e+01   8.5392687060187466e-11   5.2796116898589512e-14
 -1.5699999999999999e+01   8.5229509189530647e-11   5.3571804459538251e-14
 -1.5649999999999999e+01   8.5064694006843598e-11   5.4346880231156374e-14
 -1.5600000000000000e+01   8.4898230792867207e-11   5.5120846813786116e-14
 -1.5549999999999999e+01   8.4730108918941605e-11   5.5893189709000896e-14
 -1.5500000000000000e+01   8.4560317852188802e-11   5.6663377092650192e-14
 -1.5449999999999999e+01   8.4388847160788743e-11   5.7430859594497977e-14
 -1.5399999999999999e+01   8.4215686519349082e-11   5.8195070084956594e-14
 -1.5350000000000000e+01   8.4040825714368124e-11   5.8955423469438509e-14
 -1.5299999999999999e+01   8.3864254649790872e-11   5.9711316490878412e-14
 -1.5250000000000000e+01   8.3685963352657145e-11   6.0462127540973701e-14
 -1.5199999999999999e+01   8.3505941978840850e-11   6.1207216480728183e-14
 -1.5149999999999999e+01   8.3324180818880022e-11   6.1945924470886478e-14
 -1.5100000000000000e+01   8.3140670303896252e-11   6.2677573812883455e-14
 -1.5049999999999999e+01   8.2955401011602764e-11   6.3401467800933009e-14
 -1.5000000000000000e+01   8.2768363672399953e-11   6.4116890585911393e-14
 -1.4949999999999999e+01   8.2579549175557613e-11   6.4823107051707886e-14
 -1.4899999999999999e+01   8.2388948575482037e-11   6.5519362704736181e-14
 -1.4850000000000000e+01   8.2196553098066984e-11   6.6204883577312994e-14
 -1.4799999999999999e+01   8.2002354147126651e-11   6.6878876145645106e-14
 -1.4750000000000000e+01   8.1806343310908954e-11   6.7540527263171289e-14
 -1.4699999999999999e+01   8.1608512368687269e-11   6.8189004110039672e-14
 -1.4649999999999999e+01   8.1408853297428864e-11   6.8823454159518038e-14
 -1.4600000000000000e+01   8.1207358278538037e-11   6.9443005162152013e-14
 -1.4549999999999999e+01   8.1004019704671808e-11   7.0046765148521137e-14
 -1.4500000000000000e+01   8.0798830186625845e-11   7.0633822451449108e-14
 -1.4449999999999999e+01   8.0591782560288291e-11   7.1203245748567965e-14
 -1.4400000000000000e+01   8.0382869893658566e-11   7.1754084126138992e-14
 -1.4350000000000000e+01   8.0172085493929216e-11   7.2285367165066716e-14
 -1.4299999999999999e+01   7.9959422914626854e-11   7.2796105050081993e-14
 -1.4250000000000000e+01   7.9744875962809867e-11   7.3285288703060012e-14
 -1.4199999999999999e+01   7.9528438706319572e-11   7.3751889941496297e-14
 -1.4150000000000000e+01   7.9310105481081935e-11   7.4194861663178146e-14
 -1.4100000000000000e+01   7.9089870898455869e-11   7.4613138058113313e-14
 -1.4049999999999999e+01   7.8867729852624904e-11   7.5005634848802234e-14
 -1.4000000000000000e+01   7.8643677528028336e-11   7.5371249559977641e-14
 -1.3949999999999999e+01   7.8417709406828235e-11   7.5708861818950859e-14
 -1.3900000000000000e+01   7.8189821276407659e-11   7.6017333687741857e-14
 -1.3850000000000000e+01   7.7960009236896392e-11   7.6295510028187730e-14
 -1.3799999999999999e+01   7.7728269708719536e-11   7.6542218901265190e-14
 -1.3750000000000000e+01   7.7494599440164370e-11   7.6756272001883240e-14
 -1.3699999999999999e+01   7.7258995514961040e-11   7.6936465130431888e-14
 -1.3650000000000000e+01   7.7021455359872062e-11   7.7081578702412862e-14
 -1.3600000000000000e+01   7.6781976752286008e-11   7.7190378297490080e-14
 -1.3549999999999999e+01   7.6540557827809586e-11   7.7261615249355395e-14
 -1.3500000000000000e+01   7.6297197087853019e-11   7.7294027277803305e-14
 -1.3449999999999999e+01   7.6051893407203295e-11   7.7286339164476111e-14
 -1.3400000000000000e+01   7.5804646041579144e-11   7.7237263473742555e-14
 -1.3350000000000000e+01   7.5555454635162209e-11   7.7145501320228328e-14
 -1.3299999999999999e+01   7.5304319228098369e-11   7.7009743184531246e-14
 -1.3250000000000000e+01   7.5051240263963060e-11   7.6828669778712562e-14
 -1.3199999999999999e+01   7.4796218597184094e-11   7.6600952963166060e-14
 -1.3150000000000000e+01   7.4539255500415421e-11   7.6325256716510177e-14
 -1.3100000000000000e+01   7.4280352671855026e-11   7.6000238160198477e-14
 -1.3049999999999999e+01   7.4019512242500349e-11   7.5624548639551370e-14
 -1.3000000000000000e+01   7.3756736783333903e-11   7.5196834862979953e-14
 -1.2949999999999999e+01   7.3492029312432074e-11   7.4715740101187207e-14
 -1.2900000000000000e+01   7.3225393301989552e-11   7.4179905448182214e-14
 -1.2850000000000000e+01   7.2956832685251844e-11   7.3587971145975540e-14
 -1.2799999999999999e+01   7.2686351863348326e-11   7.2938577974872931e-14
 -1.2750000000000000e+01   7.2413955712017672e-11   7.2230368711308162e-14
 -1.2699999999999999e+01   7.2139649588217885e-11   7.1461989655218371e-14
 -1.2650000000000000e+01   7.1863439336612542e-11   7.0632092228985634e-14
 -1.2600000000000000e+01   7.1585331295924970e-11   6.9739334650028285e-14
 -1.2549999999999999e+01   7.1305332305152140e-11   6.8782383679156624e-14
 -1.2500000000000000e+01   7.1023449709629095e-11   6.7759916446860820e-14
 -1.2449999999999999e+01   7.0739691366935383e-11   6.6670622359736574e-14
 -1.2400000000000000e+01   7.0454065652634363e-11   6.5513205089305404e-14
 -1.2350000000000000e+01   7.0166581465836635e-11   6.4286384645523217e-14
 -1.2299999999999999e+01   6.9877248234577988e-11   6.2988899537343001e-14
 -1.2250000000000000e+01   6.9586075921002673e-11   6.1619509022710839e-14
 -1.2199999999999999e+01   6.9293075026342444e-11   6.0176995450455815e-14
 -1.2150000000000000e+01   6.8998256595681590e-11   5.8660166696563568e-14
 -1.2100000000000000e+01   6.8701632222498471e-11   5.7067858697391244e-14
 -1.2049999999999999e+01   6.8403214052973188e-11   5.5398938082423353e-14
 -1.2000000000000000e+01   6.8103014790051833e-11   5.3652304909227807e-14
 -1.1949999999999999e+01   6.7801047697256702e-11   5.1826895503323470e-14
 -1.1900000000000000e+01   6.7497326602232510e-11   4.9921685405735514e-14
 -1.1850000000000000e+01   6.7191865900018260e-11   4.7935692431064151e-14
 -1.1799999999999999e+01   6.6884680556034032e-11   4.5867979838954591e-14
 -1.1750000000000000e+01   6.6575786108772107e-11   4.3717659621924534e-14
 -1.1699999999999999e+01   6.6265198672181934e-11   4.1483895912554771e-14
 -1.1650000000000000e+01   6.5952934937737634e-11   3.9165908513132508e-14
 -1.1600000000000000e+01   6.5639012176177609e-11   3.6762976550880856e-14
 -1.1549999999999999e+01   6.5323448238904922e-11   3.4274442261999687e-14
 -1.1500000000000000e+01   6.5006261559037516e-11   3.1699714907793356e-14
 -1.1449999999999999e+01   6.4687471152096923e-11   2.9038274826245525e-14
 -1.1400000000000000e+01   6.4367096616324375e-11   2.6289677622478366e-14
 -1.1350000000000000e+01   6.4045158132612534e-11   2.3453558501591543e-14
 -1.1299999999999999e+01   6.3721676464041524e-11   2.0529636747484417e-14
 -1.1250000000000000e+01   6.3396672955007676e-11   1.7517720351318139e-14
 -1.1199999999999999e+01   6.3070169529933423e-11   1.4417710793384305e-14
 -1.1150000000000000e+01   6.2742188691546325e-11   1.1229607982211896e-14
 -1.1100000000000000e+01   6.2412753518715605e-11   7.9535153548558522e-15
 -1.1049999999999999e+01   6.2081887663834237e-11   4.5896451423812461e-15
 -1.1000000000000000e+01   6.1749615349734403e-11   1.1383238046816663e-15
 -1.0949999999999999e+01   6.1415961366124053e-11  -2.4000023611628113e-15
 -1.0900000000000000e+01   6.1080951065532761e-11  -6.0247614346403112e-15
 -1.0850000000000000e+01   6.0744610358754126e-11  -9.7352499032580190e-15
 -1.0799999999999999e+01   6.0406965709772432e-11  -1.3530626507126462e-14
 -1.0750000000000000e+01   6.0068044130161110e-11  -1.7409905892021707e-14
 -1.0699999999999999e+01   5.9727873172940140e-11  -2.1371952066141592e-14
 -1.0650000000000000e+01   5.9386480925879634e-11  -2.5415471655640362e-14
 -1.0600000000000000e+01   5.9043896004236661e-11  -2.9539006953903369e-14
 -1.0549999999999999e+01   5.8700147542912359e-11  -3.3740928759387939e-14
 -1.0500000000000000e+01   5.8355265188015923e-11  -3.8019428996706203e-14
 -1.0449999999999999e+01   5.8009279087822062e-11  -4.2372513115492243e-14
 -1.0400000000000000e+01   5.7662219883108490e-11  -4.6797992261425723e-14
 -1.0350000000000000e+01   5.7314118696859457e-11  -5.1293475213638036e-14
 -1.0299999999999999e+01   5.6965007123321473e-11  -5.5856360082548627e-14
 -1.0250000000000000e+01   5.6614917216397047e-11  -6.0483825762016635e-14
 -1.0199999999999999e+01   5.6263881477361776e-11  -6.5172823129494387e-14
 -1.0150000000000000e+01   5.5911932841890328e-11  -6.9920065987693563e-14
 -1.0100000000000000e+01   5.5559104666376158e-11  -7.4722021741066541e-14
 -1.0050000000000001e+01   5.5205430713529519e-11  -7.9574901800204387e-14
 -1.0000000000000000e+01   5.4850945137238233e-11  -8.4474651707021364e-14
 -9.9499999999999993e+00   5.4495682466675043e-11  -8.9416940973382458e-14
 -9.9000000000000004e+00   5.4139677589635112e-11  -9.4397152625579738e-14
 -9.8499999999999996e+00   5.3782965735086989e-11  -9.9410372446818388e-14
 -9.8000000000000007e+00   5.3425582454919493e-11  -1.0445137790960808e-13
 -9.7500000000000000e+00   5.3067563604866820e-11  -1.0951462678968222e-13
 -9.6999999999999993e+00   5.2708945324593333e-11  -1.1459424545277082e-13
 -9.6500000000000004e+00   5.2349764016918989e-11  -1.1968401680525890e-13
 -9.5999999999999996e+00   5.1990056326166001e-11  -1.2477736789943434e-13
 -9.5500000000000007e+00   5.1629859115606132e-11  -1.2986735718370434e-13
 -9.5000000000000000e+00   5.1269209443987730e-11  -1.3494666138779121e-13
 -9.4499999999999993e+00   5.0908144541120564e-11  -1.4000756203257266e-13
 -9.4000000000000004e+00   5.0546701782495933e-11  -1.4504193155381521e-13
 -9.3499999999999996e+00   5.0184918662918315e-11  -1.5004121902866392e-13
 -9.3000000000000007e+00   4.9822832769123961e-11  -1.5499643549331063e-13
 -9.2500000000000000e+00   4.9460481751360769e-11  -1.5989813883980511e-13
 -9.1999999999999993e+00   4.9097903293902656e-11  -1.6473641827950994e-13
 -9.1500000000000004e+00   4.8735135084470528e-11  -1.6950087836018926e-13
 -9.1000000000000014e+00   4.8372214782530497e-11  -1.7418062252319249e-13
 -9.0500000000000007e+00   4.8009179986438667e-11  -1.7876423618664457e-13
 -9.0000000000000000e+00   4.7646068199400433e-11  -1.8323976933995812e-13
 -8.9499999999999993e+00   4.7282916794210680e-11  -1.8759471863437027e-13
 -8.8999999999999986e+00   4.6919762976739504e-11  -1.9181600895355517e-13
 -8.8500000000000014e+00   4.6556643748126347e-11  -1.9588997444766897e-13
 -8.8000000000000007e+00   4.6193595865643605e-11  -1.9980233901346375e-13
 -8.7500000000000000e+00   4.5830655802188690e-11  -2.0353819620233621e-13
 -8.6999999999999993e+00   4.5467859704361453e-11  -2.0708198853737910e-13
 -8.6499999999999986e+00   4.5105243349081735e-11  -2.1041748621962611e-13
 -8.6000000000000014e+00   4.4742842098699066e-11  -2.1352776520280957e-13
 -8.5500000000000007e+00   4.4380690854544436e-11  -2.1639518461496877e-13
 -8.5000000000000000e+00   4.4018824008871131e-11  -2.1900136350425954e-13
 -8.4499999999999993e+00   4.3657275395128900e-11  -2.2132715688524164e-13
 -8.3999999999999986e+00   4.3296078236512708e-11  -2.2335263106079988e-13
 -8.3500000000000014e+00   4.2935265092724132e-11  -2.2505703819365914e-13
 -8.3000000000000007e+00   4.2574867804880243e-11  -2.2641879010020223e-13
 -8.2500000000000000e+00   4.2214917438501093e-11  -2.2741543123796326e-13
 -8.1999999999999993e+00   4.1855444224503608e-11  -2.2802361085675880e-13
 -8.1499999999999986e+00   4.1496477498125199e-11  -2.2821905428192712e-13
 -8.1000000000000014e+00   4.1138045635696949e-11  -2.2797653329657446e-13
 -8.0500000000000007e+00   4.0780175989181439e-11  -2.2726983558803569e-13
 -8.0000000000000000e+00   4.0422894818386143e-11  -2.2607173322200588e-13
 -7.9499999999999993e+00   4.0066227220758056e-11  -2.2435395010590099e-13
 -7.8999999999999986e+00   3.9710197058660995e-11  -2.2208712840102771e-13
 -7.8500000000000014e+00   3.9354826884030906e-11  -2.1924079384102853e-13
 -7.8000000000000007e+00   3.9000137860299945e-11  -2.1578331991182582e-13
 -7.7500000000000000e+00   3.8646149681473546e-11  -2.1168189084591518e-13
 -7.6999999999999993e+00   3.8292880488239427e-11  -2.0690246338134399e-13
 -7.6499999999999986e+00   3.7940346780980830e-11  -2.0140972723302785e-13
 -7.6000000000000014e+00   3.7588563329560001e-11  -1.9516706422122766e-13
 -7.5500000000000007e+00   3.7237543079731050e-11  -1.8813650599899057e-13
 -7.5000000000000000e+00   3.6887297056034402e-11  -1.8027869031715953e-13
 -7.4499999999999993e+00   3.6537834261017664e-11  -1.7155281576215314e-13
 -7.3999999999999986e+00   3.6189161570620251e-11  -1.6191659489810466e-13
 -7.3500000000000014e+00   3.5841283625551008e-11  -1.5132620574110869e-13
 -7.3000000000000007e+00   3.5494202718480596e-11  -1.3973624148923892e-13
 -7.2500000000000000e+00   3.5147918676861231e-11  -1.2709965842765726e-13
 -7.1999999999999993e+00   3.4802428741178326e-11  -1.1336772192351959e-13
 -7.1499999999999986e+00   3.4457727438429580e-11  -9.8489950420462712e-14
 -7.1000000000000014e+00   3.4113806450617772e-11  -8.2414057337235406e-14
 -7.0500000000000007e+00   3.3770654478034519e-11  -6.5085890769463332e-14
 -7.0000000000000000e+00   3.3428257097102645e-11  -4.6449370887615998e-14
 -6.9499999999999993e+00   3.3086596612535074e-11  -2.6446424917938205e-14
 -6.8999999999999986e+00   3.2745651903558619e-11  -5.0169195863755024e-15
 -6.8500000000000014e+00   3.2405398263940926e-11   1.7901409101618534e-14
 -6.8000000000000007e+00   3.2065807235549116e-11   4.2373028880142030e-14
 -6.7500000000000000e+00   3.1726846435158774e-11   6.8464687183644611e-14
 -6.6999999999999993e+00   3.1388479374222004e-11   9.6245490201002211e-14
 -6.6499999999999986e+00   3.1050665271293632e-11   1.2578698518362912e-13
 -6.6000000000000014e+00   3.0713358856805494e-11   1.5716324617823313e-13
 -6.5500000000000007e+00   3.0376510169869130e-11   1.9045096336531131e-13
 -6.5000000000000000e+00   3.0040064346778914e-11   2.2572953619566517e-13
 -6.4499999999999993e+00   2.9703961400879439e-11   2.6308117052914614e-13
 -6.3999999999999986e+00   2.9368135993453674e-11   3.0259097999254520e-13
 -6.3500000000000014e+00   2.9032517195281718e-11   3.4434709178711321e-13
 -6.3000000000000007e+00   2.8697028238514656e-11   3.8844075719063738e-13
 -6.2500000000000000e+00   2.8361586258504114e-11   4.3496646701441654e-13
 -6.1999999999999993e+00   2.8026102025224929e-11   4.8402207229189204e-13
 -6.1499999999999986e+00   2.7690479663928120e-11   5.3570891049320160e-13
 -6.1000000000000014e+00   2.7354616364662337e-11   5.9013193757855998e-13
 -6.0500000000000007e+00   2.7018402080305801e-11   6.4739986622323230e-13
 -6.0000000000000000e+00   2.6681719212757444e-11   7.0762531056800437e-13
 -5.9499999999999993e+00   2.6344442286946080e-11   7.7092493787156347e-13
 -5.8999999999999986e+00   2.6006437612329988e-11   8.3741962746511290e-13
 -5.8500000000000014e+00   2.5667562931577874e-11   9.0723463743498626e-13
 -5.8000000000000007e+00   2.5327667056145274e-11   9.8049977948603551e-13
 -5.7500000000000000e+00   2.4986589488489683e-11   1.0573496024672165e-12
 -5.6999999999999993e+00   2.4644160030703538e-11   1.1379235850711723e-12
 -5.6499999999999986e+00   2.4300198379387335e-11   1.2223663382517570e-12
 -5.6000000000000014e+00   2.3954513706637200e-11   1.3108278179374438e-12
 -5.5500000000000007e+00   2.3606904227082794e-11   1.4034635486543944e-12
 -5.5000000000000000e+00   2.3257156750984569e-11   1.5004348587107540e-12
 -5.4499999999999993e+00   2.2905046223484373e-11   1.6019091276333990e-12
 -5.3999999999999986e+00   2.2550335250203484e-11   1.7080600465899501e-12
 -5.3500000000000014e+00   2.2192773609497831e-11   1.8190678925722839e-12
 -5.3000000000000007e+00   2.1832097751814487e-11   1.9351198171629623e-12
 -5.2500000000000000e+00   2.1468030286748410e-11   2.0564101507528129e-12
 -5.1999999999999993e+00   2.1100279458576969e-11   2.1831407231261091e-12
 -5.1499999999999986e+00   2.0728538611254531e-11   2.3155212013791751e-12
 -5.1000000000000014e+00   2.0352485644084416e-11   2.4537694461883534e-12
 -5.0500000000000007e+00   1.9971782459554385e-11   2.5981118874936600e-12
 -5.0000000000000000e+00   1.9586074405128842e-11   2.7487839207144679e-12
 -4.9499999999999993e+00   1.9194989711141285e-11   2.9060303246623545e-12
 -4.8999999999999986e+00   1.8798138927329954e-11   3.0701057023628415e-12
 -4.8500000000000014e+00   1.8395114361014137e-11   3.2412749460407885e-12
 -4.8000000000000007e+00   1.7985489520425637e-11   3.4198137275621397e-12
 -4.7500000000000000e+00   1.7568818567297654e-11   3.6060090156554773e-12
 -4.6999999999999993e+00   1.7144635783480944e-11   3.8001596212580102e-12
 -4.6499999999999986e+00   1.6712455057115020e-11   4.0025767723391848e-12
 -4.6000000000000014e+00   1.6271769394742320e-11   4.2135847195473423e-12
 -4.5500000000000007e+00   1.5822050466729059e-11   4.4335213739962291e-12
 -4.5000000000000000e+00   1.5362748194463069e-11   4.6627389784532587e-12
 -4.4499999999999993e+00   1.4893290389053605e-11   4.9016048131035042e-12
 -4.3999999999999986e+00   1.4413082452680591e-11   5.1505019369343553e-12
 -4.3500000000000014e+00   1.3921507155352829e-11   5.4098299656059709e-12
 -4.3000000000000007e+00   1.3417924501661944e-11   5.6800058864300312e-12
 -4.2500000000000000e+00   1.2901671704189212e-11   5.9614649107598098e-12
 -4.1999999999999993e+00   1.2372063282568253e-11   6.2546613636809707e-12
 -4.1499999999999986e+00   1.1828391309864366e-11   6.5600696103640069e-12
 -4.1000000000000014e+00   1.1269925830941498e-11   6.8781850177712223e-12
 -4.0500000000000007e+00   1.0695915480897224e-11   7.2095249495735478e-12
 -4.0000000000000000e+00   1.0105588335505945e-11   7.5546297910898394e-12
 -3.9499999999999993e+00   9.4981530299792981e-12   7.9140639997705529e-12
 -3.8999999999999986e+00   8.8728001872951456e-12   8.2884171751579539e-12
 -3.8500000000000014e+00   8.2287042029346755e-12   8.6783051403050151e-12
 -3.8000000000000007e+00   7.5650254391808463e-12   9.0843710242524918e-12
 -3.7500000000000000e+00   6.8809128892583053e-12   9.5072863322613237e-12
 -3.6999999999999993e+00   6.1755073796304790e-12   9.9477519869734465e-12
 -3.6500000000000021e+00   5.4479453878166121e-12   1.0406499319406112e-11
 -3.6000000000000014e+00   4.6973635632594335e-12   1.0884290983529865e-11
 -3.5500000000000007e+00   3.9229040501770753e-12   1.1381921761969035e-11
 -3.5000000000000000e+00   3.1237207240867611e-12   1.1900219222898063e-11
 -3.4499999999999993e+00   2.2989864679061084e-12   1.2440044179255683e-11
 -3.4000000000000021e+00   1.4479016293257399e-12   1.3002290890693415e-11
 -3.3500000000000014e+00   5.6970381859138344e-13   1.3587886935904804e-11
 -3.3000000000000007e+00  -3.3632077500829878e-13   1.4197792667792707e-11
 -3.2500000000000000e+00  -1.2708243487702978e-12   1.4833000145920808e-11
 -3.1999999999999993e+00  -2.2343825126004167e-12   1.5494531419411788e-11
 -3.1500000000000021e+00  -3.2274771296654544e-12   1.6183436008400551e-11
 -3.1000000000000014e+00  -4.2504767006701920e-12   1.6900787402789085e-11
 -3.0500000000000007e+00  -5.3036139948225701e-12   1.7647678362814357e-11
 -3.0000000000000000e+00  -6.3869606046901868e-12   1.8425214766262726e-11
 -2.9499999999999993e+00  -7.5003980774813507e-12   1.9234507701503115e-11
 -2.9000000000000021e+00  -8.6435852533862436e-12   2.0076663453412073e-11
 -2.8500000000000014e+00  -9.8159214246693960e-12   2.0952770970435088e-11
 -2.8000000000000007e+00  -1.1016504920162199e-11   2.1863886335454535e-11
 -2.7500000000000000e+00  -1.2244086722578074e-11   2.2811013691233437e-11
 -2.6999999999999993e+00  -1.3497018745773151e-11   2.3795081994036735e-11
 -2.6500000000000021e+00  -1.4773196442268604e-11   2.4816916888586968e-11
 -2.6000000000000014e+00  -1.6069995486332591e-11   2.5877206917070115e-11
 -2.5500000000000007e+00  -1.7384202394983752e-11   2.6976463199507024e-11
 -2.5000000000000000e+00  -1.8711939120940272e-11   2.8114971659809954e-11
 -2.4499999999999993e+00  -2.0048581892652109e-11   2.9292736831618552e-11
 -2.4000000000000021e+00  -2.1388674904233663e-11   3.0509416274686414e-11
 -2.3500000000000014e+00  -2.2725839891322082e-11   3.1764244684867726e-11
 -2.3000000000000007e+00  -2.4052683187504039e-11   3.3055946912645029e-11
 -2.2500000000000000e+00  -2.5360702559136265e-11   3.4382639346494443e-11
 -2.1999999999999993e+00  -2.6640196979850955e-11   3.5741719503946742e-11
 -2.1500000000000021e+00  -2.7880183538042028e-11   3.7129744245813857e-11
 -2.1000000000000014e+00  -2.9068326866322139e-11   3.8542297831511334e-11
 -2.0500000000000007e+00  -3.0190887815864035e-11   3.9973852108349389e-11
 -2.0000000000000000e+00  -3.1232699515382706e-11   4.1417622509724023e-11
 -1.9499999999999993e+00  -3.2177180358598777e-11   4.2865425242733022e-11
 -1.9000000000000021e+00  -3.3006394708745717e-11   4.4307543059040388e-11
 -1.8500000000000014e+00  -3.3701172988150511e-11   4.5732609258067724e-11
 -1.8000000000000007e+00  -3.4241303067243572e-11   4.7127521933128452e-11
 -1.7500000000000000e+00  -3.4605804158372477e-11   4.8477402713984413e-11
 -1.6999999999999993e+00  -3.4773292402802702e-11   4.9765616055769081e-11
 -1.6500000000000021e+00  -3.4722443676227219e-11   5.0973866043795383e-11
 -1.6000000000000014e+00  -3.4432553575367542e-11   5.2082387216137174e-11
 -1.5500000000000007e+00  -3.3884187009196294e-11   5.3070243516225909e-11
 -1.5000000000000000e+00  -3.3059900508239033e-11   5.3915744710399336e-11
 -1.4499999999999993e+00  -3.1945009867735706e-11   5.4596982173655106e-11
 -1.4000000000000021e+00  -3.0528365072092167e-11   5.5092475942992898e-11
 -1.3500000000000014e+00  -2.8803085036032738e-11   5.5381912930576010e-11
 -1.3000000000000007e+00  -2.6767198243615754e-11   5.5446943312340575e-11
 -1.2500000000000000e+00  -2.4424133584991008e-11   5.5271990026654388e-11
 -1.1999999999999993e+00  -2.1783009949446841e-11   5.4845017043376494e-11
 -1.1500000000000021e+00  -1.8858684056426103e-11   5.4158197613447052e-11
 -1.1000000000000014e+00  -1.5671533156215403e-11   5.3208425660481403e-11
 -1.0500000000000007e+00  -1.2246970981398862e-11   5.1997622519211459e-11
 -1.0000000000000000e+00  -8.6147190105531994e-12   5.0532806851200713e-11
 -9.4999999999999929e-01  -4.8078774426369956e-12   4.8825916009581048e-11
 -9.0000000000000213e-01  -8.6185803397025332e-13   4.6893389616738792e-11
 -8.5000000000000142e-01   3.1867484166585684e-12   4.4755547430809180e-11
 -8.0000000000000071e-01   7.3012949255802174e-12   4.2435810680670307e-11
 -7.5000000000000000e-01   1.1446122560692097e-11   3.9959826740201873e-11
 -6.9999999999999929e-01   1.5587469864579475e-11   3.7354560306799074e-11
 -6.5000000000000213e-01   1.9694208457884915e-11   3.4647410468895533e-11
 -6.0000000000000142e-01   2.3738384435232057e-11   3.1865403594781736e-11
 -5.5000000000000071e-01   2.7695563123032421e-11   2.9034498919223204e-11
 -5.0000000000000000e-01   3.1544989188875170e-11   2.6179029263232389e-11
 -4.4999999999999929e-01   3.5269585743155785e-11   2.3321285499563225e-11
 -4.0000000000000213e-01   3.8855820931942319e-11   2.0481241565852229e-11
 -3.5000000000000142e-01   4.2293476106682899e-11   1.7676407958205218e-11
 -3.0000000000000071e-01   4.5575343054835114e-11   1.4921795730406863e-11
 -2.5000000000000000e-01   4.8696885573087416e-11   1.2229970269484105e-11
 -1.9999999999999929e-01   5.1655876343789837e-11   9.6111732522277541e-12
 -1.5000000000000213e-01   5.4452051135402808e-11   7.0734929705775488e-12
 -1.0000000000000142e-01   5.7086753117813745e-11   4.6230641082932440e-12
 -5.0000000000000711e-02   5.9562651275702760e-11   2.2642806628317209e-12
  0.0000000000000000e+00   6.1883419907717205e-11   0.0000000000000000e+00
