# Columns: x, u, lamda
# time_step 3000
# time   3.0000000000000000e+01
 -2.5149999999999999e+01   9.9265032613932350e-11   1.0387255414632295e-15
 -2.5099999999999998e+01   9.9265032613932350e-11   1.0387255414632295e-15
 -2.5049999999999997e+01   9.9265032613932350e-11   1.0387255414632295e-15
 -2.5000000000000000e+01   9.9265032613932350e-11   1.0387255414632295e-15
 -2.4949999999999999e+01   9.9265304607236868e-11   1.0323468026211403e-15
 -2.4899999999999999e+01   9.9266290281367567e-11   1.0282378010248813e-15
 -2.4849999999999998e+01   9.9268496662597036e-11   1.0221301547304209e-15
 -2.4799999999999997e+01   9.9272310019080135e-11   1.0164000639872658e-15
 -2.4750000000000000e+01   9.9277838531584659e-11   1.0097553286442060e-15
 -2.4699999999999999e+01   9.9284774979905769e-11   1.0028964116009893e-15
 -2.4649999999999999e+01   9.9292349561114523e-11   9.9544560981666028e-16
 -2.4599999999999998e+01   9.9299408885798253e-11   9.8760732372851101e-16
 -2.4549999999999997e+01   9.9304655914736027e-11   9.7927513344034793e-16
 -2.4500000000000000e+01   9.9307005738108331e-11   9.7050376466632308e-16
 -2.4449999999999999e+01   9.9305926291685679e-11   9.6123749405247222e-16
 -2.4399999999999999e+01   9.9301581512454232e-11   9.5144049627855937e-16
 -2.4349999999999998e+01   9.9294673970824794e-11   9.4113167619904004e-16
 -2.4299999999999997e+01   9.9286129047116953e-11   9.3030411384263416e-16
 -2.4250000000000000e+01   9.9276793134216732e-11   9.1896874387147891e-16
 -2.4199999999999999e+01   9.9267258175665507e-11   9.0712725391437427e-16
 -2.4149999999999999e+01   9.9257829040925067e-11   8.9478860977004541e-16
 -2.4099999999999998e+01   9.9248584714170153e-11   8.8195911103969323e-16
 -2.4049999999999997e+01   9.9239470679417736e-11   8.6864850825799711e-16
 -2.4000000000000000e+01   9.9230380639791041e-11   8.5486639280308991e-16
 -2.3949999999999999e+01   9.9221211797059996e-11   8.4062446242914730e-16
 -2.3899999999999999e+01   9.9211893658994399e-11   8.2593523968381946e-16
 -2.3849999999999998e+01   9.9202395644379950e-11   8.1081292675963868e-16
 -2.3799999999999997e+01   9.9192719919555188e-11   7.9527297621366177e-16
 -2.3750000000000000e+01   9.9182886642406506e-11   7.7933243531780893e-16
 -2.3699999999999999e+01   9.9172918856501215e-11   7.6300982917540387e-16
 -2.3649999999999999e+01   9.9162832389177133e-11   7.4632532332330553e-16
 -2.3599999999999998e+01   9.9152632596902431e-11   7.2930072184181075e-16
 -2.3549999999999997e+01   9.9142316455598879e-11   7.1195956612598112e-16
 -2.3500000000000000e+01   9.9131876899867902e-11   6.9432717538586786e-16
 -2.3449999999999999e+01   9.9121306694503576e-11   6.7643072354730357e-16
 -2.3399999999999999e+01   9.9110600542363307e-11   6.5829929607037065e-16
 -2.3349999999999998e+01   9.9099755465257241e-11   6.3996396045614958e-16
 -2.3299999999999997e+01   9.9088770154148950e-11   6.2145783047710992e-16
 -2.3250000000000000e+01   9.9077644016853229e-11   6.0281613609407031e-16
 -2.3199999999999999e+01   9.9066376389273861e-11   5.8407629197997845e-16
 -2.3149999999999999e+01   9.9054966098053105e-11   5.6527796882893032e-16
 -2.3099999999999998e+01   9.9043411373643608e-11   5.4646316493514018e-16
 -2.3049999999999997e+01   9.9031710008662867e-11   5.2767627947025940e-16
 -2.3000000000000000e+01   9.9019859614503895e-11   5.0896418657045209e-16
 -2.2949999999999999e+01   9.9007857841548533e-11   4.9037631071645991e-16
 -2.2899999999999999e+01   9.8995702485018924e-11   4.7196470309965086e-16
 -2.2849999999999998e+01   9.8983391471901579e-11   4.5378411912534948e-16
 -2.2799999999999997e+01   9.8970922778849132e-11   4.3589209695840881e-16
 -2.2750000000000000e+01   9.8958294345201311e-11   4.1834903712870700e-16
 -2.2699999999999999e+01   9.8945504023803060e-11   4.0121828314874693e-16
 -2.2649999999999999e+01   9.8932549577540844e-11   3.8456620313131064e-16
 -2.2599999999999998e+01   9.8919428703976298e-11   3.6846227236048828e-16
 -2.2549999999999997e+01   9.8906139063857527e-11   3.5297915678713655e-16
 -2.2500000000000000e+01   9.8892678297589278e-11   3.3819279741846927e-16
 -2.2449999999999999e+01   9.8879044026560772e-11   3.2418249555780919e-16
 -2.2399999999999999e+01   9.8865233845076340e-11   3.1103099886894851e-16
 -2.2349999999999998e+01   9.8851245310725616e-11   2.9882458821308796e-16
 -2.2299999999999997e+01   9.8837075938297441e-11   2.8765316522312573e-16
 -2.2250000000000000e+01   9.8822723198313078e-11   2.7761034056738601e-16
 -2.2199999999999999e+01   9.8808184518506345e-11   2.6879352284696556e-16
 -2.2149999999999999e+01   9.8793457285874099e-11   2.6130400808553688e-16
 -2.2099999999999998e+01   9.8778538847685221e-11   2.5524706975107104e-16
 -2.2049999999999997e+01   9.8763426511050242e-11   2.5073204925565492e-16
 -2.2000000000000000e+01   9.8748117541536833e-11   2.4787244687216826e-16
 -2.1949999999999999e+01   9.8732609161582021e-11   2.4678601300363093e-16
 -2.1899999999999999e+01   9.8716898549229705e-11   2.4759483973890273e-16
 -2.1849999999999998e+01   9.8700982837321140e-11   2.5042545264016973e-16
 -2.1799999999999997e+01   9.8684859112970598e-11   2.5540890266186197e-16
 -2.1750000000000000e+01   9.8668524417070806e-11   2.6268085815464614e-16
 -2.1699999999999999e+01   9.8651975743659281e-11   2.7238169685727631e-16
 -2.1649999999999999e+01   9.8635210039119008e-11   2.8465659780413570e-16
 -2.1599999999999998e+01   9.8618224201284360e-11   2.9965563305555792e-16
 -2.1549999999999997e+01   9.8601015078538536e-11   3.1753385916910395e-16
 -2.1500000000000000e+01   9.8583579468948634e-11   3.3845140831366688e-16
 -2.1449999999999999e+01   9.8565914119434872e-11   3.6257357893434273e-16
 -2.1399999999999999e+01   9.8548015724945531e-11   3.9007092586300237e-16
 -2.1349999999999998e+01   9.8529880927612220e-11   4.2111934977650781e-16
 -2.1299999999999997e+01   9.8511506315875739e-11   4.5590018588886159e-16
 -2.1250000000000000e+01   9.8492888423588426e-11   4.9460029177328175e-16
 -2.1199999999999999e+01   9.8474023729102957e-11   5.3741213418735178e-16
 -2.1149999999999999e+01   9.8454908654353408e-11   5.8453387479311289e-16
 -2.1099999999999998e+01   9.8435539563928691e-11   6.3616945464036950e-16
 -2.1049999999999997e+01   9.8415912764135905e-11   6.9252867728605646e-16
 -2.1000000000000000e+01   9.8396024502051104e-11   7.5382729041832461e-16
 -2.0949999999999999e+01   9.8375870964556656e-11   8.2028706584967459e-16
 -2.0899999999999999e+01   9.8355448277365711e-11   8.9213587773122567e-16
 -2.0849999999999998e+01   9.8334752504034843e-11   9.6960777885131695e-16
 -2.0799999999999997e+01   9.8313779644964936e-11   1.0529430748595504e-15
 -2.0750000000000000e+01   9.8292525636391089e-11   1.1423883962651997e-15
 -2.0699999999999999e+01   9.8270986349361283e-11   1.2381967680483744e-15
 -2.0649999999999999e+01   9.8249157588702782e-11   1.3406276767192824e-15
 -2.0599999999999998e+01   9.8227035091975279e-11   1.4499471346569366e-15
 -2.0549999999999997e+01   9.8204614528410325e-11   1.5664277415514556e-15
 -2.0500000000000000e+01   9.8181891497838022e-11   1.6903487427691362e-15
 -2.0449999999999999e+01   9.8158861529603313e-11   1.8219960844586430e-15
 -2.0399999999999999e+01   9.8135520081472529e-11   1.9616624652078833e-15
 -2.0349999999999998e+01   9.8111862538531479e-11   2.1096473840504966e-15
 -2.0299999999999997e+01   9.8087884212073264e-11   2.2662571846355774e-15
 -2.0250000000000000e+01   9.8063580338474132e-11   2.4318050953412928e-15
 -2.0199999999999999e+01   9.8038946078057122e-11   2.6066112651319202e-15
 -2.0149999999999999e+01   9.8013976513944660e-11   2.7910027949341180e-15
 -2.0099999999999998e+01   9.7988666650900793e-11   2.9853137643175183e-15
 -2.0049999999999997e+01   9.7963011414162951e-11   3.1898852532550550e-15
 -2.0000000000000000e+01   9.7937005648262993e-11   3.4050653587202463e-15
 -1.9949999999999999e+01   9.7910644115838061e-11   3.6312092058968665e-15
 -1.9899999999999999e+01   9.7883921496431796e-11   3.8686789537515651e-15
 -1.9849999999999998e+01   9.7856832385287202e-11   4.1178437947212536e-15
 -1.9799999999999997e+01   9.7829371292132849e-11   4.3790799482608814e-15
 -1.9750000000000000e+01   9.7801532639961173e-11   4.6527706479973527e-15
 -1.9699999999999999e+01   9.7773310763797549e-11   4.9393061222202144e-15
 -1.9649999999999999e+01   9.7744699909459798e-11   5.2390835674416043e-15
 -1.9599999999999998e+01   9.7715694232309741e-11   5.5525071147427427e-15
 -1.9549999999999997e+01   9.7686287795997528e-11   5.8799877886367071e-15
 -1.9500000000000000e+01   9.7656474571199150e-11   6.2219434581524993e-15
 -1.9449999999999999e+01   9.7626248434347947e-11   6.5787987798488856e-15
 -1.9399999999999999e+01   9.7595603166359921e-11   6.9509851324661005e-15
 -1.9349999999999998e+01   9.7564532451353534e-11   7.3389405429010155e-15
 -1.9299999999999997e+01   9.7533029875364331e-11   7.7431096032108001e-15
 -1.9250000000000000e+01   9.7501088925054930e-11   8.1639433783183727e-15
 -1.9199999999999999e+01   9.7468702986421011e-11   8.6018993041080749e-15
 -1.9149999999999999e+01   9.7435865343493650e-11   9.0574410755834452e-15
 -1.9099999999999998e+01   9.7402569177037781e-11   9.5310385247594682e-15
 -1.9049999999999997e+01   9.7368807563248668e-11   1.0023167487950196e-14
 -1.9000000000000000e+01   9.7334573472446480e-11   1.0534309662115020e-14
 -1.8949999999999999e+01   9.7299859767770309e-11   1.1064952449916854e-14
 -1.8899999999999999e+01   9.7264659203872042e-11   1.1615588793141979e-14
 -1.8849999999999998e+01   9.7228964425610294e-11   1.2186716994125660e-14
 -1.8799999999999997e+01   9.7192767966744752e-11   1.2778840524826578e-14
 -1.8750000000000000e+01   9.7156062248631756e-11   1.3392467823177528e-14
 -1.8699999999999999e+01   9.7118839578921446e-11   1.4028112076357511e-14
 -1.8649999999999999e+01   9.7081092150258198e-11   1.4686290990592048e-14
 -1.8599999999999998e+01   9.7042812038985452e-11   1.5367526547123848e-14
 -1.8549999999999997e+01   9.7003991203856165e-11   1.6072344743957875e-14
 -1.8500000000000000e+01   9.6964621484749765e-11   1.6801275322997399e-14
 -1.8449999999999999e+01   9.6924694601395365e-11   1.7554851482186390e-14
 -1.8399999999999999e+01   9.6884202152101184e-11   1.8333609572261772e-14
 -1.8349999999999998e+01   9.6843135612490633e-11   1.9138088777714763e-14
 -1.8299999999999997e+01   9.6801486334248547e-11   1.9968830781563606e-14
 -1.8250000000000000e+01   9.6759245543878989e-11   2.0826379413535809e-14
 -1.8199999999999999e+01   9.6716404341475636e-11   2.1711280281252152e-14
 -1.8149999999999999e+01   9.6672953699505575e-11   2.2624080384000660e-14
 -1.8099999999999998e+01   9.6628884461606185e-11   2.3565327708695493e-14
 -1.8049999999999997e+01   9.6584187341396216e-11   2.4535570807600420e-14
 -1.8000000000000000e+01   9.6538852921303420e-11   2.5535358357401881e-14
 -1.7949999999999999e+01   9.6492871651410346e-11   2.6565238699218611e-14
 -1.7899999999999999e+01   9.6446233848318622e-11   2.7625759359125277e-14
 -1.7849999999999998e+01   9.6398929694033156e-11   2.8717466548771213e-14
 -1.7799999999999997e+01   9.6350949234866814e-11   2.9840904645675984e-14
 -1.7750000000000000e+01   9.6302282380368243e-11   3.0996615652773467e-14
 -1.7699999999999999e+01   9.6252918902274351e-11   3.2185138636793751e-14
 -1.7649999999999999e+01   9.6202848433489691e-11   3.3407009145050520e-14
 -1.7600000000000001e+01   9.6152060467093032e-11   3.4662758600223913e-14
 -1.7549999999999997e+01   9.6100544355372301e-11   3.5952913672715229e-14
 -1.7500000000000000e+01   9.6048289308889411e-11   3.7277995630149287e-14
 -1.7449999999999999e+01   9.5995284395577669e-11   3.8638519663617613e-14
 -1.7399999999999999e+01   9.5941518539873157e-11   4.0034994190245935e-14
 -1.7350000000000001e+01   9.5886980521882148e-11   4.1467920131666907e-14
 -1.7299999999999997e+01   9.5831658976585956e-11   4.2937790168003907e-14
 -1.7250000000000000e+01   9.5775542393084825e-11   4.4445087966945255e-14
 -1.7199999999999999e+01   9.5718619113882496e-11   4.5990287387519249e-14
 -1.7149999999999999e+01   9.5660877334213426e-11   4.7573851658171885e-14
 -1.7100000000000001e+01   9.5602305101414932e-11   4.9196232528750908e-14
 -1.7049999999999997e+01   9.5542890314347194e-11   5.0857869396016286e-14
 -1.7000000000000000e+01   9.5482620722862684e-11   5.2559188402294115e-14
 -1.6949999999999999e+01   9.5421483927326867e-11   5.4300601506906056e-14
 -1.6899999999999999e+01   9.5359467378191684e-11   5.6082505530005927e-14
 -1.6850000000000001e+01   9.5296558375623841e-11   5.7905281168461953e-14
 -1.6799999999999997e+01   9.5232744069190528e-11   5.9769291983448217e-14
 -1.6750000000000000e+01   9.5168011457605558e-11   6.1674883359392345e-14
 -1.6699999999999999e+01   9.5102347388538331e-11   6.3622381433958838e-14
 -1.6649999999999999e+01   9.5035738558488204e-11   6.5612091998748513e-14
 -1.6600000000000001e+01   9.4968171512725841e-11   6.7644299370402991e-14
 -1.6549999999999997e+01   9.4899632645304182e-11   6.9719265231823518e-14
 -1.6500000000000000e+01   9.4830108199141336e-11   7.1837227443219468e-14
 -1.6449999999999999e+01   9.4759584266178743e-11   7.3998398822714926e-14
 -1.6399999999999999e+01   9.4688046787616559e-11   7.6202965896267911e-14
 -1.6350000000000001e+01   9.4615481554229778e-11   7.8451087616654548e-14
 -1.6299999999999997e+01   9.4541874206767171e-11   8.0742894051298389e-14
 -1.6250000000000000e+01   9.4467210236436178e-11   8.3078485038742650e-14
 -1.6199999999999999e+01   9.4391474985476571e-11   8.5457928813571339e-14
 -1.6149999999999999e+01   9.4314653647825935e-11   8.7881260599614689e-14
 -1.6100000000000001e+01   9.4236731269879652e-11   9.0348481171287555e-14
 -1.6049999999999997e+01   9.4157692751348171e-11   9.2859555382937866e-14
 -1.6000000000000000e+01   9.4077522846215425e-11   9.5414410666083069e-14
 -1.5949999999999999e+01   9.3996206163800857e-11   9.8012935494470876e-14
 -1.5899999999999999e+01   9.3913727169928749e-11   1.0065497781688993e-13
 -1.5850000000000000e+01   9.3830070188207334e-11   1.0334034345769649e-13
 -1.5799999999999999e+01   9.3745219401421431e-11   1.0606879448505713e-13
 -1.5750000000000000e+01   9.3659158853041789e-11   1.0884004754690749e-13
 -1.5699999999999999e+01   9.3571872448854891e-11   1.1165377217469331e-13
 -1.5649999999999999e+01   9.3483343958716205e-11   1.1450958905495258e-13
 -1.5600000000000000e+01   9.3393557018430817e-11   1.1740706826885230e-13
 -1.5549999999999999e+01   9.3302495131764666e-11   1.2034572749981609e-13
 -1.5500000000000000e+01   9.3210141672589879e-11   1.2332503020941090e-13
 -1.5449999999999999e+01   9.3116479887167428e-11   1.2634438378170294e-13
 -1.5399999999999999e+01   9.3021492896571166e-11   1.2940313763631807e-13
 -1.5350000000000000e+01   9.2925163699257004e-11   1.3250058131048301e-13
 -1.5299999999999999e+01   9.2827475173781354e-11   1.3563594251037241e-13
 -1.5250000000000000e+01   9.2728410081672595e-11   1.3880838513210732e-13
 -1.5199999999999999e+01   9.2627951070458670e-11   1.4201700725280970e-13
 -1.5149999999999999e+01   9.2526080676855013e-11   1.4526083909214482e-13
 -1.5100000000000000e+01   9.2422781330116575e-11   1.4853884094484473e-13
 -1.5049999999999999e+01   9.2318035355557764e-11   1.5184990108473557e-13
 -1.5000000000000000e+01   9.2211824978244799e-11   1.5519283364084622e-13
 -1.4949999999999999e+01   9.2104132326864417e-11   1.5856637644622701e-13
 -1.4899999999999999e+01   9.1994939437773033e-11   1.6196918886015440e-13
 -1.4850000000000000e+01   9.1884228259230153e-11   1.6539984956444581e-13
 -1.4799999999999999e+01   9.1771980655820341e-11   1.6885685433467344e-13
 -1.4750000000000000e+01   9.1658178413067520e-11   1.7233861378710884e-13
 -1.4699999999999999e+01   9.1542803242245940e-11   1.7584345110229741e-13
 -1.4649999999999999e+01   9.1425836785391837e-11   1.7936959972621704e-13
 -1.4600000000000000e+01   9.1307260620520355e-11   1.8291520105003271e-13
 -1.4549999999999999e+01   9.1187056267052008e-11   1.8647830206953108e-13
 -1.4500000000000000e+01   9.1065205191452497e-11   1.9005685302537192e-13
 -1.4449999999999999e+01   9.0941688813090693e-11   1.9364870502537425e-13
 -1.4400000000000000e+01   9.0816488510318395e-11   1.9725160765010761e-13
 -1.4350000000000000e+01   9.0689585626776514e-11   2.0086320654313925e-13
 -1.4299999999999999e+01   9.0560961477931620e-11   2.0448104098736998e-13
 -1.4250000000000000e+01   9.0430597357847232e-11   2.0810254146894035e-13
 -1.4199999999999999e+01   9.0298474546194014e-11   2.1172502723029048e-13
 -1.4150000000000000e+01   9.0164574315503506e-11   2.1534570381402699e-13
 -1.4100000000000000e+01   9.0028877938669324e-11   2.1896166059933185e-13
 -1.4049999999999999e+01   8.9891366696700354e-11   2.2256986833272942e-13
 -1.4000000000000000e+01   8.9752021886729704e-11   2.2616717665512148e-13
 -1.3949999999999999e+01   8.9610824830283702e-11   2.2975031162708048e-13
 -1.3900000000000000e+01   8.9467756881815284e-11   2.3331587325449023e-13
 -1.3850000000000000e+01   8.9322799437505495e-11   2.3686033301670719e-13
 -1.3799999999999999e+01   8.9175933944337170e-11   2.4038003139952234e-13
 -1.3750000000000000e+01   8.9027141909445081e-11   2.4387117543529443e-13
 -1.3699999999999999e+01   8.8876404909746304e-11   2.4732983625272793e-13
 -1.3650000000000000e+01   8.8723704601854892e-11   2.5075194663887909e-13
 -1.3600000000000000e+01   8.8569022732284981e-11   2.5413329861606760e-13
 -1.3549999999999999e+01   8.8412341147945617e-11   2.5746954103650054e-13
 -1.3500000000000000e+01   8.8253641806931044e-11   2.6075617719750138e-13
 -1.3449999999999999e+01   8.8092906789610341e-11   2.6398856248038243e-13
 -1.3400000000000000e+01   8.7930118310019168e-11   2.6716190201608910e-13
 -1.3350000000000000e+01   8.7765258727557823e-11   2.7027124838088774e-13
 -1.3299999999999999e+01   8.7598310558998635e-11   2.7331149932547534e-13
 -1.3250000000000000e+01   8.7429256490806233e-11   2.7627739554103845e-13
 -1.3199999999999999e+01   8.7258079391773676e-11   2.7916351846589951e-13
 -1.3150000000000000e+01   8.7084762325976971e-11   2.8196428813652956e-13
 -1.3100000000000000e+01   8.6909288566051251e-11   2.8467396108685664e-13
 -1.3049999999999999e+01   8.6731641606791255e-11   2.8728662829991791e-13
 -1.3000000000000000e+01   8.6551805179078362e-11   2.8979621321607136e-13
 -1.2949999999999999e+01   8.6369763264137091e-11   2.9219646980211536e-13
 -1.2900000000000000e+01   8.6185500108122874e-11   2.9448098068582726e-13
 -1.2850000000000000e+01   8.5999000237043279e-11   2.9664315536058025e-13
 -1.2799999999999999e+01   8.5810248472014396e-11   2.9867622846486939e-13
 -1.2750000000000000e+01   8.5619229944853968e-11   3.0057325814172830e-13
 -1.2699999999999999e+01   8.5425930114012681e-11   3.0232712448320032e-13
 -1.2650000000000000e+01   8.5230334780845262e-11   3.0393052806519339e-13
 -1.2600000000000000e+01   8.5032430106221955e-11   3.0537598857822711e-13
 -1.2549999999999999e+01   8.4832202627481555e-11   3.0665584355976436e-13
 -1.2500000000000000e+01   8.4629639275725808e-11   3.0776224723400636e-13
 -1.2449999999999999e+01   8.4424727393455876e-11   3.0868716946521992e-13
 -1.2400000000000000e+01   8.4217454752550282e-11   3.0942239483086690e-13
 -1.2350000000000000e+01   8.4007809572584499e-11   3.0995952182099875e-13
 -1.2299999999999999e+01   8.3795780539491349e-11   3.1028996217060638e-13
 -1.2250000000000000e+01   8.3581356824561259e-11   3.1040494033179946e-13
 -1.2199999999999999e+01   8.3364528103780936e-11   3.1029549309293655e-13
 -1.2150000000000000e+01   8.3145284577508704e-11   3.0995246935202953e-13
 -1.2100000000000000e+01   8.2923616990484590e-11   3.0936653005199321e-13
 -1.2049999999999999e+01   8.2699516652172577e-11   3.0852814828553781e-13
 -1.2000000000000000e+01   8.2472975457432513e-11   3.0742760957774737e-13
 -1.1949999999999999e+01   8.2243985907517982e-11   3.0605501235463528e-13
 -1.1900000000000000e+01   8.2012541131397120e-11   3.0440026860623481e-13
 -1.1850000000000000e+01   8.1778634907392033e-11   3.0245310475303403e-13
 -1.1799999999999999e+01   8.1542261685132043e-11   3.0020306272484174e-13
 -1.1750000000000000e+01   8.1303416607815740e-11   2.9763950126145255e-13
 -1.1699999999999999e+01   8.1062095534776509e-11   2.9475159744475916e-13
 -1.1650000000000000e+01   8.0818295064345142e-11   2.9152834847226862e-13
 -1.1600000000000000e+01   8.0572012557003492e-11   2.8795857368226696e-13
 -1.1549999999999999e+01   8.0323246158821637e-11   2.8403091684120660e-13
 -1.1500000000000000e+01   8.0071994825171225e-11   2.7973384870419841e-13
 -1.1449999999999999e+01   7.9818258344706354e-11   2.7505566985983305e-13
 -1.1400000000000000e+01   7.9562037363603214e-11   2.6998451387090102e-13
 -1.1350000000000000e+01   7.9303333410048828e-11   2.6450835072291785e-13
 -1.1299999999999999e+01   7.9042148918968856e-11   2.5861499059274773e-13
 -1.1250000000000000e+01   7.8778487256983313e-11   2.5229208794997153e-13
 -1.1199999999999999e+01   7.8512352747578963e-11   2.4552714600405574e-13
 -1.1150000000000000e+01   7.8243750696486049e-11   2.3830752151075720e-13
 -1.1100000000000000e+01   7.7972687417246118e-11   2.3062042995163206e-13
 -1.1049999999999999e+01   7.7699170256956923e-11   2.2245295110092452e-13
 -1.1000000000000000e+01   7.7423207622180053e-11   2.1379203499457189e-13
 -1.0949999999999999e+01   7.7144809004995546e-11   2.0462450831649656e-13
 -1.0900000000000000e+01   7.6863985009187249e-11   1.9493708121785578e-13
 -1.0850000000000000e+01   7.6580747376541721e-11   1.8471635458537630e-13
 -1.0799999999999999e+01   7.6295109013242449e-11   1.7394882777543472e-13
 -1.0750000000000000e+01   7.6007084016340088e-11   1.6262090683104661e-13
 -1.0699999999999999e+01   7.5716687700278730e-11   1.5071891319947773e-13
 -1.0650000000000000e+01   7.5423936623456943e-11   1.3822909296875880e-13
 -1.0600000000000000e+01   7.5128848614801458e-11   1.2513762664195978e-13
 -1.0549999999999999e+01   7.4831442800330182e-11   1.1143063946868075e-13
 -1.0500000000000000e+01   7.4531739629680038e-11   9.7094212353854053e-14
 -1.0449999999999999e+01   7.4229760902574095e-11   8.2114393364589928e-14
 -1.0400000000000000e+01   7.3925529795200693e-11   6.6477209856490735e-14
 -1.0350000000000000e+01   7.3619070886476893e-11   5.0168681241546887e-14
 -1.0299999999999999e+01   7.3310410184166704e-11   3.3174832420466005e-14
 -1.0250000000000000e+01   7.2999575150823305e-11   1.5481707903035741e-14
 -1.0199999999999999e+01   7.2686594729523044e-11  -2.9246133590722761e-15
 -1.0150000000000000e+01   7.2371499369357583e-11  -2.2058002401840289e-14
 -1.0100000000000000e+01   7.2054321050648830e-11  -4.1932263914703904e-14
 -1.0050000000000001e+01   7.1735093309849896e-11  -6.2561119115650159e-14
 -1.0000000000000000e+01   7.1413851264093213e-11  -8.3958187807707355e-14
 -9.9499999999999993e+00   7.1090631635346384e-11  -1.0613696958796206e-13
 -9.9000000000000004e+00   7.0765472774133431e-11  -1.2911082417921491e-13
 -9.8499999999999996e+00   7.0438414682778071e-11  -1.5289295085333786e-13
 -9.8000000000000007e+00   7.0109499038122757e-11  -1.7749636691429462e-13
 -9.7500000000000000e+00   6.9778769213676039e-11  -2.0293388520763604e-13
 -9.6999999999999993e+00   6.9446270301137876e-11  -2.2921809062206626e-13
 -9.6500000000000004e+00   6.9112049131251224e-11  -2.5636131554742807e-13
 -9.5999999999999996e+00   6.8776154293925186e-11  -2.8437561425212933e-13
 -9.5500000000000007e+00   6.8438636157572878e-11  -3.1327273614167402e-13
 -9.5000000000000000e+00   6.8099546887604928e-11  -3.4306409785849649e-13
 -9.4499999999999993e+00   6.7758940464016312e-11  -3.7376075418181400e-13
 -9.4000000000000004e+00   6.7416872698001899e-11  -4.0537336768459439e-13
 -9.3499999999999996e+00   6.7073401247532880e-11  -4.3791217710311008e-13
 -9.3000000000000007e+00   6.6728585631823276e-11  -4.7138696437280399e-13
 -9.2500000000000000e+00   6.6382487244612108e-11  -5.0580702028236182e-13
 -9.1999999999999993e+00   6.6035169366183986e-11  -5.4118110869598262e-13
 -9.1500000000000004e+00   6.5686697174047209e-11  -5.7751742929181699e-13
 -9.1000000000000014e+00   6.5337137752183932e-11  -6.1482357876243995e-13
 -9.0500000000000007e+00   6.4986560098784291e-11  -6.5310651042101920e-13
 -9.0000000000000000e+00   6.4635035132370889e-11  -6.9237249215450697e-13
 -8.9499999999999993e+00   6.4282635696216569e-11  -7.3262706266273072e-13
 -8.8999999999999986e+00   6.3929436560952910e-11  -7.7387498591968170e-13
 -8.8500000000000014e+00   6.3575514425262520e-11  -8.1612020379059269e-13
 -8.8000000000000007e+00   6.3220947914542543e-11  -8.5936578673555586e-13
 -8.7500000000000000e+00   6.2865817577421563e-11  -9.0361388252743227e-13
 -8.6999999999999993e+00   6.2510205880005938e-11  -9.4886566290864226e-13
 -8.6499999999999986e+00   6.2154197197725350e-11  -9.9512126810806183e-13
 -8.6000000000000014e+00   6.1797877804640656e-11  -1.0423797491357906e-12
 -8.5500000000000007e+00   6.1441335860070617e-11  -1.0906390077698268e-12
 -8.5000000000000000e+00   6.1084661392386029e-11  -1.1398957341448177e-12
 -8.4499999999999993e+00   6.0727946279811985e-11  -1.1901453418488955e-12
 -8.3999999999999986e+00   6.0371284228070858e-11  -1.2413819004302763e-12
 -8.3500000000000014e+00   6.0014770744689608e-11  -1.2935980652107118e-12
 -8.3000000000000007e+00   5.9658503109784961e-11  -1.3467850042980667e-12
 -8.2500000000000000e+00   5.9302580343130720e-11  -1.4009323226851669e-12
 -8.1999999999999993e+00   5.8947103167300021e-11  -1.4560279833166476e-12
 -8.1499999999999986e+00   5.8592173966664314e-11  -1.5120582249998004e-12
 -8.1000000000000014e+00   5.8237896742018864e-11  -1.5690074770293991e-12
 -8.0500000000000007e+00   5.7884377060591010e-11  -1.6268582703900962e-12
 -8.0000000000000000e+00   5.7531722001174518e-11  -1.6855911453932445e-12
 -7.9499999999999993e+00   5.7180040094117858e-11  -1.7451845555977932e-12
 -7.8999999999999986e+00   5.6829441255879579e-11  -1.8056147678573402e-12
 -7.8500000000000014e+00   5.6480036717846590e-11  -1.8668557583274053e-12
 -7.8000000000000007e+00   5.6131938949094167e-11  -1.9288791042585237e-12
 -7.7500000000000000e+00   5.5785261572747430e-11  -1.9916538713917506e-12
 -7.6999999999999993e+00   5.5440119275584387e-11  -2.0551464967635995e-12
 -7.6499999999999986e+00   5.5096627710499117e-11  -2.1193206667172938e-12
 -7.6000000000000014e+00   5.4754903391421567e-11  -2.1841371899065011e-12
 -7.5500000000000007e+00   5.4415063580266235e-11  -2.2495538650663861e-12
 -7.5000000000000000e+00   5.4077226165456870e-11  -2.3155253433147332e-12
 -7.4499999999999993e+00   5.3741509531546952e-11  -2.3820029847330149e-12
 -7.3999999999999986e+00   5.3408032419427352e-11  -2.4489347089636539e-12
 -7.3500000000000014e+00   5.3076913776582008e-11  -2.5162648395453244e-12
 -7.3000000000000007e+00   5.2748272596820256e-11  -2.5839339416927832e-12
 -7.2500000000000000e+00   5.2422227748879997e-11  -2.6518786532114437e-12
 -7.1999999999999993e+00   5.2098897793260123e-11  -2.7200315082194919e-12
 -7.1499999999999986e+00   5.1778400786601369e-11  -2.7883207533318754e-12
 -7.1000000000000014e+00   5.1460854072894598e-11  -2.8566701559409233e-12
 -7.0500000000000007e+00   5.1146374060752409e-11  -2.9249988042075873e-12
 -7.0000000000000000e+00   5.0835075985934262e-11  -2.9932208983550736e-12
 -6.9499999999999993e+00   5.0527073658267161e-11  -3.0612455328329912e-12
 -6.8999999999999986e+00   5.0222479192053022e-11  -3.1289764688949263e-12
 -6.8500000000000014e+00   4.9921402719000448e-11  -3.1963118971056789e-12
 -6.8000000000000007e+00   4.9623952082662025e-11  -3.2631441892659981e-12
 -6.7500000000000000e+00   4.9330232513298855e-11  -3.3293596392122744e-12
 -6.6999999999999993e+00   4.9040346282031294e-11  -3.3948381919162610e-12
 -6.6499999999999986e+00   4.8754392333069258e-11  -3.4594531602753813e-12
 -6.6000000000000014e+00   4.8472465892746382e-11  -3.5230709289475644e-12
 -6.5500000000000007e+00   4.8194658054010381e-11  -3.5855506445455098e-12
 -6.5000000000000000e+00   4.7921055334946190e-11  -3.6467438914636464e-12
 -6.4499999999999993e+00   4.7651739209830021e-11  -3.7064943525664522e-12
 -6.3999999999999986e+00   4.7386785611129628e-11  -3.7646374539193273e-12
 -6.3500000000000014e+00   4.7126264400780902e-11  -3.8209999926927931e-12
 -6.3000000000000007e+00   4.6870238808982636e-11  -3.8753997473170874e-12
 -6.2500000000000000e+00   4.6618764838659288e-11  -3.9276450689067724e-12
 -6.1999999999999993e+00   4.6371890633646763e-11  -3.9775344529135858e-12
 -6.1499999999999986e+00   4.6129655808558768e-11  -4.0248560899003812e-12
 -6.1000000000000014e+00   4.5892090738191450e-11  -4.0693873942594615e-12
 -6.0500000000000007e+00   4.5659215804222706e-11  -4.1108945096247015e-12
 -6.0000000000000000e+00   4.5431040596858573e-11  -4.1491317896477655e-12
 -5.9499999999999993e+00   4.5207563068974798e-11  -4.1838412527243084e-12
 -5.8999999999999986e+00   4.4988768640196439e-11  -4.2147520091661652e-12
 -5.8500000000000014e+00   4.4774629248254170e-11  -4.2415796592201990e-12
 -5.8000000000000007e+00   4.4565102344853249e-11  -4.2640256602331441e-12
 -5.7500000000000000e+00   4.4360129833190906e-11  -4.2817766611537244e-12
 -5.6999999999999993e+00   4.4159636944161150e-11  -4.2945038024481688e-12
 -5.6499999999999986e+00   4.3963531048195360e-11  -4.3018619793830535e-12
 -5.6000000000000014e+00   4.3771700399603839e-11  -4.3034890665002419e-12
 -5.5500000000000007e+00   4.3584012810210655e-11  -4.2990051009718999e-12
 -5.5000000000000000e+00   4.3400314249013308e-11  -4.2880114223784971e-12
 -5.4499999999999993e+00   4.3220427364552818e-11  -4.2700897662989400e-12
 -5.3999999999999986e+00   4.3044149926652963e-11  -4.2448013089398706e-12
 -5.3500000000000014e+00   4.2871253184184167e-11  -4.2116856598611041e-12
 -5.3000000000000007e+00   4.2701480135532451e-11  -4.1702597996758219e-12
 -5.2500000000000000e+00   4.2534543708510890e-11  -4.1200169594168474e-12
 -5.1999999999999993e+00   4.2370124846547830e-11  -4.0604254380642451e-12
 -5.1499999999999986e+00   4.2207870498129471e-11  -3.9909273545258253e-12
 -5.1000000000000014e+00   4.2047391506672979e-11  -3.9109373301520920e-12
 -5.0500000000000007e+00   4.1888260398270554e-11  -3.8198410976514749e-12
 -5.0000000000000000e+00   4.1730009065084179e-11  -3.7169940320506931e-12
 -4.9499999999999993e+00   4.1572126342597347e-11  -3.6017195991204068e-12
 -4.8999999999999986e+00   4.1414055479459788e-11  -3.4733077164612890e-12
 -4.8500000000000014e+00   4.1255191499312020e-11  -3.3310130222243515e-12
 -4.8000000000000007e+00   4.1094878454765789e-11  -3.1740530462251039e-12
 -4.7500000000000000e+00   4.0932406574666690e-11  -3.0016062780077200e-12
 -4.6999999999999993e+00   4.0767009306899734e-11  -2.8128101262286165e-12
 -4.6499999999999986e+00   4.0597860260349217e-11  -2.6067587635679893e-12
 -4.6000000000000014e+00   4.0424070051223093e-11  -2.3825008512536363e-12
 -4.5500000000000007e+00   4.0244683060838763e-11  -2.1390371372051130e-12
 -4.5000000000000000e+00   4.0058674114182085e-11  -1.8753179217908120e-12
 -4.4499999999999993e+00   3.9864945091144502e-11  -1.5902403852533390e-12
 -4.3999999999999986e+00   3.9662321485373367e-11  -1.2826457710231927e-12
 -4.3500000000000014e+00   3.9449548929203726e-11  -9.5131641943572544e-13
 -4.3000000000000007e+00   3.9225289707250672e-11  -5.9497264682323684e-13
 -4.2500000000000000e+00   3.8988119286012579e-11  -2.1226946560971590e-13
 -4.1999999999999993e+00   3.8736522892363739e-11   1.9820685806277154e-13
 -4.1499999999999986e+00   3.8468892180213010e-11   6.3794241143974195e-13
 -4.1000000000000014e+00   3.8183522032001532e-11   1.1084994076705026e-12
 -4.0500000000000007e+00   3.7878607550250217e-11   1.6115201223674602e-12
 -4.0000000000000000e+00   3.7552241304205800e-11   2.1487309902367218e-12
 -3.9499999999999993e+00   3.7202410907957346e-11   2.7219468545249630e-12
 -3.8999999999999986e+00   3.6826997019412742e-11   3.3330753579165845e-12
 -3.8500000000000014e+00   3.6423771864475434e-11   3.9841214583983896e-12
 -3.8000000000000007e+00   3.5990398407906038e-11   4.6771920472788623e-12
 -3.7500000000000000e+00   3.5524430311979616e-11   5.4145006387609330e-12
 -3.6999999999999993e+00   3.5023312846481836e-11   6.1983720909253440e-12
 -3.6500000000000021e+00   3.4484384939184116e-11   7.0312473063289237e-12
 -3.6000000000000014e+00   3.3904882585093005e-11   7.9156878462349911e-12
 -3.5500000000000007e+00   3.3281943865897703e-11   8.8543803752787194e-12
 -3.5000000000000000e+00   3.2612615868579272e-11   9.8501408325526048e-12
 -3.4499999999999993e+00   3.1893863834549796e-11   1.0905918199995813e-11
 -3.4000000000000021e+00   3.1122582918425596e-11   1.2024797708783351e-11
 -3.3500000000000014e+00   3.0295612989050748e-11   1.3210003288205421e-11
 -3.3000000000000007e+00   2.9409756965066018e-11   1.4464899018242052e-11
 -3.2500000000000000e+00   2.8461803243455922e-11   1.5792989295466489e-11
 -3.1999999999999993e+00   2.7448552852249104e-11   1.7197917360684883e-11
 -3.1500000000000021e+00   2.6366852037818220e-11   1.8683461764302577e-11
 -3.1000000000000014e+00   2.5213631082610462e-11   2.0253530260118014e-11
 -3.0500000000000007e+00   2.3985950239729437e-11   2.1912150518300611e-11
 -3.0000000000000000e+00   2.2681053764995051e-11   2.3663456931879012e-11
 -2.9499999999999993e+00   2.1296433122431674e-11   2.5511672656348264e-11
 -2.9000000000000021e+00   1.9829900531865700e-11   2.7461085867360149e-11
 -2.8500000000000014e+00   1.8279674112130303e-11   2.9516019045641650e-11
 -2.8000000000000007e+00   1.6644475942844821e-11   3.1680789900767056e-11
 -2.7500000000000000e+00   1.4923644411738710e-11   3.3959662326817254e-11
 -2.6999999999999993e+00   1.3117262219545472e-11   3.6356785545650974e-11
 -2.6500000000000021e+00   1.1226301362987920e-11   3.8876119342356479e-11
 -2.6000000000000014e+00   9.2527862856901402e-12   4.1521343040896749e-11
 -2.5500000000000007e+00   7.1999761484480088e-12   4.4295745619402288e-11
 -2.5000000000000000e+00   5.0725667889216034e-12   4.7202094144006293e-11
 -2.4499999999999993e+00   2.8769123739828363e-12   5.0242477536126782e-11
 -2.4000000000000021e+00   6.2126594585143793e-13   5.3418122620078333e-11
 -2.3500000000000014e+00  -1.6839630305799994e-12   5.6729179478545050e-11
 -2.3000000000000007e+00  -4.0259374579936071e-12   6.0174473441171611e-11
 -2.2500000000000000e+00  -6.3891129329342341e-12   6.3751221632262429e-11
 -2.1999999999999993e+00  -8.7549571342161459e-12   6.7454713011322316e-11
 -2.1500000000000021e+00  -1.1101678631842627e-11   7.1277952375235769e-11
 -2.1000000000000014e+00  -1.3403978815691999e-11   7.5211270984479915e-11
 -2.0500000000000007e+00  -1.5632844442627670e-11   7.9241909459020861e-11
 -2.0000000000000000e+00  -1.7755402428500202e-11   8.3353582474699814e-11
 -1.9499999999999993e+00  -1.9734862726791768e-11   8.7526039642696732e-11
 -1.9000000000000021e+00  -2.1530579054841442e-11   9.1734642750316567e-11
 -1.8500000000000014e+00  -2.3098260298515421e-11   9.5949986119747648e-11
 -1.8000000000000007e+00  -2.4390366911446526e-11   1.0013759384438260e-10
 -1.7500000000000000e+00  -2.5356725622890165e-11   1.0425773447597995e-10
 -1.6999999999999993e+00  -2.5945391267653742e-11   1.0826539944722165e-10
 -1.6500000000000021e+00  -2.6103775551620685e-11   1.1211049490325010e-10
 -1.6000000000000014e+00  -2.5780048266295427e-11   1.1573829621267084e-10
 -1.5500000000000007e+00  -2.4924796522312641e-11   1.1909020866197586e-10
 -1.5000000000000000e+00  -2.3492902398650309e-11   1.2210486529433307e-10
 -1.4499999999999993e+00  -2.1445570456112559e-11   1.2471957264673622e-10
 -1.4000000000000021e+00  -1.8752406516818595e-11   1.2687208734040058e-10
 -1.3500000000000014e+00  -1.5393421832484432e-11   1.2850267252954902e-10
 -1.3000000000000007e+00  -1.1360816968065565e-11   1.2955634617767880e-10
 -1.2500000000000000e+00  -6.6603922795632127e-12   1.2998519763827417e-10
 -1.1999999999999993e+00  -1.3124407847409632e-12   1.2975062077857570e-10
 -1.1500000000000021e+00   4.6479934276010499e-12   1.2882529675202322e-10
 -1.1000000000000014e+00   1.1171563165757383e-11   1.2719476222983466e-10
 -1.0500000000000007e+00   1.8195786020810788e-11   1.2485842176126405e-10
 -1.0000000000000000e+00   2.5646881030646792e-11   1.2182990489826991e-10
 -9.4999999999999929e-01   3.3442160966167088e-11   1.1813672514394228e-10
 -9.0000000000000213e-01   4.1492816779279069e-11   1.1381926106691396e-10
 -8.5000000000000142e-01   4.9706899415625444e-11   1.0892914097353169e-10
 -8.0000000000000071e-01   5.7992295740318349e-11   1.0352716264224874e-10
 -7.5000000000000000e-01   6.6259509709550909e-11   9.7680912272901956e-11
 -6.9999999999999929e-01   7.4424093213141545e-11   9.1462258827278580e-11
 -6.5000000000000213e-01   8.2408616965558965e-11   8.4944891866078605e-11
 -6.0000000000000142e-01   9.0144122386647909e-11   7.8202046474332095e-11
 -5.5000000000000071e-01   9.7571044547044241e-11   7.1304523558860873e-11
 -5.0000000000000000e-01   1.0463963632198008e-10   6.4319073902947441e-11
 -4.4999999999999929e-01   1.1130995610552139e-10   5.7307175563690485e-11
 -4.0000000000000213e-01   1.1755149592524271e-10   5.0324200581214730e-11
 -3.5000000000000142e-01   1.2334254175895620e-10   4.3418941266846843e-11
 -3.0000000000000071e-01   1.2866934179142514e-10   3.6633448860023024e-11
 -2.5000000000000000e-01   1.3352517747017712e-10   3.0003128604598688e-11
 -1.9999999999999929e-01   1.3790936986391202e-10   2.3557032114769546e-11
 -1.5000000000000213e-01   1.4182633267365348e-10   1.7318292009069920e-11
 -1.0000000000000142e-01   1.4528460299333263e-10   1.1304646071545888e-11
 -5.0000000000000711e-02   1.4829607216932087e-10   5.5290047475257395e-12
  0.0000000000000000e+00   1.5087511702369445e-10   0.0000000000000000e+00
