# Columns: x, u, lamda
# time_step 4000
# time   4.0000000000000000e+01
 -2.5149999999999999e+01   9.8888966886372111e-11   8.6214368158797411e-16
 -2.5099999999999998e+01   9.8888966886372111e-11   8.6214368158797411e-16
 -2.5049999999999997e+01   9.8888966886372111e-11   8.6214368158797411e-16
 -2.5000000000000000e+01   9.8888966886372111e-11   8.6214368158797411e-16
 -2.4949999999999999e+01   9.8889095267062752e-11   9.0695125363635734e-16
 -2.4899999999999999e+01   9.8889798306531506e-11   9.3218214246091106e-16
 -2.4849999999999998e+01   9.8891537808795718e-11   9.7093018420309463e-16
 -2.4799999999999997e+01   9.8894773482886408e-11   1.0040214892950585e-15
 -2.4750000000000000e+01   9.8899679540430057e-11   1.0424146694109223e-15
 -2.4699999999999999e+01   9.8906022123185949e-11   1.0799131026106745e-15
 -2.4649999999999999e+01   9.8913053895521392e-11   1.1201075406531926e-15
 -2.4599999999999998e+01   9.8919592547248854e-11   1.1610090051305863e-15
 -2.4549999999999997e+01   9.8924230976722917e-11   1.2038103610139214e-15
 -2.4500000000000000e+01   9.8925689618871965e-11   1.2478843582382520e-15
 -2.4449999999999999e+01   9.8923201458690519e-11   1.2936074304931909e-15
 -2.4399999999999999e+01   9.8916749199713747e-11   1.3407328625227843e-15
 -2.4349999999999998e+01   9.8906922250520791e-11   1.3894488472366342e-15
 -2.4299999999999997e+01   9.8894646556474591e-11   1.4397034041933302e-15
 -2.4250000000000000e+01   9.8880907234258259e-11   1.4915828637229917e-15
 -2.4199999999999999e+01   9.8866532284703345e-11   1.5450951968689185e-15
 -2.4149999999999999e+01   9.8852073732441770e-11   1.6002935784901494e-15
 -2.4099999999999998e+01   9.8837792550130771e-11   1.6572058691965473e-15
 -2.4049999999999997e+01   9.8823720999129609e-11   1.7158748414970365e-15
 -2.4000000000000000e+01   9.8809759010850596e-11   1.7763352205651720e-15
 -2.3949999999999999e+01   9.8795764354936889e-11   1.8386267637382231e-15
 -2.3899999999999999e+01   9.8781613735777440e-11   1.9027867755158583e-15
 -2.3849999999999998e+01   9.8767230507603611e-11   1.9688543460758505e-15
 -2.3799999999999997e+01   9.8752586498347951e-11   2.0368678997667807e-15
 -2.3750000000000000e+01   9.8737689098912516e-11   2.1068665566013538e-15
 -2.3699999999999999e+01   9.8722563492733250e-11   2.1788893185899517e-15
 -2.3649999999999999e+01   9.8707236851381418e-11   2.2529754958468649e-15
 -2.3599999999999998e+01   9.8691728185410880e-11   2.3291644254438571e-15
 -2.3549999999999997e+01   9.8676044744539459e-11   2.4074955926216023e-15
 -2.3500000000000000e+01   9.8660183668851413e-11   2.4880085213202623e-15
 -2.3449999999999999e+01   9.8644136370269595e-11   2.5707427943733880e-15
 -2.3399999999999999e+01   9.8627893082373584e-11   2.6557379976977517e-15
 -2.3349999999999998e+01   9.8611445902409041e-11   2.7430337055723423e-15
 -2.3299999999999997e+01   9.8594789853846315e-11   2.8326694403616936e-15
 -2.3250000000000000e+01   9.8577922425514515e-11   2.9246846447739341e-15
 -2.3199999999999999e+01   9.8560842416571144e-11   3.0191186450690225e-15
 -2.3149999999999999e+01   9.8543548809363526e-11   3.1160106175462456e-15
 -2.3099999999999998e+01   9.8526040059236856e-11   3.2153995512821422e-15
 -2.3049999999999997e+01   9.8508313867016629e-11   3.3173242110456596e-15
 -2.3000000000000000e+01   9.8490367303257996e-11   3.4218230980890072e-15
 -2.2949999999999999e+01   9.8472197091309940e-11   3.5289344100502622e-15
 -2.2899999999999999e+01   9.8453799884504535e-11   3.6386959992215596e-15
 -2.2849999999999998e+01   9.8435172441578353e-11   3.7511453295613479e-15
 -2.2799999999999997e+01   9.8416311676938277e-11   3.8663194322344519e-15
 -2.2750000000000000e+01   9.8397214615894410e-11   3.9842548597743305e-15
 -2.2699999999999999e+01   9.8377878308932213e-11   4.1049876387995558e-15
 -2.2649999999999999e+01   9.8358299754621251e-11   4.2285532213104233e-15
 -2.2599999999999998e+01   9.8338475858602165e-11   4.3549864345231462e-15
 -2.2549999999999997e+01   9.8318403430879834e-11   4.4843214292341249e-15
 -2.2500000000000000e+01   9.8298079206872322e-11   4.6165916266993611e-15
 -2.2449999999999999e+01   9.8277499873453231e-11   4.7518296640043864e-15
 -2.2399999999999999e+01   9.8256662086681049e-11   4.8900673379262518e-15
 -2.2349999999999998e+01   9.8235562476911433e-11   5.0313355472628627e-15
 -2.2299999999999997e+01   9.8214197644175719e-11   5.1756642336302915e-15
 -2.2250000000000000e+01   9.8192564149687462e-11   5.3230823207176174e-15
 -2.2199999999999999e+01   9.8170658508564018e-11   5.4736176519825814e-15
 -2.2149999999999999e+01   9.8148477186206044e-11   5.6272969267934361e-15
 -2.2099999999999998e+01   9.8126016598180612e-11   5.7841456350024919e-15
 -2.2049999999999997e+01   9.8103273111991348e-11   5.9441879899497176e-15
 -2.2000000000000000e+01   9.8080243048950096e-11   6.1074468598906466e-15
 -2.1949999999999999e+01   9.8056922685045123e-11   6.2739436978444317e-15
 -2.1899999999999999e+01   9.8033308250597087e-11   6.4436984698606205e-15
 -2.1849999999999998e+01   9.8009395929122932e-11   6.6167295817231095e-15
 -2.1799999999999997e+01   9.7985181856033983e-11   6.7930538040586542e-15
 -2.1750000000000000e+01   9.7960662117618644e-11   6.9726861958893452e-15
 -2.1699999999999999e+01   9.7935832750441424e-11   7.1556400266116046e-15
 -2.1649999999999999e+01   9.7910689741034538e-11   7.3419266964208580e-15
 -2.1599999999999998e+01   9.7885229025666383e-11   7.5315556551817366e-15
 -2.1549999999999997e+01   9.7859446490019302e-11   7.7245343197634523e-15
 -2.1500000000000000e+01   9.7833337968723113e-11   7.9208679898465279e-15
 -2.1449999999999999e+01   9.7806899244784867e-11   8.1205597622209381e-15
 -2.1399999999999999e+01   9.7780126048992181e-11   8.3236104435866029e-15
 -2.1349999999999998e+01   9.7753014059347010e-11   8.5300184618825290e-15
 -2.1299999999999997e+01   9.7725558900547051e-11   8.7397797761588290e-15
 -2.1250000000000000e+01   9.7697756143498614e-11   8.9528877850249554e-15
 -2.1199999999999999e+01   9.7669601304837103e-11   9.1693332336868492e-15
 -2.1149999999999999e+01   9.7641089846436654e-11   9.3891041196161911e-15
 -2.1099999999999998e+01   9.7612217174903288e-11   9.6121855968738993e-15
 -2.1049999999999997e+01   9.7582978641058694e-11   9.8385598791233147e-15
 -2.1000000000000000e+01   9.7553369539423491e-11   1.0068206141371655e-14
 -2.0949999999999999e+01   9.7523385107704369e-11   1.0301100420481153e-14
 -2.0899999999999999e+01   9.7493020526288045e-11   1.0537215514484758e-14
 -2.0849999999999998e+01   9.7462270917738560e-11   1.0776520880763437e-14
 -2.0799999999999997e+01   9.7431131346295965e-11   1.1018982533123918e-14
 -2.0750000000000000e+01   9.7399596817375220e-11   1.1264562937834113e-14
 -2.0699999999999999e+01   9.7367662277065429e-11   1.1513220908669743e-14
 -2.0649999999999999e+01   9.7335322611629699e-11   1.1764911501031244e-14
 -2.0599999999999998e+01   9.7302572647005347e-11   1.2019585905194525e-14
 -2.0549999999999997e+01   9.7269407148304596e-11   1.2277191338760018e-14
 -2.0500000000000000e+01   9.7235820819317688e-11   1.2537670938368163e-14
 -2.0449999999999999e+01   9.7201808302018474e-11   1.2800963650758335e-14
 -2.0399999999999999e+01   9.7167364176073241e-11   1.3067004123247715e-14
 -2.0349999999999998e+01   9.7132482958355654e-11   1.3335722593703789e-14
 -2.0299999999999997e+01   9.7097159102465216e-11   1.3607044780112555e-14
 -2.0250000000000000e+01   9.7061386998248101e-11   1.3880891769814975e-14
 -2.0199999999999999e+01   9.7025160971320593e-11   1.4157179908517794e-14
 -2.0149999999999999e+01   9.6988475282596225e-11   1.4435820689167029e-14
 -2.0099999999999998e+01   9.6951324127817474e-11   1.4716720640794585e-14
 -2.0049999999999997e+01   9.6913701637089417e-11   1.4999781217448111e-14
 -2.0000000000000000e+01   9.6875601874417853e-11   1.5284898687303152e-14
 -1.9949999999999999e+01   9.6837018837252050e-11   1.5571964022090390e-14
 -1.9899999999999999e+01   9.6797946456031542e-11   1.5860862786952317e-14
 -1.9849999999999998e+01   9.6758378593738771e-11   1.6151475030856624e-14
 -1.9799999999999997e+01   9.6718309045459613e-11   1.6443675177698121e-14
 -1.9750000000000000e+01   9.6677731537950408e-11   1.6737331918233283e-14
 -1.9699999999999999e+01   9.6636639729210226e-11   1.7032308102985042e-14
 -1.9649999999999999e+01   9.6595027208057728e-11   1.7328460636270127e-14
 -1.9599999999999998e+01   9.6552887493715219e-11   1.7625640371494977e-14
 -1.9549999999999997e+01   9.6510214035399820e-11   1.7923692007893963e-14
 -1.9500000000000000e+01   9.6467000211921027e-11   1.8222453988866248e-14
 -1.9449999999999999e+01   9.6423239331286266e-11   1.8521758402084169e-14
 -1.9399999999999999e+01   9.6378924630313495e-11   1.8821430881558773e-14
 -1.9349999999999998e+01   9.6334049274252943e-11   1.9121290511833121e-14
 -1.9299999999999997e+01   9.6288606356416818e-11   1.9421149734510944e-14
 -1.9250000000000000e+01   9.6242588897817704e-11   1.9720814257302334e-14
 -1.9199999999999999e+01   9.6195989846816296e-11   2.0020082965799652e-14
 -1.9149999999999999e+01   9.6148802078778464e-11   2.0318747838189839e-14
 -1.9099999999999998e+01   9.6101018395741444e-11   2.0616593863123021e-14
 -1.9049999999999997e+01   9.6052631526090160e-11   2.0913398960956377e-14
 -1.9000000000000000e+01   9.6003634124244514e-11   2.1208933908608427e-14
 -1.8949999999999999e+01   9.5954018770358172e-11   2.1502962268259945e-14
 -1.8899999999999999e+01   9.5903777970028335e-11   2.1795240320146369e-14
 -1.8849999999999998e+01   9.5852904154017314e-11   2.2085516999693149e-14
 -1.8799999999999997e+01   9.5801389677985434e-11   2.2373533839257188e-14
 -1.8750000000000000e+01   9.5749226822236617e-11   2.2659024914731599e-14
 -1.8699999999999999e+01   9.5696407791475559e-11   2.2941716797306111e-14
 -1.8649999999999999e+01   9.5642924714578648e-11   2.3221328510640744e-14
 -1.8599999999999998e+01   9.5588769644378360e-11   2.3497571493767695e-14
 -1.8549999999999997e+01   9.5533934557461508e-11   2.3770149570001864e-14
 -1.8500000000000000e+01   9.5478411353983565e-11   2.4038758922168566e-14
 -1.8449999999999999e+01   9.5422191857497593e-11   2.4303088074468789e-14
 -1.8399999999999999e+01   9.5365267814796547e-11   2.4562817881300010e-14
 -1.8349999999999998e+01   9.5307630895769932e-11   2.4817621523357358e-14
 -1.8299999999999997e+01   9.5249272693277094e-11   2.5067164511356656e-14
 -1.8250000000000000e+01   9.5190184723037616e-11   2.5311104697727369e-14
 -1.8199999999999999e+01   9.5130358423539039e-11   2.5549092296628356e-14
 -1.8149999999999999e+01   9.5069785155962655e-11   2.5780769912645745e-14
 -1.8099999999999998e+01   9.5008456204126569e-11   2.6005772578552606e-14
 -1.8049999999999997e+01   9.4946362774446413e-11   2.6223727802501701e-14
 -1.8000000000000000e+01   9.4883495995915138e-11   2.6434255625040520e-14
 -1.7949999999999999e+01   9.4819846920102467e-11   2.6636968686351079e-14
 -1.7899999999999999e+01   9.4755406521173742e-11   2.6831472304115094e-14
 -1.7849999999999998e+01   9.4690165695928514e-11   2.7017364562420004e-14
 -1.7799999999999997e+01   9.4624115263858811e-11   2.7194236412131604e-14
 -1.7750000000000000e+01   9.4557245967228831e-11   2.7361671783155669e-14
 -1.7699999999999999e+01   9.4489548471176565e-11   2.7519247709042396e-14
 -1.7649999999999999e+01   9.4421013363838151e-11   2.7666534464368045e-14
 -1.7600000000000001e+01   9.4351631156494617e-11   2.7803095715365120e-14
 -1.7549999999999997e+01   9.4281392283740604e-11   2.7928488684262040e-14
 -1.7500000000000000e+01   9.4210287103676732e-11   2.8042264327799640e-14
 -1.7449999999999999e+01   9.4138305898126687e-11   2.8143967530420943e-14
 -1.7399999999999999e+01   9.4065438872878407e-11   2.8233137312623646e-14
 -1.7350000000000001e+01   9.3991676157950876e-11   2.8309307054966543e-14
 -1.7299999999999997e+01   9.3917007807885961e-11   2.8372004738258806e-14
 -1.7250000000000000e+01   9.3841423802066372e-11   2.8420753200429690e-14
 -1.7199999999999999e+01   9.3764914045060626e-11   2.8455070410620400e-14
 -1.7149999999999999e+01   9.3687468366994150e-11   2.8474469761031086e-14
 -1.7100000000000001e+01   9.3609076523947726e-11   2.8478460377060128e-14
 -1.7049999999999997e+01   9.3529728198384740e-11   2.8466547446294997e-14
 -1.7000000000000000e+01   9.3449412999607698e-11   2.8438232566910440e-14
 -1.6949999999999999e+01   9.3368120464243664e-11   2.8393014116048904e-14
 -1.6899999999999999e+01   9.3285840056758547e-11   2.8330387638755033e-14
 -1.6850000000000001e+01   9.3202561170001743e-11   2.8249846258043201e-14
 -1.6799999999999997e+01   9.3118273125780853e-11   2.8150881106706429e-14
 -1.6750000000000000e+01   9.3032965175467445e-11   2.8032981781448394e-14
 -1.6699999999999999e+01   9.2946626500635314e-11   2.7895636819957029e-14
 -1.6649999999999999e+01   9.2859246213730411e-11   2.7738334201534029e-14
 -1.6600000000000001e+01   9.2770813358773775e-11   2.7560561871896020e-14
 -1.6549999999999997e+01   9.2681316912097094e-11   2.7361808292783007e-14
 -1.6500000000000000e+01   9.2590745783111632e-11   2.7141563017005911e-14
 -1.6449999999999999e+01   9.2499088815111576e-11   2.6899317289571398e-14
 -1.6399999999999999e+01   9.2406334786111623e-11   2.6634564675544199e-14
 -1.6350000000000001e+01   9.2312472409719264e-11   2.6346801715289870e-14
 -1.6299999999999997e+01   9.2217490336042645e-11   2.6035528607761472e-14
 -1.6250000000000000e+01   9.2121377152633991e-11   2.5700249922501847e-14
 -1.6199999999999999e+01   9.2024121385469568e-11   2.5340475341023754e-14
 -1.6149999999999999e+01   9.1925711499966482e-11   2.4955720428250159e-14
 -1.6100000000000001e+01   9.1826135902036393e-11   2.4545507434693094e-14
 -1.6049999999999997e+01   9.1725382939175813e-11   2.4109366130063942e-14
 -1.6000000000000000e+01   9.1623440901594799e-11   2.3646834668982990e-14
 -1.5949999999999999e+01   9.1520298023384087e-11   2.3157460489510355e-14
 -1.5899999999999999e+01   9.1415942483720142e-11   2.2640801245175157e-14
 -1.5850000000000000e+01   9.1310362408109066e-11   2.2096425771202827e-14
 -1.5799999999999999e+01   9.1203545869669084e-11   2.1523915085657778e-14
 -1.5750000000000000e+01   9.1095480890452914e-11   2.0922863426179280e-14
 -1.5699999999999999e+01   9.0986155442809632e-11   2.0292879323045568e-14
 -1.5649999999999999e+01   9.0875557450786125e-11   1.9633586709250210e-14
 -1.5600000000000000e+01   9.0763674791568606e-11   1.8944626068308677e-14
 -1.5549999999999999e+01   9.0650495296964302e-11   1.8225655620501717e-14
 -1.5500000000000000e+01   9.0536006754923736e-11   1.7476352548259098e-14
 -1.5449999999999999e+01   9.0420196911102861e-11   1.6696414261398502e-14
 -1.5399999999999999e+01   9.0303053470465008e-11   1.5885559702917277e-14
 -1.5350000000000000e+01   9.0184564098924239e-11   1.5043530696037735e-14
 -1.5299999999999999e+01   9.0064716425028953e-11   1.4170093333221239e-14
 -1.5250000000000000e+01   8.9943498041686250e-11   1.3265039407834086e-14
 -1.5199999999999999e+01   8.9820896507926268e-11   1.2328187889169349e-14
 -1.5149999999999999e+01   8.9696899350706948e-11   1.1359386441503653e-14
 -1.5100000000000000e+01   8.9571494066759037e-11   1.0358512987887619e-14
 -1.5049999999999999e+01   8.9444668124470361e-11   9.3254773193372700e-15
 -1.5000000000000000e+01   8.9316408965809985e-11   8.2602227501021341e-15
 -1.4949999999999999e+01   8.9186704008291621e-11   7.1627278196769764e-15
 -1.4899999999999999e+01   8.9055540646976070e-11   6.0330080422160035e-15
 -1.4850000000000000e+01   8.8922906256512326e-11   4.8711177039903982e-15
 -1.4799999999999999e+01   8.8788788193216398e-11   3.6771517095385131e-15
 -1.4750000000000000e+01   8.8653173797187885e-11   2.4512474771273277e-15
 -1.4699999999999999e+01   8.8516050394463076e-11   1.1935868841486484e-15
 -1.4649999999999999e+01   8.8377405299204337e-11  -9.5601736944784951e-17
 -1.4600000000000000e+01   8.8237225815924640e-11  -1.4160415515782505e-15
 -1.4549999999999999e+01   8.8095499241746873e-11  -2.7674051242800917e-15
 -1.4500000000000000e+01   8.7952212868696977e-11  -4.1493122676423353e-15
 -1.4449999999999999e+01   8.7807353986029633e-11  -5.5613278384551117e-15
 -1.4400000000000000e+01   8.7660909882585518e-11  -7.0029594804977284e-15
 -1.4350000000000000e+01   8.7512867849179543e-11  -8.4736553134745447e-15
 -1.4299999999999999e+01   8.7363215181017876e-11  -9.9728015675825495e-15
 -1.4250000000000000e+01   8.7211939180142686e-11  -1.1499720163265778e-14
 -1.4199999999999999e+01   8.7059027157903410e-11  -1.3053666235688854e-14
 -1.4150000000000000e+01   8.6904466437453276e-11  -1.4633825603500595e-14
 -1.4100000000000000e+01   8.6748244356268737e-11  -1.6239312181484226e-14
 -1.4049999999999999e+01   8.6590348268690431e-11  -1.7869165336719111e-14
 -1.4000000000000000e+01   8.6430765548484221e-11  -1.9522347187889510e-14
 -1.3949999999999999e+01   8.6269483591419852e-11  -2.1197739847421263e-14
 -1.3900000000000000e+01   8.6106489817865095e-11  -2.2894142606140906e-14
 -1.3850000000000000e+01   8.5941771675393252e-11  -2.4610269060197333e-14
 -1.3799999999999999e+01   8.5775316641401712e-11  -2.6344744180000412e-14
 -1.3750000000000000e+01   8.5607112225738923e-11  -2.8096101320975890e-14
 -1.3699999999999999e+01   8.5437145973337330e-11  -2.9862779175969836e-14
 -1.3650000000000000e+01   8.5265405466849374e-11  -3.1643118669157755e-14
 -1.3600000000000000e+01   8.5091878329283992e-11  -3.3435359791377589e-14
 -1.3549999999999999e+01   8.4916552226640395e-11  -3.5237638376805753e-14
 -1.3500000000000000e+01   8.4739414870535521e-11  -3.7047982820984547e-14
 -1.3449999999999999e+01   8.4560454020822547e-11  -3.8864310740198813e-14
 -1.3400000000000000e+01   8.4379657488195974e-11  -4.0684425572288744e-14
 -1.3350000000000000e+01   8.4197013136780110e-11  -4.2506013118998568e-14
 -1.3299999999999999e+01   8.4012508886697320e-11  -4.4326638030035429e-14
 -1.3250000000000000e+01   8.3826132716611729e-11  -4.6143740229026416e-14
 -1.3199999999999999e+01   8.3637872666243740e-11  -4.7954631281647532e-14
 -1.3150000000000000e+01   8.3447716838851620e-11  -4.9756490706238550e-14
 -1.3100000000000000e+01   8.3255653403675122e-11  -5.1546362227251816e-14
 -1.3049999999999999e+01   8.3061670598336459e-11  -5.3321149971980407e-14
 -1.3000000000000000e+01   8.2865756731193579e-11  -5.5077614611025597e-14
 -1.2949999999999999e+01   8.2667900183640442e-11  -5.6812369443055967e-14
 -1.2900000000000000e+01   8.2468089412348892e-11  -5.8521876424456458e-14
 -1.2850000000000000e+01   8.2266312951446774e-11  -6.0202442144539160e-14
 -1.2799999999999999e+01   8.2062559414625894e-11  -6.1850213747040387e-14
 -1.2750000000000000e+01   8.1856817497173954e-11  -6.3461174798721192e-14
 -1.2699999999999999e+01   8.1649075977924094e-11  -6.5031141105929862e-14
 -1.2650000000000000e+01   8.1439323721115581e-11  -6.6555756480087169e-14
 -1.2600000000000000e+01   8.1227549678158701e-11  -6.8030488453108365e-14
 -1.2549999999999999e+01   8.1013742889297031e-11  -6.9450623943869642e-14
 -1.2500000000000000e+01   8.0797892485159426e-11  -7.0811264876896056e-14
 -1.2449999999999999e+01   8.0579987688194437e-11  -7.2107323754541181e-14
 -1.2400000000000000e+01   8.0360017813978963e-11  -7.3333519184006608e-14
 -1.2350000000000000e+01   8.0137972272393548e-11  -7.4484371360653060e-14
 -1.2299999999999999e+01   7.9913840568655877e-11  -7.5554197509110468e-14
 -1.2250000000000000e+01   7.9687612304203208e-11  -7.6537107283840135e-14
 -1.2199999999999999e+01   7.9459277177415965e-11  -7.7426998130853611e-14
 -1.2150000000000000e+01   7.9228824984172255e-11  -7.8217550612424130e-14
 -1.2100000000000000e+01   7.8996245618224666e-11  -7.8902223696706838e-14
 -1.2049999999999999e+01   7.8761529071388975e-11  -7.9474250014306333e-14
 -1.2000000000000000e+01   7.8524665433535145e-11  -7.9926631083932504e-14
 -1.1949999999999999e+01   7.8285644892369981e-11  -8.0252132509403313e-14
 -1.1900000000000000e+01   7.8044457733001244e-11  -8.0443279150357903e-14
 -1.1850000000000000e+01   7.7801094337271951e-11  -8.0492350269177150e-14
 -1.1799999999999999e+01   7.7555545182853763e-11  -8.0391374656727755e-14
 -1.1750000000000000e+01   7.7307800842087957e-11  -8.0132125739663763e-14
 -1.1699999999999999e+01   7.7057851980562410e-11  -7.9706116672169761e-14
 -1.1650000000000000e+01   7.6805689355412087e-11  -7.9104595415137002e-14
 -1.1600000000000000e+01   7.6551303813330629e-11  -7.8318539805935975e-14
 -1.1549999999999999e+01   7.6294686288280696e-11  -7.7338652622058026e-14
 -1.1500000000000000e+01   7.6035827798889606e-11  -7.6155356642074809e-14
 -1.1449999999999999e+01   7.5774719445517362e-11  -7.4758789707499128e-14
 -1.1400000000000000e+01   7.5511352406983070e-11  -7.3138799789282876e-14
 -1.1350000000000000e+01   7.5245717936935926e-11  -7.1284940062877383e-14
 -1.1299999999999999e+01   7.4977807359856605e-11  -6.9186463995904826e-14
 -1.1250000000000000e+01   7.4707612066674258e-11  -6.6832320452703043e-14
 -1.1199999999999999e+01   7.4435123509984389e-11  -6.4211148820145229e-14
 -1.1150000000000000e+01   7.4160333198852549e-11  -6.1311274159350525e-14
 -1.1100000000000000e+01   7.3883232693188132e-11  -5.8120702388057841e-14
 -1.1049999999999999e+01   7.3603813597672870e-11  -5.4627115498662472e-14
 -1.1000000000000000e+01   7.3322067555227689e-11  -5.0817866817073339e-14
 -1.0949999999999999e+01   7.3037986240001635e-11  -4.6679976307803580e-14
 -1.0900000000000000e+01   7.2751561349866506e-11  -4.2200125930863513e-14
 -1.0850000000000000e+01   7.2462784598399999e-11  -3.7364655056300876e-14
 -1.0799999999999999e+01   7.2171647706340300e-11  -3.2159555942409200e-14
 -1.0750000000000000e+01   7.1878142392494643e-11  -2.6570469283893169e-14
 -1.0699999999999999e+01   7.1582260364084412e-11  -2.0582679836509249e-14
 -1.0650000000000000e+01   7.1283993306508502e-11  -1.4181112124940435e-14
 -1.0600000000000000e+01   7.0983332872507197e-11  -7.3503262409328465e-15
 -1.0549999999999999e+01   7.0680270670707595e-11  -7.4513738987821860e-17
 -1.0500000000000000e+01   7.0374798253532501e-11   7.6625063628334833e-15
 -1.0449999999999999e+01   7.0066907104453616e-11   1.5877291469131923e-14
 -1.0400000000000000e+01   6.9756588624570122e-11   2.4586779172285942e-14
 -1.0350000000000000e+01   6.9443834118493504e-11   3.3808290888003797e-14
 -1.0299999999999999e+01   6.9128634779518825e-11   4.3559535352554542e-14
 -1.0250000000000000e+01   6.8810981674063404e-11   5.3858611972576369e-14
 -1.0199999999999999e+01   6.8490865725352989e-11   6.4724014018043910e-14
 -1.0150000000000000e+01   6.8168277696335428e-11   7.6174631648604842e-14
 -1.0100000000000000e+01   6.7843208171802155e-11   8.8229754763142803e-14
 -1.0050000000000001e+01   6.7515647539697342e-11   1.0090907566203699e-13
 -1.0000000000000000e+01   6.7185585971594877e-11   1.1423269151121295e-13
 -9.9499999999999993e+00   6.6853013402322563e-11   1.2822110659665175e-13
 -9.9000000000000004e+00   6.6517919508713674e-11   1.4289523435761666e-13
 -9.8499999999999996e+00   6.6180293687465302e-11   1.5827639918640905e-13
 -9.8000000000000007e+00   6.5840125032083716e-11   1.7438633798200975e-13
 -9.7500000000000000e+00   6.5497402308896621e-11   1.9124720144448458e-13
 -9.6999999999999993e+00   6.5152113932112196e-11   2.0888155509654657e-13
 -9.6500000000000004e+00   6.4804247937904994e-11   2.2731238001813819e-13
 -9.5999999999999996e+00   6.4453791957509037e-11   2.4656307327937443e-13
 -9.5500000000000007e+00   6.4100733189298403e-11   2.6665744805661275e-13
 -9.5000000000000000e+00   6.3745058369835828e-11   2.8761973341585534e-13
 -9.4499999999999993e+00   6.3386753743870400e-11   3.0947457374705089e-13
 -9.4000000000000004e+00   6.3025805033265433e-11   3.3224702783225993e-13
 -9.3499999999999996e+00   6.2662197404838039e-11   3.5596256752996110e-13
 -9.3000000000000007e+00   6.2295915437092596e-11   3.8064707605709161e-13
 -9.2500000000000000e+00   6.1926943085830457e-11   4.0632684584970397e-13
 -9.1999999999999993e+00   6.1555263648618676e-11   4.3302857598234282e-13
 -9.1500000000000004e+00   6.1180859728101514e-11   4.6077936912547146e-13
 -9.1000000000000014e+00   6.0803713194138815e-11   4.8960672801944743e-13
 -9.0500000000000007e+00   6.0423805144756093e-11   5.1953855144267215e-13
 -9.0000000000000000e+00   6.0041115865892042e-11   5.5060312965064254e-13
 -8.9499999999999993e+00   5.9655624789930173e-11   5.8282913926167969e-13
 -8.8999999999999986e+00   5.9267310453002119e-11   6.1624563756410249e-13
 -8.8500000000000014e+00   5.8876150451051218e-11   6.5088205621858584e-13
 -8.8000000000000007e+00   5.8482121394646336e-11   6.8676819432833110e-13
 -8.7500000000000000e+00   5.8085198862537030e-11   7.2393421084853818e-13
 -8.6999999999999993e+00   5.7685357353942860e-11   7.6241061630544222e-13
 -8.6499999999999986e+00   5.7282570239570710e-11   8.0222826379393132e-13
 -8.6000000000000014e+00   5.6876809711356361e-11   8.4341833922139870e-13
 -8.5500000000000007e+00   5.6468046730927882e-11   8.8601235076410478e-13
 -8.5000000000000000e+00   5.6056250976790629e-11   9.3004211750082818e-13
 -8.4499999999999993e+00   5.5641390790236021e-11   9.7553975718704151e-13
 -8.3999999999999986e+00   5.5223433119978550e-11   1.0225376731312026e-12
 -8.3500000000000014e+00   5.4802343465528249e-11   1.0710685401330380e-12
 -8.3000000000000007e+00   5.4378085819308635e-11   1.1211652894418690e-12
 -8.2500000000000000e+00   5.3950622607533421e-11   1.1728610926911203e-12
 -8.1999999999999993e+00   5.3519914629858618e-11   1.2261893447631360e-12
 -8.1499999999999986e+00   5.3085920997830653e-11   1.2811836455362918e-12
 -8.1000000000000014e+00   5.2648599072154706e-11   1.3378777804641432e-12
 -8.0500000000000007e+00   5.2207904398812477e-11   1.3963056999339874e-12
 -8.0000000000000000e+00   5.1763790644063086e-11   1.4565014973496985e-12
 -7.9499999999999993e+00   5.1316209528365913e-11   1.5184993858810533e-12
 -7.8999999999999986e+00   5.0865110759270450e-11   1.5823336738189712e-12
 -7.8500000000000014e+00   5.0410441963323813e-11   1.6480387384731226e-12
 -7.8000000000000007e+00   4.9952148617053587e-11   1.7156489985452430e-12
 -7.7500000000000000e+00   4.9490173977091225e-11   1.7851988849081772e-12
 -7.6999999999999993e+00   4.9024459009508562e-11   1.8567228097171707e-12
 -7.6499999999999986e+00   4.8554942318449245e-11   1.9302551337762275e-12
 -7.6000000000000014e+00   4.8081560074145891e-11   2.0058301320784121e-12
 -7.5500000000000007e+00   4.7604245940423923e-11   2.0834819574348369e-12
 -7.5000000000000000e+00   4.7122931001804294e-11   2.1632446021026360e-12
 -7.4499999999999993e+00   4.6637543690329193e-11   2.2451518573175877e-12
 -7.3999999999999986e+00   4.6148009712247632e-11   2.3292372706320759e-12
 -7.3500000000000014e+00   4.5654251974711942e-11   2.4155341009538211e-12
 -7.3000000000000007e+00   4.5156190512651550e-11   2.5040752711752550e-12
 -7.2500000000000000e+00   4.4653742416006731e-11   2.5948933182774829e-12
 -7.1999999999999993e+00   4.4146821757523078e-11   2.6880203407864931e-12
 -7.1499999999999986e+00   4.3635339521326679e-11   2.7834879434526218e-12
 -7.1000000000000014e+00   4.3119203532520752e-11   2.8813271790171685e-12
 -7.0500000000000007e+00   4.2598318388067666e-11   2.9815684869225606e-12
 -7.0000000000000000e+00   4.2072585389244031e-11   3.0842416288144302e-12
 -6.9499999999999993e+00   4.1541902475983673e-11   3.1893756206754951e-12
 -6.8999999999999986e+00   4.1006164163451559e-11   3.2969986614220623e-12
 -6.8500000000000014e+00   4.0465261481222798e-11   3.4071380577843714e-12
 -6.8000000000000007e+00   3.9919081915474003e-11   3.5198201452817387e-12
 -6.7500000000000000e+00   3.9367509354630642e-11   3.6350702050925919e-12
 -6.6999999999999993e+00   3.8810424038952464e-11   3.7529123766078591e-12
 -6.6499999999999986e+00   3.8247702514581345e-11   3.8733695654438629e-12
 -6.6000000000000014e+00   3.7679217592620502e-11   3.9964633466776909e-12
 -6.5500000000000007e+00   3.7104838313863177e-11   4.1222138630540219e-12
 -6.5000000000000000e+00   3.6524429919840685e-11   4.2506397178974427e-12
 -6.4499999999999993e+00   3.5937853830916285e-11   4.3817578624484103e-12
 -6.3999999999999986e+00   3.5344967632211488e-11   4.5155834773240463e-12
 -6.3500000000000014e+00   3.4745625068216717e-11   4.6521298477868498e-12
 -6.3000000000000007e+00   3.4139676047007684e-11   4.7914082324851847e-12
 -6.2500000000000000e+00   3.3526966655063642e-11   4.9334277253088104e-12
 -6.1999999999999993e+00   3.2907339183764068e-11   5.0781951099807987e-12
 -6.1499999999999986e+00   3.2280632168725872e-11   5.2257147069837832e-12
 -6.1000000000000014e+00   3.1646680443235669e-11   5.3759882123935455e-12
 -6.0500000000000007e+00   3.1005315207129264e-11   5.5290145281663027e-12
 -6.0000000000000000e+00   3.0356364112576180e-11   5.6847895833976424e-12
 -5.9499999999999993e+00   2.9699651368338664e-11   5.8433061460407015e-12
 -5.8999999999999986e+00   2.9034997864194568e-11   6.0045536245388625e-12
 -5.8500000000000014e+00   2.8362221317340364e-11   6.1685178587936775e-12
 -5.8000000000000007e+00   2.7681136442726504e-11   6.3351808998518694e-12
 -5.7500000000000000e+00   2.6991555149420893e-11   6.5045207776559662e-12
 -5.6999999999999993e+00   2.6293286765249232e-11   6.6765112561611454e-12
 -5.6499999999999986e+00   2.5586138292122933e-11   6.8511215750761262e-12
 -5.6000000000000014e+00   2.4869914694636493e-11   7.0283161774382767e-12
 -5.5500000000000007e+00   2.4144419224697437e-11   7.2080544221821784e-12
 -5.5000000000000000e+00   2.3409453785142726e-11   7.3902902808067628e-12
 -5.4499999999999993e+00   2.2664819335496626e-11   7.5749720171884015e-12
 -5.3999999999999986e+00   2.1910316343236085e-11   7.7620418495259304e-12
 -5.3500000000000014e+00   2.1145745284150957e-11   7.9514355933382272e-12
 -5.3000000000000007e+00   2.0370907195617730e-11   8.1430822843656380e-12
 -5.2500000000000000e+00   1.9585604286846554e-11   8.3369037801527899e-12
 -5.1999999999999993e+00   1.8789640610412126e-11   8.5328143390123107e-12
 -5.1499999999999986e+00   1.7982822799638128e-11   8.7307201749861995e-12
 -5.1000000000000014e+00   1.7164960876672896e-11   8.9305189873342759e-12
 -5.0500000000000007e+00   1.6335869136368442e-11   9.1320994629869686e-12
 -5.0000000000000000e+00   1.5495367111355690e-11   9.3353407503026937e-12
 -4.9499999999999993e+00   1.4643280623993270e-11   9.5401119023683248e-12
 -4.8999999999999986e+00   1.3779442931154058e-11   9.7462712879748228e-12
 -4.8500000000000014e+00   1.2903695968099716e-11   9.9536659682892316e-12
 -4.8000000000000007e+00   1.2015891697976018e-11   1.0162131037129365e-11
 -4.7500000000000000e+00   1.1115893573736913e-11   1.0371488922628940e-11
 -4.6999999999999993e+00   1.0203578119568197e-11   1.0581548647959757e-11
 -4.6499999999999986e+00   9.2788366391273617e-12   1.0792105048654451e-11
 -4.6000000000000014e+00   8.3415770581377960e-12   1.1002937943949987e-11
 -4.5500000000000007e+00   7.3917259090651540e-12   1.1213811259449977e-11
 -4.5000000000000000e+00   6.4292304657528687e-12   1.1424472098285566e-11
 -4.4499999999999993e+00   5.4540610359908890e-12   1.1634649757842753e-11
 -4.3999999999999986e+00   4.4662134200244466e-12   1.1844054689022366e-11
 -4.3500000000000014e+00   3.4657115429631106e-12   1.2052377394912164e-11
 -4.3000000000000007e+00   2.4526102689068581e-12   1.2259287265684199e-11
 -4.2500000000000000e+00   1.4269984043449503e-12   1.2464431346492044e-11
 -4.1999999999999993e+00   3.8900189798124663e-13   1.2667433035140357e-11
 -4.1499999999999986e+00  -6.6121275643183700e-13   1.2867890706344531e-11
 -4.1000000000000014e+00  -1.7234349084415325e-12   1.3065376259504117e-11
 -4.0500000000000007e+00  -2.7974059256282436e-12   1.3259433587096710e-11
 -4.0000000000000000e+00  -3.8828151512229642e-12   1.3449576961079037e-11
 -3.9499999999999993e+00  -4.9792956427360633e-12   1.3635289335083222e-11
 -3.8999999999999986e+00  -6.0864196917461726e-12   1.3816020560748712e-11
 -3.8500000000000014e+00  -7.2036941274784083e-12   1.3991185517269537e-11
 -3.8000000000000007e+00  -8.3305554098187302e-12   1.4160162154206298e-11
 -3.7500000000000000e+00  -9.4663645210546456e-12   1.4322289448865070e-11
 -3.6999999999999993e+00  -1.0610401670003131e-11   1.4476865281144616e-11
 -3.6500000000000021e+00  -1.1761860827400330e-11   1.4623144230775325e-11
 -3.6000000000000014e+00  -1.2919844117615179e-11   1.4760335304409437e-11
 -3.5500000000000007e+00  -1.4083356099058292e-11   1.4887599603182041e-11
 -3.5000000000000000e+00  -1.5251297974253592e-11   1.5004047945276584e-11
 -3.4499999999999993e+00  -1.6422461780606692e-11   1.5108738462851718e-11
 -3.4000000000000021e+00  -1.7595524624643033e-11   1.5200674198602754e-11
 -3.3500000000000014e+00  -1.8769043036119233e-11   1.5278800734455643e-11
 -3.3000000000000007e+00  -1.9941447534166656e-11   1.5342003893678013e-11
 -3.2500000000000000e+00  -2.1111037515751425e-11   1.5389107568333940e-11
 -3.1999999999999993e+00  -2.2275976597476156e-11   1.5418871736846310e-11
 -3.1500000000000021e+00  -2.3434288565344952e-11   1.5429990751849655e-11
 -3.1000000000000014e+00  -2.4583854113776683e-11   1.5421091996953966e-11
 -3.0500000000000007e+00  -2.5722408585047399e-11   1.5390735032980718e-11
 -3.0000000000000000e+00  -2.6847540953552221e-11   1.5337411380201232e-11
 -2.9499999999999993e+00  -2.7956694335755229e-11   1.5259545113660429e-11
 -2.9000000000000021e+00  -2.9047168346210280e-11   1.5155494484366157e-11
 -2.8500000000000014e+00  -3.0116123662086677e-11   1.5023554820497261e-11
 -2.8000000000000007e+00  -3.1160589202352744e-11   1.4861963010277251e-11
 -2.7500000000000000e+00  -3.2177472371790188e-11   1.4668903922053414e-11
 -2.6999999999999993e+00  -3.3163572862304536e-11   1.4442519177408105e-11
 -2.6500000000000021e+00  -3.4115600541679328e-11   1.4180918759361591e-11
 -2.6000000000000014e+00  -3.5030197989023441e-11   1.3882196008794692e-11
 -2.5500000000000007e+00  -3.5903968251369289e-11   1.3544446636071938e-11
 -2.5000000000000000e+00  -3.6733508390255051e-11   1.3165792448116661e-11
 -2.4499999999999993e+00  -3.7515449351834940e-11   1.2744410558753003e-11
 -2.4000000000000021e+00  -3.8246502618154354e-11   1.2278568904556379e-11
 -2.3500000000000014e+00  -3.8923513967520862e-11   1.1766668919396648e-11
 -2.3000000000000007e+00  -3.9543524473079978e-11   1.1207296214407985e-11
 -2.2500000000000000e+00  -4.0103838583771759e-11   1.0599280048201936e-11
 -2.1999999999999993e+00  -4.0602098743088711e-11   9.9417622320932566e-12
 -2.1500000000000021e+00  -4.1036365491785896e-11   9.2342758696516720e-12
 -2.1000000000000014e+00  -4.1405201357957167e-11   8.4768339477808382e-12
 -2.0500000000000007e+00  -4.1707756056440770e-11   7.6700272442984902e-12
 -2.0000000000000000e+00  -4.1943849607175189e-11   6.8151302623178038e-12
 -1.9499999999999993e+00  -4.2114048966513953e-11   5.9142129188640196e-12
 -1.9000000000000021e+00  -4.2219732701753178e-11   4.9702544929978029e-12
 -1.8500000000000014e+00  -4.2263137217612103e-11   3.9872548916177111e-12
 -1.8000000000000007e+00  -4.2247377195847095e-11   2.9703366721302420e-12
 -1.7500000000000000e+00  -4.2176432410430055e-11   1.9258295763295731e-12
 -1.6999999999999993e+00  -4.2055093142864663e-11   8.6132775073818593e-13
 -1.6500000000000021e+00  -4.1888857277061545e-11  -2.1429140085434266e-13
 -1.6000000000000014e+00  -4.1683774019878494e-11  -1.2908983561241770e-12
 -1.5500000000000007e+00  -4.1446232229895612e-11  -2.3572037827645980e-12
 -1.5000000000000000e+00  -4.1182695578367591e-11  -3.4009213872550604e-12
 -1.4499999999999993e+00  -4.0899392059398832e-11  -4.4090072318556952e-12
 -1.4000000000000021e+00  -4.0601971316678066e-11  -5.3679762711875171e-12
 -1.3500000000000014e+00  -4.0295149207151083e-11  -6.2642901161436448e-12
 -1.3000000000000007e+00  -3.9982364102210115e-11  -7.0848022297447487e-12
 -1.2500000000000000e+00  -3.9665472648648108e-11  -7.8172387608044789e-12
 -1.1999999999999993e+00  -3.9344513159482139e-11  -8.4506861772410359e-12
 -1.1500000000000021e+00  -3.9017561855550218e-11  -8.9760520393190771e-12
 -1.1000000000000014e+00  -3.8680700710570286e-11  -9.3864637884114405e-12
 -1.0500000000000007e+00  -3.8328106174152703e-11  -9.6775730394408057e-12
 -1.0000000000000000e+00  -3.7952256691116807e-11  -9.8477396289309044e-12
 -9.4999999999999929e-01  -3.7544245286149215e-11  -9.8980799087453744e-12
 -9.0000000000000213e-01  -3.7094173273233779e-11  -9.8323761358118960e-12
 -8.5000000000000142e-01  -3.6591593895463909e-11  -9.6568565148256002e-12
 -8.0000000000000071e-01  -3.6025971382854011e-11  -9.3798666723294577e-12
 -7.5000000000000000e-01  -3.5387121788605658e-11  -9.0114615681752375e-12
 -6.9999999999999929e-01  -3.4665606555349733e-11  -8.5629511849337532e-12
 -6.5000000000000213e-01  -3.3853057038988136e-11  -8.0464336081264535e-12
 -6.0000000000000142e-01  -3.2942416837096586e-11  -7.4743458224071555e-12
 -5.5000000000000071e-01  -3.1928097449817366e-11  -6.8590566772258220e-12
 -5.0000000000000000e-01  -3.0806050342582592e-11  -6.2125192059243990e-12
 -4.4999999999999929e-01  -2.9573764470329244e-11  -5.5459919634294850e-12
 -4.0000000000000213e-01  -2.8230201787288353e-11  -4.8698321942176256e-12
 -3.5000000000000142e-01  -2.6775685782701864e-11  -4.1933580748664292e-12
 -3.0000000000000071e-01  -2.5211756689198128e-11  -3.5247732335686113e-12
 -2.5000000000000000e-01  -2.3541008957759836e-11  -2.8711443244583323e-12
 -1.9999999999999929e-01  -2.1766918471259708e-11  -2.2384212636197873e-12
 -1.5000000000000213e-01  -1.9893676784064532e-11  -1.6314898869218406e-12
 -1.0000000000000142e-01  -1.7926024036899925e-11  -1.0542470431633752e-12
 -5.0000000000000711e-02  -1.5869114933280305e-11  -5.0968886463255964e-13
  0.0000000000000000e+00  -1.3728371265932049e-11   0.0000000000000000e+00
