# Columns: x, u, lamda
# time_step 7000
# time   7.0000000000000000e+01
 -2.5149999999999999e+01   9.7542337248610224e-11   1.1640633287001655e-15
 -2.5099999999999998e+01   9.7542337248610224e-11   1.1640633287001655e-15
 -2.5049999999999997e+01   9.7542337248610224e-11   1.1640633287001655e-15
 -2.5000000000000000e+01   9.7542337248610224e-11   1.1640633287001655e-15
 -2.4949999999999999e+01   9.7542340857245565e-11   1.2031722468200167e-15
 -2.4899999999999999e+01   9.7542653808465787e-11   1.2244927992444280e-15
 -2.4849999999999998e+01   9.7543685080319452e-11   1.2574632071045889e-15
 -2.4799999999999997e+01   9.7545936767406869e-11   1.2848750526126909e-15
 -2.4750000000000000e+01   9.7549701475349049e-11   1.3166073400197892e-15
 -2.4699999999999999e+01   9.7554863085118990e-11   1.3470012892694339e-15
 -2.4649999999999999e+01   9.7560697670173517e-11   1.3793288602430290e-15
 -2.4599999999999998e+01   9.7565865951126832e-11   1.4117312517909911e-15
 -2.4549999999999997e+01   9.7568595534559941e-11   1.4452973026148632e-15
 -2.4500000000000000e+01   9.7567089073528949e-11   1.4794154866258515e-15
 -2.4449999999999999e+01   9.7560035129390110e-11   1.5144164128283045e-15
 -2.4399999999999999e+01   9.7546979310866219e-11   1.5500373767012414e-15
 -2.4349999999999998e+01   9.7528262542529750e-11   1.5864362560401069e-15
 -2.4299999999999997e+01   9.7504785279790691e-11   1.6235367904434751e-15
 -2.4250000000000000e+01   9.7477729404212737e-11   1.6613978617444080e-15
 -2.4199999999999999e+01   9.7448306975190277e-11   1.7000006285226928e-15
 -2.4149999999999999e+01   9.7417570332083616e-11   1.7393707457093654e-15
 -2.4099999999999998e+01   9.7386300709377190e-11   1.7795081320232128e-15
 -2.4049999999999997e+01   9.7354974954666846e-11   1.8204273206515581e-15
 -2.4000000000000000e+01   9.7323795540949230e-11   1.8621342834435713e-15
 -2.3949999999999999e+01   9.7292759735752408e-11   1.9046397504542492e-15
 -2.3899999999999999e+01   9.7261742695129906e-11   1.9479515603697247e-15
 -2.3849999999999998e+01   9.7230574060409600e-11   1.9920790516591027e-15
 -2.3799999999999997e+01   9.7199095396766356e-11   2.0370305316129399e-15
 -2.3750000000000000e+01   9.7167193487737678e-11   2.0828147169903619e-15
 -2.3699999999999999e+01   9.7134810755464664e-11   2.1294398901853004e-15
 -2.3649999999999999e+01   9.7101938307405674e-11   2.1769143660189193e-15
 -2.3599999999999998e+01   9.7068599185413264e-11   2.2252462055997196e-15
 -2.3549999999999997e+01   9.7034829324747440e-11   2.2744433634353312e-15
 -2.3500000000000000e+01   9.7000661931439802e-11   2.3245135869021489e-15
 -2.3449999999999999e+01   9.6966118248314796e-11   2.3754644590233051e-15
 -2.3399999999999999e+01   9.6931204970653428e-11   2.4273033596086524e-15
 -2.3349999999999998e+01   9.6895916650503911e-11   2.4800374733950921e-15
 -2.3299999999999997e+01   9.6860240614150209e-11   2.5336737708720220e-15
 -2.3250000000000000e+01   9.6824162086059244e-11   2.5882190041841954e-15
 -2.3199999999999999e+01   9.6787667979638181e-11   2.6436796937027644e-15
 -2.3149999999999999e+01   9.6750748749649382e-11   2.7000621193550005e-15
 -2.3099999999999998e+01   9.6713398477948000e-11   2.7573723088062334e-15
 -2.3049999999999997e+01   9.6675613818314299e-11   2.8156160272001379e-15
 -2.3000000000000000e+01   9.6637392539522307e-11   2.8747987659027739e-15
 -2.2949999999999999e+01   9.6598732261129067e-11   2.9349257317811727e-15
 -2.2899999999999999e+01   9.6559629702855831e-11   2.9960018361535724e-15
 -2.2849999999999998e+01   9.6520080491741026e-11   3.0580316838602997e-15
 -2.2799999999999997e+01   9.6480079378385085e-11   3.1210195621711803e-15
 -2.2750000000000000e+01   9.6439620637229292e-11   3.1849694296429527e-15
 -2.2699999999999999e+01   9.6398698450052876e-11   3.2498849048496062e-15
 -2.2649999999999999e+01   9.6357307153000516e-11   3.3157692550479327e-15
 -2.2599999999999998e+01   9.6315441317955039e-11   3.3826253847671400e-15
 -2.2549999999999997e+01   9.6273095705279203e-11   3.4504558243595905e-15
 -2.2500000000000000e+01   9.6230265153732193e-11   3.5192627185331646e-15
 -2.2449999999999999e+01   9.6186944469142683e-11   3.5890478148725428e-15
 -2.2399999999999999e+01   9.6143128350072813e-11   3.6598124523745393e-15
 -2.2349999999999998e+01   9.6098811361350362e-11   3.7315575499930019e-15
 -2.2299999999999997e+01   9.6053987945740838e-11   3.8042835952123406e-15
 -2.2250000000000000e+01   9.6008652454631490e-11   3.8779906326587930e-15
 -2.2199999999999999e+01   9.5962799179403149e-11   3.9526782527537829e-15
 -2.2149999999999999e+01   9.5916422372037398e-11   4.0283455804377035e-15
 -2.2099999999999998e+01   9.5869516251767457e-11   4.1049912639728387e-15
 -2.2049999999999997e+01   9.5822075000799083e-11   4.1826134638468381e-15
 -2.2000000000000000e+01   9.5774092754868334e-11   4.2612098417927855e-15
 -2.1949999999999999e+01   9.5725563594008950e-11   4.3407775499421054e-15
 -2.1899999999999999e+01   9.5676481536712913e-11   4.4213132201279354e-15
 -2.1849999999999998e+01   9.5626840538165149e-11   4.5028129533756026e-15
 -2.1799999999999997e+01   9.5576634491480143e-11   4.5852723095643761e-15
 -2.1750000000000000e+01   9.5525857230186100e-11   4.6686862973168194e-15
 -2.1699999999999999e+01   9.5474502530437008e-11   4.7530493641138476e-15
 -2.1649999999999999e+01   9.5422564112141301e-11   4.8383553866697851e-15
 -2.1599999999999998e+01   9.5370035638926600e-11   4.9245976615811849e-15
 -2.1549999999999997e+01   9.5316910717332216e-11   5.0117688962821096e-15
 -2.1500000000000000e+01   9.5263182895760520e-11   5.0998612003235606e-15
 -2.1449999999999999e+01   9.5208845663602039e-11   5.1888660770076401e-15
 -2.1399999999999999e+01   9.5153892450724344e-11   5.2787744153962973e-15
 -2.1349999999999998e+01   9.5098316627301682e-11   5.3695764827287888e-15
 -2.1299999999999997e+01   9.5042111503844461e-11   5.4612619172682760e-15
 -2.1250000000000000e+01   9.4985270331267259e-11   5.5538197216158136e-15
 -2.1199999999999999e+01   9.4927786300889743e-11   5.6472382565075978e-15
 -2.1149999999999999e+01   9.4869652544335841e-11   5.7415052351405140e-15
 -2.1099999999999998e+01   9.4810862133354375e-11   5.8366077180479728e-15
 -2.1049999999999997e+01   9.4751408079613259e-11   5.9325321085597607e-15
 -2.1000000000000000e+01   9.4691283334513722e-11   6.0292641488808151e-15
 -2.0949999999999999e+01   9.4630480789048859e-11   6.1267889168248125e-15
 -2.0899999999999999e+01   9.4568993273710287e-11   6.2250908232297758e-15
 -2.0849999999999998e+01   9.4506813558429406e-11   6.3241536101032045e-15
 -2.0799999999999997e+01   9.4443934352537264e-11   6.4239603495235993e-15
 -2.0750000000000000e+01   9.4380348304732351e-11   6.5244934433416264e-15
 -2.0699999999999999e+01   9.4316048003052798e-11   6.6257346237180084e-15
 -2.0649999999999999e+01   9.4251025974854506e-11   6.7276649545383137e-15
 -2.0599999999999998e+01   9.4185274686799635e-11   6.8302648337469424e-15
 -2.0549999999999997e+01   9.4118786544859854e-11   6.9335139966407189e-15
 -2.0500000000000000e+01   9.4051553894338940e-11   7.0373915201635248e-15
 -2.0449999999999999e+01   9.3983569019915608e-11   7.1418758282496028e-15
 -2.0399999999999999e+01   9.3914824145706890e-11   7.2469446982596247e-15
 -2.0349999999999998e+01   9.3845311435353407e-11   7.3525752685477608e-15
 -2.0299999999999997e+01   9.3775022992123031e-11   7.4587440472236414e-15
 -2.0250000000000000e+01   9.3703950859031683e-11   7.5654269221398476e-15
 -2.0199999999999999e+01   9.3632087018981676e-11   7.6725991721663298e-15
 -2.0149999999999999e+01   9.3559423394920938e-11   7.7802354797915999e-15
 -2.0099999999999998e+01   9.3485951850023994e-11   7.8883099451094613e-15
 -2.0049999999999997e+01   9.3411664187893024e-11   7.9967961012459522e-15
 -2.0000000000000000e+01   9.3336552152780800e-11   8.1056669312662562e-15
 -1.9949999999999999e+01   9.3260607429836202e-11   8.2148948866317150e-15
 -1.9899999999999999e+01   9.3183821645370964e-11   8.3244519072541119e-15
 -1.9849999999999998e+01   9.3106186367150820e-11   8.4343094432036514e-15
 -1.9799999999999997e+01   9.3027693104713033e-11   8.5444384781273656e-15
 -1.9750000000000000e+01   9.2948333309709320e-11   8.6548095544426469e-15
 -1.9699999999999999e+01   9.2868098376273099e-11   8.7653928003596809e-15
 -1.9649999999999999e+01   9.2786979641410728e-11   8.8761579587968513e-15
 -1.9599999999999998e+01   9.2704968385420346e-11   8.9870744182420325e-15
 -1.9549999999999997e+01   9.2622055832338332e-11   9.0981112456360621e-15
 -1.9500000000000000e+01   9.2538233150413235e-11   9.2092372213319059e-15
 -1.9449999999999999e+01   9.2453491452608733e-11   9.3204208761950098e-15
 -1.9399999999999999e+01   9.2367821797134610e-11   9.4316305309176997e-15
 -1.9349999999999998e+01   9.2281215188008202e-11   9.5428343376002414e-15
 -1.9299999999999997e+01   9.2193662575645807e-11   9.6540003236829654e-15
 -1.9250000000000000e+01   9.2105154857484710e-11   9.7650964382821827e-15
 -1.9199999999999999e+01   9.2015682878637138e-11   9.8760906010087431e-15
 -1.9149999999999999e+01   9.1925237432576230e-11   9.9869507533351826e-15
 -1.9099999999999998e+01   9.1833809261854197e-11   1.0097644912585315e-14
 -1.9049999999999997e+01   9.1741389058853893e-11   1.0208141228613066e-14
 -1.9000000000000000e+01   9.1647967466575513e-11   1.0318408043247568e-14
 -1.8949999999999999e+01   9.1553535079458558e-11   1.0428413952576165e-14
 -1.8899999999999999e+01   9.1458082444239369e-11   1.0538127872139354e-14
 -1.8849999999999998e+01   9.1361600060845029e-11   1.0647519105111556e-14
 -1.8799999999999997e+01   9.1264078383323669e-11   1.0756557413547037e-14
 -1.8750000000000000e+01   9.1165507820812528e-11   1.0865213092756937e-14
 -1.8699999999999999e+01   9.1065878738543170e-11   1.0973457048912294e-14
 -1.8649999999999999e+01   9.0965181458886226e-11   1.1081260879925581e-14
 -1.8599999999999998e+01   9.0863406262435805e-11   1.1188596959713807e-14
 -1.8549999999999997e+01   9.0760543389133860e-11   1.1295438525904055e-14
 -1.8500000000000000e+01   9.0656583039437579e-11   1.1401759771063434e-14
 -1.8449999999999999e+01   9.0551515375528019e-11   1.1507535937539305e-14
 -1.8399999999999999e+01   9.0445330522559074e-11   1.1612743415985661e-14
 -1.8349999999999998e+01   9.0338018569947903e-11   1.1717359847650706e-14
 -1.8299999999999997e+01   9.0229569572709572e-11   1.1821364230509095e-14
 -1.8250000000000000e+01   9.0119973552836855e-11   1.1924737029321075e-14
 -1.8199999999999999e+01   9.0009220500725315e-11   1.2027460289697252e-14
 -1.8149999999999999e+01   8.9897300376644504e-11   1.2129517756245803e-14
 -1.8099999999999998e+01   8.9784203112254266e-11   1.2230894994890925e-14
 -1.8049999999999997e+01   8.9669918612166777e-11   1.2331579519434217e-14
 -1.8000000000000000e+01   8.9554436755556574e-11   1.2431560922440154e-14
 -1.7949999999999999e+01   8.9437747397819192e-11   1.2530831010531019e-14
 -1.7899999999999999e+01   8.9319840372278095e-11   1.2629383944166135e-14
 -1.7849999999999998e+01   8.9200705491940181e-11   1.2727216381985822e-14
 -1.7799999999999997e+01   8.9080332551299983e-11   1.2824327629801887e-14
 -1.7750000000000000e+01   8.8958711328194346e-11   1.2920719794303572e-14
 -1.7699999999999999e+01   8.8835831585708217e-11   1.3016397941570292e-14
 -1.7649999999999999e+01   8.8711683074132927e-11   1.3111370260453265e-14
 -1.7600000000000001e+01   8.8586255532975440e-11   1.3205648230915860e-14
 -1.7549999999999997e+01   8.8459538693018795e-11   1.3299246797402156e-14
 -1.7500000000000000e+01   8.8331522278435075e-11   1.3392184547300112e-14
 -1.7449999999999999e+01   8.8202196008952205e-11   1.3484483894584830e-14
 -1.7399999999999999e+01   8.8071549602073847e-11   1.3576171268710555e-14
 -1.7350000000000001e+01   8.7939572775353722e-11   1.3667277308812035e-14
 -1.7299999999999997e+01   8.7806255248723951e-11   1.3757837063303015e-14
 -1.7250000000000000e+01   8.7671586746878039e-11   1.3847890194918759e-14
 -1.7199999999999999e+01   8.7535557001708868e-11   1.3937481191282892e-14
 -1.7149999999999999e+01   8.7398155754801422e-11   1.4026659581060158e-14
 -1.7100000000000001e+01   8.7259372759980799e-11   1.4115480155750498e-14
 -1.7049999999999997e+01   8.7119197785916605e-11   1.4204003197191582e-14
 -1.7000000000000000e+01   8.6977620618784221e-11   1.4292294710822858e-14
 -1.6949999999999999e+01   8.6834631064981852e-11   1.4380426664772987e-14
 -1.6899999999999999e+01   8.6690218953903012e-11   1.4468477234818976e-14
 -1.6850000000000001e+01   8.6544374140765432e-11   1.4556531055261991e-14
 -1.6799999999999997e+01   8.6397086509496113e-11   1.4644679475783133e-14
 -1.6750000000000000e+01   8.6248345975672787e-11   1.4733020824306278e-14
 -1.6699999999999999e+01   8.6098142489522416e-11   1.4821660675920126e-14
 -1.6649999999999999e+01   8.5946466038976350e-11   1.4910712127897698e-14
 -1.6600000000000001e+01   8.5793306652781578e-11   1.5000296080841963e-14
 -1.6549999999999997e+01   8.5638654403667861e-11   1.5090541525995730e-14
 -1.6500000000000000e+01   8.5482499411570499e-11   1.5181585838739533e-14
 -1.6449999999999999e+01   8.5324831846909219e-11   1.5273575078297200e-14
 -1.6399999999999999e+01   8.5165641933922596e-11   1.5366664293680040e-14
 -1.6350000000000001e+01   8.5004919954056890e-11   1.5461017835873356e-14
 -1.6299999999999997e+01   8.4842656249409982e-11   1.5556809676278816e-14
 -1.6250000000000000e+01   8.4678841226229317e-11   1.5654223731423938e-14
 -1.6199999999999999e+01   8.4513465358463750e-11   1.5753454193930970e-14
 -1.6149999999999999e+01   8.4346519191368944e-11   1.5854705869746488e-14
 -1.6100000000000001e+01   8.4177993345164968e-11   1.5958194521619723e-14
 -1.6049999999999997e+01   8.4007878518745272e-11   1.6064147218821380e-14
 -1.6000000000000000e+01   8.3836165493437102e-11   1.6172802693061459e-14
 -1.5949999999999999e+01   8.3662845136813017e-11   1.6284411700606567e-14
 -1.5899999999999999e+01   8.3487908406550826e-11   1.6399237390544625e-14
 -1.5850000000000000e+01   8.3311346354342496e-11   1.6517555679157853e-14
 -1.5799999999999999e+01   8.3133150129849918e-11   1.6639655630371815e-14
 -1.5750000000000000e+01   8.2953310984707615e-11   1.6765839842202003e-14
 -1.5699999999999999e+01   8.2771820276570752e-11   1.6896424839165227e-14
 -1.5649999999999999e+01   8.2588669473206877e-11   1.7031741470565258e-14
 -1.5600000000000000e+01   8.2403850156630714e-11   1.7172135314586734e-14
 -1.5549999999999999e+01   8.2217354027280325e-11   1.7317967088111528e-14
 -1.5500000000000000e+01   8.2029172908233301e-11   1.7469613062161464e-14
 -1.5449999999999999e+01   8.1839298749460758e-11   1.7627465482873270e-14
 -1.5399999999999999e+01   8.1647723632117900e-11   1.7791932997888644e-14
 -1.5350000000000000e+01   8.1454439772870206e-11   1.7963441088037251e-14
 -1.5299999999999999e+01   8.1259439528253092e-11   1.8142432504197169e-14
 -1.5250000000000000e+01   8.1062715399062920e-11   1.8329367709180046e-14
 -1.5199999999999999e+01   8.0864260034777345e-11   1.8524725324501509e-14
 -1.5149999999999999e+01   8.0664066238003260e-11   1.8729002581867646e-14
 -1.5100000000000000e+01   8.0462126968950088e-11   1.8942715779220447e-14
 -1.5049999999999999e+01   8.0258435349925973e-11   1.9166400741150345e-14
 -1.5000000000000000e+01   8.0052984669854920e-11   1.9400613283486486e-14
 -1.4949999999999999e+01   7.9845768388812693e-11   1.9645929681861896e-14
 -1.4899999999999999e+01   7.9636780142578704e-11   1.9902947144038673e-14
 -1.4850000000000000e+01   7.9426013747201575e-11   2.0172284285757403e-14
 -1.4799999999999999e+01   7.9213463203575345e-11   2.0454581609878642e-14
 -1.4750000000000000e+01   7.8999122702023929e-11   2.0750501988552639e-14
 -1.4699999999999999e+01   7.8782986626890747e-11   2.1060731148154621e-14
 -1.4649999999999999e+01   7.8565049561130672e-11   2.1385978156703378e-14
 -1.4600000000000000e+01   7.8345306290901441e-11   2.1726975913460281e-14
 -1.4549999999999999e+01   7.8123751810151340e-11   2.2084481640407242e-14
 -1.4500000000000000e+01   7.7900381325200142e-11   2.2459277375265920e-14
 -1.4449999999999999e+01   7.7675190259309838e-11   2.2852170465729433e-14
 -1.4400000000000000e+01   7.7448174257241739e-11   2.3263994064536900e-14
 -1.4350000000000000e+01   7.7219329189797031e-11   2.3695607625016633e-14
 -1.4299999999999999e+01   7.6988651158336548e-11   2.4147897396724589e-14
 -1.4250000000000000e+01   7.6756136499275976e-11   2.4621776920744977e-14
 -1.4199999999999999e+01   7.6521781788553667e-11   2.5118187524241644e-14
 -1.4150000000000000e+01   7.6285583846066909e-11   2.5638098813816031e-14
 -1.4100000000000000e+01   7.6047539740072464e-11   2.6182509167207391e-14
 -1.4049999999999999e+01   7.5807646791547745e-11   2.6752446222848887e-14
 -1.4000000000000000e+01   7.5565902578508643e-11   2.7348967366787032e-14
 -1.3949999999999999e+01   7.5322304940279754e-11   2.7973160216436563e-14
 -1.3900000000000000e+01   7.5076851981712723e-11   2.8626143100635081e-14
 -1.3850000000000000e+01   7.4829542077348698e-11   2.9309065535427640e-14
 -1.3799999999999999e+01   7.4580373875520302e-11   3.0023108695004459e-14
 -1.3750000000000000e+01   7.4329346302388721e-11   3.0769485877182570e-14
 -1.3699999999999999e+01   7.4076458565911714e-11   3.1549442962800085e-14
 -1.3650000000000000e+01   7.3821710159737923e-11   3.2364258868380089e-14
 -1.3600000000000000e+01   7.3565100867022852e-11   3.3215245991375106e-14
 -1.3549999999999999e+01   7.3306630764162074e-11   3.4103750647311322e-14
 -1.3500000000000000e+01   7.3046300224436853e-11   3.5031153498086344e-14
 -1.3449999999999999e+01   7.2784109921567394e-11   3.5998869970692252e-14
 -1.3400000000000000e+01   7.2520060833168787e-11   3.7008350665572086e-14
 -1.3350000000000000e+01   7.2254154244104905e-11   3.8061081753818686e-14
 -1.3299999999999999e+01   7.1986391749735988e-11   3.9158585362373786e-14
 -1.3250000000000000e+01   7.1716775259054568e-11   4.0302419946387715e-14
 -1.3199999999999999e+01   7.1445306997704672e-11   4.1494180647841599e-14
 -1.3150000000000000e+01   7.1171989510879751e-11   4.2735499639515196e-14
 -1.3100000000000000e+01   7.0896825666094004e-11   4.4028046453370405e-14
 -1.3049999999999999e+01   7.0619818655822752e-11   4.5373528292356309e-14
 -1.3000000000000000e+01   7.0340972000006597e-11   4.6773690324645877e-14
 -1.2949999999999999e+01   7.0060289548414187e-11   4.8230315959256779e-14
 -1.2900000000000000e+01   6.9777775482859153e-11   4.9745227101988832e-14
 -1.2850000000000000e+01   6.9493434319265895e-11   5.1320284390570299e-14
 -1.2799999999999999e+01   6.9207270909579667e-11   5.2957387407882197e-14
 -1.2750000000000000e+01   6.8919290443515901e-11   5.4658474872075218e-14
 -1.2699999999999999e+01   6.8629498450143981e-11   5.6425524802382363e-14
 -1.2650000000000000e+01   6.8337900799300680e-11   5.8260554659370710e-14
 -1.2600000000000000e+01   6.8044503702828832e-11   6.0165621458355799e-14
 -1.2549999999999999e+01   6.7749313715636260e-11   6.2142821854651404e-14
 -1.2500000000000000e+01   6.7452337736570533e-11   6.4194292199298147e-14
 -1.2449999999999999e+01   6.7153583009104728e-11   6.6322208563864644e-14
 -1.2400000000000000e+01   6.6853057121829908e-11   6.8528786732881950e-14
 -1.2350000000000000e+01   6.6550768008750533e-11   7.0816282162415715e-14
 -1.2299999999999999e+01   6.6246723949377787e-11   7.3186989903267542e-14
 -1.2250000000000000e+01   6.5940933568617094e-11   7.5643244487210924e-14
 -1.2199999999999999e+01   6.5633405836445467e-11   7.8187419774657544e-14
 -1.2150000000000000e+01   6.5324150067375184e-11   8.0821928762079301e-14
 -1.2100000000000000e+01   6.5013175919700074e-11   8.3549223347481064e-14
 -1.2049999999999999e+01   6.4700493394520123e-11   8.6371794052157711e-14
 -1.2000000000000000e+01   6.4386112834541733e-11   8.9292169696924378e-14
 -1.1949999999999999e+01   6.4070044922649939e-11   9.2312917030953638e-14
 -1.1900000000000000e+01   6.3752300680249525e-11   9.5436640311309322e-14
 -1.1850000000000000e+01   6.3432891465371996e-11   9.8665980831201470e-14
 -1.1799999999999999e+01   6.3111828970545913e-11   1.0200361639493481e-13
 -1.1750000000000000e+01   6.2789125220427558e-11   1.0545226073747312e-13
 -1.1699999999999999e+01   6.2464792569190098e-11   1.0901466288646775e-13
 -1.1650000000000000e+01   6.2138843697668701e-11   1.1269360646455959e-13
 -1.1600000000000000e+01   6.1811291610259961e-11   1.1649190892967684e-13
 -1.1549999999999999e+01   6.1482149631573863e-11   1.2041242075101192e-13
 -1.1500000000000000e+01   6.1151431402836799e-11   1.2445802451827435e-13
 -1.1449999999999999e+01   6.0819150878044844e-11   1.2863163398176154e-13
 -1.1400000000000000e+01   6.0485322319865783e-11   1.3293619302072204e-13
 -1.1350000000000000e+01   6.0149960295289581e-11   1.3737467453739525e-13
 -1.1299999999999999e+01   5.9813079671027368e-11   1.4195007927406755e-13
 -1.1250000000000000e+01   5.9474695608658163e-11   1.4666543455037835e-13
 -1.1199999999999999e+01   5.9134823559524243e-11   1.5152379291805915e-13
 -1.1150000000000000e+01   5.8793479259375325e-11   1.5652823073018335e-13
 -1.1100000000000000e+01   5.8450678722762831e-11   1.6168184662194413e-13
 -1.1049999999999999e+01   5.8106438237185309e-11   1.6698775989986816e-13
 -1.1000000000000000e+01   5.7760774356986586e-11   1.7244910883631251e-13
 -1.0949999999999999e+01   5.7413703897008903e-11   1.7806904886596671e-13
 -1.0900000000000000e+01   5.7065243926002973e-11   1.8385075068102609e-13
 -1.0850000000000000e+01   5.6715411759798150e-11   1.8979739822156547e-13
 -1.0799999999999999e+01   5.6364224954235472e-11   1.9591218655757569e-13
 -1.0750000000000000e+01   5.6011701297867101e-11   2.0219831965899685e-13
 -1.0699999999999999e+01   5.5657858804426311e-11   2.0865900804998265e-13
 -1.0650000000000000e+01   5.5302715705072258e-11   2.1529746634352309e-13
 -1.0600000000000000e+01   5.4946290440414318e-11   2.2211691065242925e-13
 -1.0549999999999999e+01   5.4588601652321238e-11   2.2912055587256361e-13
 -1.0500000000000000e+01   5.4229668175520720e-11   2.3631161283408201e-13
 -1.0449999999999999e+01   5.3869509028995516e-11   2.4369328531631217e-13
 -1.0400000000000000e+01   5.3508143407182945e-11   2.5126876692177216e-13
 -1.0350000000000000e+01   5.3145590670984607e-11   2.5904123780468184e-13
 -1.0299999999999999e+01   5.2781870338594090e-11   2.6701386124918412e-13
 -1.0250000000000000e+01   5.2417002076150777e-11   2.7518978009233038e-13
 -1.0199999999999999e+01   5.2051005688228392e-11   2.8357211298674407e-13
 -1.0150000000000000e+01   5.1683901108167235e-11   2.9216395049769701e-13
 -1.0100000000000000e+01   5.1315708388260176e-11   3.0096835102917483e-13
 -1.0050000000000001e+01   5.0946447689802411e-11   3.0998833657331924e-13
 -1.0000000000000000e+01   5.0576139273016159e-11   3.1922688827746745e-13
 -9.9499999999999993e+00   5.0204803486861537e-11   3.2868694182280038e-13
 -9.9000000000000004e+00   4.9832460758745779e-11   3.3837138260841988e-13
 -9.8499999999999996e+00   4.9459131584143348e-11   3.4828304073446501e-13
 -9.8000000000000007e+00   4.9084836516140346e-11   3.5842468577765702e-13
 -9.7500000000000000e+00   4.8709596154917363e-11   3.6879902135243293e-13
 -9.6999999999999993e+00   4.8333431137185222e-11   3.7940867945059968e-13
 -9.6500000000000004e+00   4.7956362125589122e-11   3.9025621455217747e-13
 -9.5999999999999996e+00   4.7578409798097276e-11   4.0134409749985349e-13
 -9.5500000000000007e+00   4.7199594837390943e-11   4.1267470912918301e-13
 -9.5000000000000000e+00   4.6819937920273343e-11   4.2425033364640597e-13
 -9.4499999999999993e+00   4.6439459707115871e-11   4.3607315174542756e-13
 -9.4000000000000004e+00   4.6058180831360857e-11   4.4814523345522124e-13
 -9.3499999999999996e+00   4.5676121889100918e-11   4.6046853070856679e-13
 -9.3000000000000007e+00   4.5293303428755919e-11   4.7304486962270085e-13
 -9.2500000000000000e+00   4.4909745940869400e-11   4.8587594248210259e-13
 -9.1999999999999993e+00   4.4525469848047273e-11   4.9896329941324704e-13
 -9.1500000000000004e+00   4.4140495495062715e-11   5.1230833974077171e-13
 -9.1000000000000014e+00   4.3754843139151956e-11   5.2591230301408252e-13
 -9.0500000000000007e+00   4.3368532940527066e-11   5.3977625969298552e-13
 -9.0000000000000000e+00   4.2981584953132548e-11   5.5390110148047904e-13
 -8.9499999999999993e+00   4.2594019115674234e-11   5.6828753129034846e-13
 -8.8999999999999986e+00   4.2205855242949874e-11   5.8293605283670270e-13
 -8.8500000000000014e+00   4.1817113017512071e-11   5.9784695983206019e-13
 -8.8000000000000007e+00   4.1427811981695860e-11   6.1302032478002351e-13
 -8.7500000000000000e+00   4.1037971530044211e-11   6.2845598734799601e-13
 -8.6999999999999993e+00   4.0647610902166836e-11   6.4415354230476135e-13
 -8.6499999999999986e+00   4.0256749176068485e-11   6.6011232700710835e-13
 -8.6000000000000014e+00   3.9865405261985391e-11   6.7633140841896906e-13
 -8.5500000000000007e+00   3.9473597896769633e-11   6.9280956964582682e-13
 -8.5000000000000000e+00   3.9081345638863269e-11   7.0954529596637557e-13
 -8.4499999999999993e+00   3.8688666863906117e-11   7.2653676034259725e-13
 -8.3999999999999986e+00   3.8295579761022985e-11   7.4378180838857341e-13
 -8.3500000000000014e+00   3.7902102329838261e-11   7.6127794277744440e-13
 -8.3000000000000007e+00   3.7508252378268195e-11   7.7902230706497199e-13
 -8.2500000000000000e+00   3.7114047521143637e-11   7.9701166890715645e-13
 -8.1999999999999993e+00   3.6719505179718432e-11   8.1524240264829349e-13
 -8.1499999999999986e+00   3.6324642582121559e-11   8.3371047125473728e-13
 -8.1000000000000014e+00   3.5929476764813754e-11   8.5241140756843694e-13
 -8.0500000000000007e+00   3.5534024575112639e-11   8.7134029485306904e-13
 -8.0000000000000000e+00   3.5138302674853380e-11   8.9049174660424504e-13
 -7.9499999999999993e+00   3.4742327545255591e-11   9.0985988559388048e-13
 -7.8999999999999986e+00   3.4346115493070527e-11   9.2943832211731289e-13
 -7.8500000000000014e+00   3.3949682658086704e-11   9.4922013141018218e-13
 -7.8000000000000007e+00   3.3553045022075941e-11   9.6919783020041273e-13
 -7.7500000000000000e+00   3.3156218419266329e-11   9.8936335235888389e-13
 -7.6999999999999993e+00   3.2759218548433115e-11   1.0097080236104759e-12
 -7.6499999999999986e+00   3.2362060986703381e-11   1.0302225352652145e-12
 -7.6000000000000014e+00   3.1964761205175547e-11   1.0508969169271138e-12
 -7.5500000000000007e+00   3.1567334586460036e-11   1.0717205081360971e-12
 -7.5000000000000000e+00   3.1169796444253529e-11   1.0926819288959935e-12
 -7.4499999999999993e+00   3.0772162045065040e-11   1.1137690490390955e-12
 -7.3999999999999986e+00   3.0374446632218668e-11   1.1349689563751038e-12
 -7.3500000000000014e+00   2.9976665452264751e-11   1.1562679235694292e-12
 -7.3000000000000007e+00   2.9578833783938326e-11   1.1776513736928330e-12
 -7.2500000000000000e+00   2.9180966969811597e-11   1.1991038443811752e-12
 -7.1999999999999993e+00   2.8783080450794887e-11   1.2206089505406439e-12
 -7.1499999999999986e+00   2.8385189803649718e-11   1.2421493455302328e-12
 -7.1000000000000014e+00   2.7987310781685944e-11   1.2637066807493824e-12
 -7.0500000000000007e+00   2.7589459358825072e-11   1.2852615635546242e-12
 -7.0000000000000000e+00   2.7191651777221422e-11   1.3067935134247224e-12
 -6.9499999999999993e+00   2.6793904598643819e-11   1.3282809162891825e-12
 -6.8999999999999986e+00   2.6396234759831248e-11   1.3497009769300769e-12
 -6.8500000000000014e+00   2.5998659632047823e-11   1.3710296693619039e-12
 -6.8000000000000007e+00   2.5601197085074725e-11   1.3922416850886224e-12
 -6.7500000000000000e+00   2.5203865555889485e-11   1.4133103791310619e-12
 -6.6999999999999993e+00   2.4806684122296765e-11   1.4342077137115957e-12
 -6.6499999999999986e+00   2.4409672581788677e-11   1.4549041994762194e-12
 -6.6000000000000014e+00   2.4012851535927521e-11   1.4753688341270009e-12
 -6.5500000000000007e+00   2.3616242480559447e-11   1.4955690383302326e-12
 -6.5000000000000000e+00   2.3219867902183243e-11   1.5154705887574498e-12
 -6.4499999999999993e+00   2.2823751380815332e-11   1.5350375481077976e-12
 -6.3999999999999986e+00   2.2427917699709408e-11   1.5542321919509692e-12
 -6.3500000000000014e+00   2.2032392962306955e-11   1.5730149322200662e-12
 -6.3000000000000007e+00   2.1637204716813290e-11   1.5913442371731956e-12
 -6.2500000000000000e+00   2.1242382088812962e-11   1.6091765476314077e-12
 -6.1999999999999993e+00   2.0847955922357784e-11   1.6264661892885992e-12
 -6.1499999999999986e+00   2.0453958929980604e-11   1.6431652808762639e-12
 -6.1000000000000014e+00   2.0060425852108330e-11   1.6592236379523652e-12
 -6.0500000000000007e+00   1.9667393626368117e-11   1.6745886720691154e-12
 -6.0000000000000000e+00   1.9274901567301470e-11   1.6892052850590021e-12
 -5.9499999999999993e+00   1.8882991557021487e-11   1.7030157581619455e-12
 -5.8999999999999986e+00   1.8491708247369076e-11   1.7159596356989488e-12
 -5.8500000000000014e+00   1.8101099274144155e-11   1.7279736029789452e-12
 -5.8000000000000007e+00   1.7711215484007193e-11   1.7389913581056981e-12
 -5.7500000000000000e+00   1.7322111174665263e-11   1.7489434773304925e-12
 -5.6999999999999993e+00   1.6933844348974216e-11   1.7577572735739122e-12
 -5.6499999999999986e+00   1.6546476983604378e-11   1.7653566477161886e-12
 -5.6000000000000014e+00   1.6160075312931131e-11   1.7716619322303123e-12
 -5.5500000000000007e+00   1.5774710128823175e-11   1.7765897267053062e-12
 -5.5000000000000000e+00   1.5390457097009338e-11   1.7800527247787185e-12
 -5.4499999999999993e+00   1.5007397090709555e-11   1.7819595319674208e-12
 -5.3999999999999986e+00   1.4625616542215374e-11   1.7822144738542023e-12
 -5.3500000000000014e+00   1.4245207813100039e-11   1.7807173940543595e-12
 -5.3000000000000007e+00   1.3866269583726071e-11   1.7773634413515490e-12
 -5.2500000000000000e+00   1.3488907262698723e-11   1.7720428453555790e-12
 -5.1999999999999993e+00   1.3113233416884995e-11   1.7646406799966302e-12
 -5.1499999999999986e+00   1.2739368222578618e-11   1.7550366141306986e-12
 -5.1000000000000014e+00   1.2367439938339783e-11   1.7431046484900026e-12
 -5.0500000000000007e+00   1.1997585399972290e-11   1.7287128381698572e-12
 -5.0000000000000000e+00   1.1629950538017940e-11   1.7117229998004039e-12
 -4.9499999999999993e+00   1.1264690918045609e-11   1.6919904025079245e-12
 -4.8999999999999986e+00   1.0901972303887563e-11   1.6693634417267718e-12
 -4.8500000000000014e+00   1.0541971243824520e-11   1.6436832948798031e-12
 -4.8000000000000007e+00   1.0184875679539886e-11   1.6147835579034316e-12
 -4.7500000000000000e+00   9.8308855774476757e-12   1.5824898615539786e-12
 -4.6999999999999993e+00   9.4802135817428247e-12   1.5466194663961774e-12
 -4.6499999999999986e+00   9.1330856882205710e-12   1.5069808353439977e-12
 -4.6000000000000014e+00   8.7897419375568828e-12   1.4633731826003698e-12
 -4.5500000000000007e+00   8.4504371263260934e-12   1.4155859978282354e-12
 -4.5000000000000000e+00   8.1154415335464863e-12   1.3633985443835862e-12
 -4.4499999999999993e+00   7.7850416599789327e-12   1.3065793304553285e-12
 -4.3999999999999986e+00   7.4595409767461881e-12   1.2448855519913321e-12
 -4.3500000000000014e+00   7.1392606790776898e-12   1.1780625063501847e-12
 -4.3000000000000007e+00   6.8245404401012340e-12   1.1058429757104823e-12
 -4.2500000000000000e+00   6.5157391585815487e-12   1.0279465794017896e-12
 -4.1999999999999993e+00   6.2132356933262170e-12   9.4407909450326875e-13
 -4.1499999999999986e+00   5.9174295756194007e-12   8.5393174429888086e-13
 -4.1000000000000014e+00   5.6287416894772915e-12   7.5718045449600488e-13
 -4.0500000000000007e+00   5.3476149077170871e-12   6.5348507752403012e-13
 -4.0000000000000000e+00   5.0745146697603636e-12   5.4248858575123026e-13
 -3.9499999999999993e+00   4.8099294847144992e-12   4.2381623511631564e-13
 -3.8999999999999986e+00   4.5543713405500460e-12   2.9707470149469740e-13
 -3.8500000000000014e+00   4.3083759970701404e-12   1.6185119314367762e-13
 -3.8000000000000007e+00   4.0725031367970125e-12   1.7712543837374555e-14
 -3.7500000000000000e+00   3.8473363438211559e-12  -1.3579570713876917e-13
 -3.6999999999999993e+00   3.6334828760052466e-12  -2.9915024005296203e-13
 -3.6500000000000021e+00   3.4315731906353497e-12  -4.7285087443657212e-13
 -3.6000000000000014e+00   3.2422601775880705e-12  -6.5742147018219950e-13
 -3.5500000000000007e+00   3.0662180472498982e-12  -8.5341079332693251e-13
 -3.5000000000000000e+00   2.9041408126949701e-12  -1.0613933256465086e-12
 -3.4499999999999993e+00   2.7567402969080417e-12  -1.2819699921543214e-12
 -3.4000000000000021e+00   2.6247435860381796e-12  -1.5157687745461309e-12
 -3.3500000000000014e+00   2.5088898386975060e-12  -1.7634451713707800e-12
 -3.3000000000000007e+00   2.4099263491001781e-12  -2.0256824570245637e-12
 -3.2500000000000000e+00   2.3286037483104114e-12  -2.3031916813169935e-12
 -3.1999999999999993e+00   2.2656702130064422e-12  -2.5967113390613322e-12
 -3.1500000000000021e+00   2.2218645349887138e-12  -2.9070066245954257e-12
 -3.1000000000000014e+00   2.1979078872533631e-12  -3.2348681689984360e-12
 -3.0500000000000007e+00   2.1944941040026981e-12  -3.5811101376747843e-12
 -3.0000000000000000e+00   2.2122782727959011e-12  -3.9465675425531563e-12
 -2.9499999999999993e+00   2.2518634176644892e-12  -4.3320925960264859e-12
 -2.9000000000000021e+00   2.3137850331857684e-12  -4.7385499026038420e-12
 -2.8500000000000014e+00   2.3984932123090639e-12  -5.1668102487996184e-12
 -2.8000000000000007e+00   2.5063320966747060e-12  -5.6177427119315228e-12
 -2.7500000000000000e+00   2.6375163693089305e-12  -6.0922047643449385e-12
 -2.6999999999999993e+00   2.7921045086569798e-12  -6.5910300015823182e-12
 -2.6500000000000021e+00   2.9699685335130041e-12  -7.1150130721341679e-12
 -2.6000000000000014e+00   3.1707599951187835e-12  -7.6648913343225675e-12
 -2.5500000000000007e+00   3.3938720213326296e-12  -8.2413227152466672e-12
 -2.5000000000000000e+00   3.6383972954766367e-12  -8.8448592015527544e-12
 -2.4499999999999993e+00   3.9030819678965480e-12  -9.4759153577963647e-12
 -2.4000000000000021e+00   4.1862756615547052e-12  -1.0134731253246870e-11
 -2.3500000000000014e+00   4.4858779556105123e-12  -1.0821329192739147e-11
 -2.3000000000000007e+00   4.7992820253303024e-12  -1.1535463705365612e-11
 -2.2500000000000000e+00   5.1233164953042419e-12  -1.2276564363736488e-11
 -2.1999999999999993e+00   5.4541870370011601e-12  -1.3043671207208608e-11
 -2.1500000000000021e+00   5.7874198188293169e-12  -1.3835362849238801e-11
 -2.1000000000000014e+00   6.1178095981325585e-12  -1.4649677788479633e-11
 -2.0500000000000007e+00   6.4393760201159267e-12  -1.5484030042104447e-11
 -2.0000000000000000e+00   6.7453325325406743e-12  -1.6335121001147306e-11
 -1.9499999999999993e+00   7.0280731887035391e-12  -1.7198850384974120e-11
 -1.9000000000000021e+00   7.2791834173410128e-12  -1.8070230341516417e-11
 -1.8500000000000014e+00   7.4894814748127746e-12  -1.8943308070010310e-11
 -1.8000000000000007e+00   7.6490976131682194e-12  -1.9811103762451566e-11
 -1.7500000000000000e+00   7.7475978141083765e-12  -2.0665572046003098e-11
 -1.6999999999999993e+00   7.7741580474300150e-12  -2.1497596277807525e-11
 -1.6500000000000021e+00   7.7177932085455409e-12  -2.2297025750392006e-11
 -1.6000000000000014e+00   7.5676420078905439e-12  -2.3052765813192045e-11
 -1.5500000000000007e+00   7.3133050518884905e-12  -2.3752929785087847e-11
 -1.5000000000000000e+00   6.9452282495596266e-12  -2.4385059036081916e-11
 -1.4499999999999993e+00   6.4551177903873272e-12  -2.4936413569612038e-11
 -1.4000000000000021e+00   5.8363668053780891e-12  -2.5394329848910344e-11
 -1.3500000000000014e+00   5.0844682251218979e-12  -2.5746635765361471e-11
 -1.3000000000000007e+00   4.1973842420654570e-12  -2.5982105155959147e-11
 -1.2500000000000000e+00   3.1758411603519882e-12  -2.6090927070760586e-11
 -1.1999999999999993e+00   2.0235201004451148e-12  -2.6065159221437873e-11
 -1.1500000000000021e+00   7.4711944998782538e-13  -2.5899131894174886e-11
 -1.1000000000000014e+00  -6.4372603408521431e-13  -2.5589769049489639e-11
 -1.0500000000000007e+00  -2.1366727881327253e-12  -2.5136797840216694e-11
 -1.0000000000000000e+00  -3.7170328725146656e-12  -2.4542826162250275e-11
 -9.4999999999999929e-01  -5.3682528389992704e-12  -2.3813279187716710e-11
 -9.0000000000000213e-01  -7.0724742845241282e-12  -2.2956198594034955e-11
 -8.5000000000000142e-01  -8.8111368226293902e-12  -2.1981920562653653e-11
 -8.0000000000000071e-01  -1.0565582301194272e-11  -2.0902658815956918e-11
 -7.5000000000000000e-01  -1.2317621824932774e-11  -1.9732025659647195e-11
 -6.9999999999999929e-01  -1.4050033729523050e-11  -1.8484526545985261e-11
 -6.5000000000000213e-01  -1.5746969853864418e-11  -1.7175062159883157e-11
 -6.0000000000000142e-01  -1.7394257642815863e-11  -1.5818467177648808e-11
 -5.5000000000000071e-01  -1.8979595565507881e-11  -1.4429107787431714e-11
 -5.0000000000000000e-01  -2.0492647489135304e-11  -1.3020552040051805e-11
 -4.4999999999999929e-01  -2.1925048255233379e-11  -1.1605319269587858e-11
 -4.0000000000000213e-01  -2.3270335718221093e-11  -1.0194708014695207e-11
 -3.5000000000000142e-01  -2.4523827659721163e-11  -8.7986966446367468e-12
 -3.0000000000000071e-01  -2.5682458784370115e-11  -7.4259073169123295e-12
 -2.5000000000000000e-01  -2.6744597030521540e-11  -6.0836220812021884e-12
 -1.9999999999999929e-01  -2.7709845732701822e-11  -4.7778392530405997e-12
 -1.5000000000000213e-01  -2.8578854393159682e-11  -3.5133589763425603e-12
 -1.0000000000000142e-01  -2.9353124009475523e-11  -2.2938873166309550e-12
 -5.0000000000000711e-02  -3.0034852410729904e-11  -1.1221495432199089e-12
  0.0000000000000000e+00  -3.0626758608510420e-11   0.0000000000000000e+00
