# Columns: x, u, lamda
# time_step 5000
# time   5.0000000000000000e+01
 -2.5149999999999999e+01   9.8397651062040121e-11   1.6844729749744403e-15
 -2.5099999999999998e+01   9.8397651062040121e-11   1.6844729749744403e-15
 -2.5049999999999997e+01   9.8397651062040121e-11   1.6844729749744403e-15
 -2.5000000000000000e+01   9.8397651062040121e-11   1.6844729749744403e-15
 -2.4949999999999999e+01   9.8397713048383586e-11   1.7261897468853584e-15
 -2.4899999999999999e+01   9.8398215255168883e-11   1.7482001953510794e-15
 -2.4849999999999998e+01   9.8399599137030946e-11   1.7824850231734439e-15
 -2.4799999999999997e+01   9.8402355837401773e-11   1.8101944834636882e-15
 -2.4750000000000000e+01   9.8406731524628440e-11   1.8421964142581573e-15
 -2.4699999999999999e+01   9.8412568453413840e-11   1.8721938165239584e-15
 -2.4649999999999999e+01   9.8419141726078446e-11   1.9038227576316161e-15
 -2.4599999999999998e+01   9.8425179866573750e-11   1.9349731195459910e-15
 -2.4549999999999997e+01   9.8429058821845235e-11   1.9668580146234433e-15
 -2.4500000000000000e+01   9.8429213959741470e-11   1.9987608366467006e-15
 -2.4449999999999999e+01   9.8424637708581540e-11   2.0310453995562355e-15
 -2.4399999999999999e+01   9.8415202065696665e-11   2.0633973427481753e-15
 -2.4349999999999998e+01   9.8401506687165554e-11   2.0959749921559804e-15
 -2.4299999999999997e+01   9.8384561903822234e-11   2.1286707659960349e-15
 -2.4250000000000000e+01   9.8365479060497508e-11   2.1615309085662903e-15
 -2.4199999999999999e+01   9.8345244808943990e-11   2.1945122952911747e-15
 -2.4149999999999999e+01   9.8324592908599384e-11   2.2276228806407294e-15
 -2.4099999999999998e+01   9.8303963277163620e-11   2.2608405654530343e-15
 -2.4049999999999997e+01   9.8283528749963318e-11   2.2941600869028258e-15
 -2.4000000000000000e+01   9.8263266090525551e-11   2.3275659521714824e-15
 -2.3949999999999999e+01   9.8243044302927216e-11   2.3610480916329495e-15
 -2.3899999999999999e+01   9.8222705075621771e-11   2.3945928311817996e-15
 -2.3849999999999998e+01   9.8202118187862542e-11   2.4281881159194005e-15
 -2.3799999999999997e+01   9.8181206533218655e-11   2.4618204992083029e-15
 -2.3750000000000000e+01   9.8159945718429782e-11   2.4954768863515237e-15
 -2.3699999999999999e+01   9.8138348627770825e-11   2.5291435329029348e-15
 -2.3649999999999999e+01   9.8116445516967606e-11   2.5628066302901467e-15
 -2.3599999999999998e+01   9.8094267146319418e-11   2.5964519772541340e-15
 -2.3549999999999997e+01   9.8071834524240941e-11   2.6300651816097470e-15
 -2.3500000000000000e+01   9.8049155574305796e-11   2.6636315578440400e-15
 -2.3449999999999999e+01   9.8026227011557558e-11   2.6971362018987268e-15
 -2.3399999999999999e+01   9.8003038895928181e-11   2.7305639648102861e-15
 -2.3349999999999998e+01   9.7979579470611721e-11   2.7638994856461709e-15
 -2.3299999999999997e+01   9.7955838660466889e-11   2.7971271910903520e-15
 -2.3250000000000000e+01   9.7931809610723249e-11   2.8302313152758370e-15
 -2.3199999999999999e+01   9.7907488514685127e-11   2.8631959091353726e-15
 -2.3149999999999999e+01   9.7882873462995323e-11   2.8960048572018008e-15
 -2.3099999999999998e+01   9.7857963101430702e-11   2.9286418916744636e-15
 -2.3049999999999997e+01   9.7832755639430977e-11   2.9610906096966799e-15
 -2.3000000000000000e+01   9.7807248409218396e-11   2.9933344904483736e-15
 -2.2949999999999999e+01   9.7781437900126459e-11   3.0253569140044434e-15
 -2.2899999999999999e+01   9.7755320058051581e-11   3.0571411808393859e-15
 -2.2849999999999998e+01   9.7728890635335082e-11   3.0886705326262375e-15
 -2.2799999999999997e+01   9.7702145448069133e-11   3.1199281740139946e-15
 -2.2750000000000000e+01   9.7675080488650467e-11   3.1508972956074786e-15
 -2.2699999999999999e+01   9.7647691912741188e-11   3.1815610980863861e-15
 -2.2649999999999999e+01   9.7619975955931404e-11   3.2119028175730500e-15
 -2.2599999999999998e+01   9.7591928838307042e-11   3.2419057522434130e-15
 -2.2549999999999997e+01   9.7563546696562295e-11   3.2715532902346931e-15
 -2.2500000000000000e+01   9.7534825557671726e-11   3.3008289388770520e-15
 -2.2449999999999999e+01   9.7505761347168424e-11   3.3297163552726408e-15
 -2.2399999999999999e+01   9.7476349914720906e-11   3.3581993782658693e-15
 -2.2349999999999998e+01   9.7446587059932710e-11   3.3862620618242925e-15
 -2.2299999999999997e+01   9.7416468548023817e-11   3.4138887098744538e-15
 -2.2250000000000000e+01   9.7385990113169757e-11   3.4410639126267763e-15
 -2.2199999999999999e+01   9.7355147453037720e-11   3.4677725844163296e-15
 -2.2149999999999999e+01   9.7323936220096027e-11   3.4940000031086137e-15
 -2.2099999999999998e+01   9.7292352014275168e-11   3.5197318510971893e-15
 -2.2049999999999997e+01   9.7260390379149505e-11   3.5449542579319370e-15
 -2.2000000000000000e+01   9.7228046801516771e-11   3.5696538446107248e-15
 -2.1949999999999999e+01   9.7195316712937918e-11   3.5938177695674992e-15
 -2.1899999999999999e+01   9.7162195491585125e-11   3.6174337763912037e-15
 -2.1849999999999998e+01   9.7128678463273027e-11   3.6404902433293449e-15
 -2.1799999999999997e+01   9.7094760901341961e-11   3.6629762345752545e-15
 -2.1750000000000000e+01   9.7060438025668093e-11   3.6848815534115889e-15
 -2.1699999999999999e+01   9.7025705001331576e-11   3.7061967972214583e-15
 -2.1649999999999999e+01   9.6990556937408249e-11   3.7269134144147629e-15
 -2.1599999999999998e+01   9.6954988886111708e-11   3.7470237632949947e-15
 -2.1549999999999997e+01   9.6918995842266947e-11   3.7665211729102910e-15
 -2.1500000000000000e+01   9.6882572742954166e-11   3.7854000059160043e-15
 -2.1449999999999999e+01   9.6845714467148882e-11   3.8036557234883350e-15
 -2.1399999999999999e+01   9.6808415835255184e-11   3.8212849523163492e-15
 -2.1349999999999998e+01   9.6770671608517575e-11   3.8382855537132735e-15
 -2.1299999999999997e+01   9.6732476488357216e-11   3.8546566948724475e-15
 -2.1250000000000000e+01   9.6693825115691350e-11   3.8703989223103954e-15
 -2.1199999999999999e+01   9.6654712070279530e-11   3.8855142375147966e-15
 -2.1149999999999999e+01   9.6615131870106244e-11   3.9000061748439120e-15
 -2.1099999999999998e+01   9.6575078970786308e-11   3.9138798816984669e-15
 -2.1049999999999997e+01   9.6534547764974481e-11   3.9271422009976343e-15
 -2.1000000000000000e+01   9.6493532581765331e-11   3.9398017559902708e-15
 -2.0949999999999999e+01   9.6452027686076797e-11   3.9518690374317973e-15
 -2.0899999999999999e+01   9.6410027278023019e-11   3.9633564931462680e-15
 -2.0849999999999998e+01   9.6367525492281018e-11   3.9742786200124267e-15
 -2.0799999999999997e+01   9.6324516397457149e-11   3.9846520583889963e-15
 -2.0750000000000000e+01   9.6280993995455917e-11   3.9944956890095186e-15
 -2.0699999999999999e+01   9.6236952220850535e-11   4.0038307323684169e-15
 -2.0649999999999999e+01   9.6192384940252970e-11   4.0126808506210625e-15
 -2.0599999999999998e+01   9.6147285951679827e-11   4.0210722520204417e-15
 -2.0549999999999997e+01   9.6101648983912589e-11   4.0290337979087503e-15
 -2.0500000000000000e+01   9.6055467695854526e-11   4.0365971122808295e-15
 -2.0449999999999999e+01   9.6008735675886396e-11   4.0437966939402527e-15
 -2.0399999999999999e+01   9.5961446441222112e-11   4.0506700312626042e-15
 -2.0349999999999998e+01   9.5913593437268320e-11   4.0572577195716032e-15
 -2.0299999999999997e+01   9.5865170036984361e-11   4.0636035811577924e-15
 -2.0250000000000000e+01   9.5816169540240334e-11   4.0697547879317805e-15
 -2.0199999999999999e+01   9.5766585173173178e-11   4.0757619867333170e-15
 -2.0149999999999999e+01   9.5716410087543344e-11   4.0816794272916873e-15
 -2.0099999999999998e+01   9.5665637360092994e-11   4.0875650928497596e-15
 -2.0049999999999997e+01   9.5614259991902648e-11   4.0934808334563012e-15
 -2.0000000000000000e+01   9.5562270907748724e-11   4.0994925019122732e-15
 -1.9949999999999999e+01   9.5509662955461372e-11   4.1056700923851702e-15
 -1.9899999999999999e+01   9.5456428905282649e-11   4.1120878816778280e-15
 -1.9849999999999998e+01   9.5402561449226914e-11   4.1188245731442395e-15
 -1.9799999999999997e+01   9.5348053200446768e-11   4.1259634432413875e-15
 -1.9750000000000000e+01   9.5292896692602236e-11   4.1335924907106822e-15
 -1.9699999999999999e+01   9.5237084379231274e-11   4.1418045883671703e-15
 -1.9649999999999999e+01   9.5180608633120800e-11   4.1506976374813468e-15
 -1.9599999999999998e+01   9.5123461745682350e-11   4.1603747247226122e-15
 -1.9549999999999997e+01   9.5065635926332085e-11   4.1709442816537056e-15
 -1.9500000000000000e+01   9.5007123301874682e-11   4.1825202467370622e-15
 -1.9449999999999999e+01   9.4947915915892241e-11   4.1952222298221481e-15
 -1.9399999999999999e+01   9.4888005728137302e-11   4.2091756790861057e-15
 -1.9349999999999998e+01   9.4827384613931873e-11   4.2245120503738784e-15
 -1.9299999999999997e+01   9.4766044363572042e-11   4.2413689789128029e-15
 -1.9250000000000000e+01   9.4703976681739023e-11   4.2598904533381846e-15
 -1.9199999999999999e+01   9.4641173186917170e-11   4.2802269919890618e-15
 -1.9149999999999999e+01   9.4577625410819578e-11   4.3025358214144882e-15
 -1.9099999999999998e+01   9.4513324797820403e-11   4.3269810570338181e-15
 -1.9049999999999997e+01   9.4448262704395718e-11   4.3537338858816269e-15
 -1.9000000000000000e+01   9.4382430398573923e-11   4.3829727513732717e-15
 -1.8949999999999999e+01   9.4315819059396506e-11   4.4148835400157762e-15
 -1.8899999999999999e+01   9.4248419776388527e-11   4.4496597699855992e-15
 -1.8849999999999998e+01   9.4180223549040212e-11   4.4875027814888589e-15
 -1.8799999999999997e+01   9.4111221286298712e-11   4.5286219288193760e-15
 -1.8750000000000000e+01   9.4041403806072535e-11   4.5732347740098197e-15
 -1.8699999999999999e+01   9.3970761834747085e-11   4.6215672819956354e-15
 -1.8649999999999999e+01   9.3899286006714117e-11   4.6738540171603193e-15
 -1.8599999999999998e+01   9.3826966863915077e-11   4.7303383411778456e-15
 -1.8549999999999997e+01   9.3753794855399083e-11   4.7912726120167889e-15
 -1.8500000000000000e+01   9.3679760336898473e-11   4.8569183839865326e-15
 -1.8449999999999999e+01   9.3604853570420424e-11   4.9275466087033367e-15
 -1.8399999999999999e+01   9.3529064723852740e-11   5.0034378368367280e-15
 -1.8349999999999998e+01   9.3452383870585633e-11   5.0848824204887540e-15
 -1.8299999999999997e+01   9.3374800989152789e-11   5.1721807160607239e-15
 -1.8250000000000000e+01   9.3296305962893134e-11   5.2656432874535549e-15
 -1.8199999999999999e+01   9.3216888579633517e-11   5.3655911094368546e-15
 -1.8149999999999999e+01   9.3136538531392787e-11   5.4723557710126320e-15
 -1.8099999999999998e+01   9.3055245414106649e-11   5.5862796786048046e-15
 -1.8049999999999997e+01   9.2972998727374062e-11   5.7077162588798998e-15
 -1.8000000000000000e+01   9.2889787874228063e-11   5.8370301610068714e-15
 -1.7949999999999999e+01   9.2805602160932455e-11   5.9745974581607583e-15
 -1.7899999999999999e+01   9.2720430796804195e-11   6.1208058480558792e-15
 -1.7849999999999998e+01   9.2634262894061357e-11   6.2760548522922537e-15
 -1.7799999999999997e+01   9.2547087467697675e-11   6.4407560142924810e-15
 -1.7750000000000000e+01   9.2458893435386009e-11   6.6153330955846662e-15
 -1.7699999999999999e+01   9.2369669617412414e-11   6.8002222702024993e-15
 -1.7649999999999999e+01   9.2279404736642071e-11   6.9958723169343644e-15
 -1.7600000000000001e+01   9.2188087418517027e-11   7.2027448091745500e-15
 -1.7549999999999997e+01   9.2095706191084938e-11   7.4213143020996873e-15
 -1.7500000000000000e+01   9.2002249485062309e-11   7.6520685168817062e-15
 -1.7449999999999999e+01   9.1907705633934144e-11   7.8955085216605276e-15
 -1.7399999999999999e+01   9.1812062874089746e-11   8.1521489089731744e-15
 -1.7350000000000001e+01   9.1715309344997072e-11   8.4225179693187585e-15
 -1.7299999999999997e+01   9.1617433089415730e-11   8.7071578605592555e-15
 -1.7250000000000000e+01   9.1518422053650332e-11   9.0066247728034534e-15
 -1.7199999999999999e+01   9.1418264087845792e-11   9.3214890884485063e-15
 -1.7149999999999999e+01   9.1316946946324408e-11   9.6523355370246401e-15
 -1.7100000000000001e+01   9.1214458287967190e-11   9.9997633444732831e-15
 -1.7049999999999997e+01   9.1110785676641486e-11   1.0364386376492351e-14
 -1.7000000000000000e+01   9.1005916581676921e-11   1.0746833275558712e-14
 -1.6949999999999999e+01   9.0899838378389274e-11   1.1147747591238223e-14
 -1.6899999999999999e+01   9.0792538348652889e-11   1.1567787903370360e-14
 -1.6850000000000001e+01   9.0684003681524712e-11   1.2007627937702089e-14
 -1.6799999999999997e+01   9.0574221473920534e-11   1.2467956673556126e-14
 -1.6750000000000000e+01   9.0463178731345563e-11   1.2949478443071219e-14
 -1.6699999999999999e+01   9.0350862368681621e-11   1.3452913021570074e-14
 -1.6649999999999999e+01   9.0237259211031666e-11   1.3978995708586469e-14
 -1.6600000000000001e+01   9.0122355994623091e-11   1.4528477399064504e-14
 -1.6549999999999997e+01   9.0006139367770674e-11   1.5102124644243815e-14
 -1.6500000000000000e+01   8.9888595891901145e-11   1.5700719701720555e-14
 -1.6449999999999999e+01   8.9769712042641877e-11   1.6325060574161118e-14
 -1.6399999999999999e+01   8.9649474210974744e-11   1.6975961036148550e-14
 -1.6350000000000001e+01   8.9527868704456294e-11   1.7654250648604141e-14
 -1.6299999999999997e+01   8.9404881748506330e-11   1.8360774760228772e-14
 -1.6250000000000000e+01   8.9280499487766769e-11   1.9096394495397278e-14
 -1.6199999999999999e+01   8.9154707987532114e-11   1.9861986727910952e-14
 -1.6149999999999999e+01   8.9027493235253820e-11   2.0658444040014594e-14
 -1.6100000000000001e+01   8.8898841142119783e-11   2.1486674666061864e-14
 -1.6049999999999997e+01   8.8768737544709195e-11   2.2347602420209105e-14
 -1.6000000000000000e+01   8.8637168206727128e-11   2.3242166607474175e-14
 -1.5949999999999999e+01   8.8504118820819558e-11   2.4171321917533893e-14
 -1.5899999999999999e+01   8.8369575010469814e-11   2.5136038300570161e-14
 -1.5850000000000000e+01   8.8233522331978928e-11   2.6137300824481105e-14
 -1.5799999999999999e+01   8.8095946276530780e-11   2.7176109512773533e-14
 -1.5750000000000000e+01   8.7956832272345138e-11   2.8253479162397069e-14
 -1.5699999999999999e+01   8.7816165686919593e-11   2.9370439140821506e-14
 -1.5649999999999999e+01   8.7673931829362127e-11   3.0528033161591408e-14
 -1.5600000000000000e+01   8.7530115952816322e-11   3.1727319037611219e-14
 -1.5549999999999999e+01   8.7384703256980880e-11   3.2969368411386782e-14
 -1.5500000000000000e+01   8.7237678890725252e-11   3.4255266461432642e-14
 -1.5449999999999999e+01   8.7089027954802400e-11   3.5586111584050453e-14
 -1.5399999999999999e+01   8.6938735504660564e-11   3.6963015049654150e-14
 -1.5350000000000000e+01   8.6786786553356854e-11   3.8387100632807115e-14
 -1.5299999999999999e+01   8.6633166074574424e-11   3.9859504215138198e-14
 -1.5250000000000000e+01   8.6477859005743961e-11   4.1381373360260193e-14
 -1.5199999999999999e+01   8.6320850251271251e-11   4.2953866859823545e-14
 -1.5149999999999999e+01   8.6162124685873117e-11   4.4578154249802962e-14
 -1.5100000000000000e+01   8.6001667158022981e-11   4.6255415296123763e-14
 -1.5049999999999999e+01   8.5839462493507376e-11   4.7986839448694686e-14
 -1.5000000000000000e+01   8.5675495499095823e-11   4.9773625262914001e-14
 -1.4949999999999999e+01   8.5509750966325764e-11   5.1616979787698787e-14
 -1.4899999999999999e+01   8.5342213675403559e-11   5.3518117919072716e-14
 -1.4850000000000000e+01   8.5172868399223565e-11   5.5478261718323990e-14
 -1.4799999999999999e+01   8.5001699907506308e-11   5.7498639693747687e-14
 -1.4750000000000000e+01   8.4828692971057863e-11   5.9580486044952877e-14
 -1.4699999999999999e+01   8.4653832366151487e-11   6.1725039868715675e-14
 -1.4649999999999999e+01   8.4477102879033085e-11   6.3933544325339255e-14
 -1.4600000000000000e+01   8.4298489310551916e-11   6.6207245764461084e-14
 -1.4549999999999999e+01   8.4117976480918321e-11   6.8547392809249979e-14
 -1.4500000000000000e+01   8.3935549234589616e-11   7.0955235397899902e-14
 -1.4449999999999999e+01   8.3751192445285255e-11   7.3432023781338988e-14
 -1.4400000000000000e+01   8.3564891021132648e-11   7.5979007476032753e-14
 -1.4350000000000000e+01   8.3376629909945306e-11   7.8597434170759061e-14
 -1.4299999999999999e+01   8.3186394104633693e-11   8.1288548586236942e-14
 -1.4250000000000000e+01   8.2994168648749914e-11   8.4053591286435366e-14
 -1.4199999999999999e+01   8.2799938642168115e-11   8.6893797440414758e-14
 -1.4150000000000000e+01   8.2603689246901439e-11   8.9810395533526645e-14
 -1.4100000000000000e+01   8.2405405693056139e-11   9.2804606026782822e-14
 -1.4049999999999999e+01   8.2205073284923860e-11   9.5877639963190248e-14
 -1.4000000000000000e+01   8.2002677407213392e-11   9.9030697519848914e-14
 -1.3949999999999999e+01   8.1798203531422166e-11   1.0226496650458347e-13
 -1.3900000000000000e+01   8.1591637222348780e-11   1.0558162079588063e-13
 -1.3850000000000000e+01   8.1382964144746319e-11   1.0898181872487962e-13
 -1.3799999999999999e+01   8.1172170070118189e-11   1.1246670139816724e-13
 -1.3750000000000000e+01   8.0959240883656212e-11   1.1603739096010802e-13
 -1.3699999999999999e+01   8.0744162591321883e-11   1.1969498879343072e-13
 -1.3650000000000000e+01   8.0526921327071342e-11   1.2344057365679319e-13
 -1.3600000000000000e+01   8.0307503360224172e-11   1.2727519975801650e-13
 -1.3549999999999999e+01   8.0085895102976458e-11   1.3119989476170336e-13
 -1.3500000000000000e+01   7.9862083118058335e-11   1.3521565772990472e-13
 -1.3449999999999999e+01   7.9636054126536034e-11   1.3932345699453506e-13
 -1.3400000000000000e+01   7.9407795015758282e-11   1.4352422796019120e-13
 -1.3350000000000000e+01   7.9177292847447163e-11   1.4781887083604921e-13
 -1.3299999999999999e+01   7.8944534865934135e-11   1.5220824829548304e-13
 -1.3250000000000000e+01   7.8709508506540442e-11   1.5669318306207305e-13
 -1.3199999999999999e+01   7.8472201404101716e-11   1.6127445542063562e-13
 -1.3150000000000000e+01   7.8232601401636441e-11   1.6595280065191123e-13
 -1.3100000000000000e+01   7.7990696559157985e-11   1.7072890638955845e-13
 -1.3049999999999999e+01   7.7746475162629955e-11   1.7560340989806439e-13
 -1.3000000000000000e+01   7.7499925733064486e-11   1.8057689527021332e-13
 -1.2949999999999999e+01   7.7251037035762445e-11   1.8564989054272578e-13
 -1.2900000000000000e+01   7.6999798089695348e-11   1.9082286472869008e-13
 -1.2850000000000000e+01   7.6746198177028176e-11   1.9609622476539995e-13
 -1.2799999999999999e+01   7.6490226852782163e-11   2.0147031237622015e-13
 -1.2750000000000000e+01   7.6231873954637028e-11   2.0694540084508206e-13
 -1.2699999999999999e+01   7.5971129612871463e-11   2.1252169170223430e-13
 -1.2650000000000000e+01   7.5707984260441256e-11   2.1819931131985061e-13
 -1.2600000000000000e+01   7.5442428643194428e-11   2.2397830741611636e-13
 -1.2549999999999999e+01   7.5174453830221667e-11   2.2985864546640272e-13
 -1.2500000000000000e+01   7.4904051224341477e-11   2.3584020502014889e-13
 -1.2449999999999999e+01   7.4631212572718343e-11   2.4192277592206796e-13
 -1.2400000000000000e+01   7.4355929977613228e-11   2.4810605443630173e-13
 -1.2350000000000000e+01   7.4078195907265541e-11   2.5438963927214008e-13
 -1.2299999999999999e+01   7.3798003206905385e-11   2.6077302750995465e-13
 -1.2250000000000000e+01   7.3515345109894256e-11   2.6725561042596008e-13
 -1.2199999999999999e+01   7.3230215248993220e-11   2.7383666921445961e-13
 -1.2150000000000000e+01   7.2942607667757597e-11   2.8051537060621056e-13
 -1.2100000000000000e+01   7.2652516832057147e-11   2.8729076238157354e-13
 -1.2049999999999999e+01   7.2359937641719952e-11   2.9416176877710222e-13
 -1.2000000000000000e+01   7.2064865442299269e-11   3.0112718578424494e-13
 -1.1949999999999999e+01   7.1767296036962234e-11   3.0818567633883620e-13
 -1.1900000000000000e+01   7.1467225698499440e-11   3.1533576540007223e-13
 -1.1850000000000000e+01   7.1164651181453977e-11   3.2257583491766773e-13
 -1.1799999999999999e+01   7.0859569734369182e-11   3.2990411868590299e-13
 -1.1750000000000000e+01   7.0551979112154243e-11   3.3731869708329025e-13
 -1.1699999999999999e+01   7.0241877588566651e-11   3.4481749169658654e-13
 -1.1650000000000000e+01   6.9929263968811064e-11   3.5239825982791460e-13
 -1.1600000000000000e+01   6.9614137602253864e-11   3.6005858888374046e-13
 -1.1549999999999999e+01   6.9296498395252943e-11   3.6779589064449909e-13
 -1.1500000000000000e+01   6.8976346824102364e-11   3.7560739541365253e-13
 -1.1449999999999999e+01   6.8653683948091751e-11   3.8349014604499150e-13
 -1.1400000000000000e+01   6.8328511422680502e-11   3.9144099184701356e-13
 -1.1350000000000000e+01   6.8000831512786587e-11   3.9945658236320779e-13
 -1.1299999999999999e+01   6.7670647106190722e-11   4.0753336102712283e-13
 -1.1250000000000000e+01   6.7337961727056528e-11   4.1566755869108424e-13
 -1.1199999999999999e+01   6.7002779549567435e-11   4.2385518702747396e-13
 -1.1150000000000000e+01   6.6665105411681522e-11   4.3209203180147970e-13
 -1.1100000000000000e+01   6.6324944829005419e-11   4.4037364601426436e-13
 -1.1049999999999999e+01   6.5982304008789208e-11   4.4869534291550526e-13
 -1.1000000000000000e+01   6.5637189864044180e-11   4.5705218888430110e-13
 -1.0949999999999999e+01   6.5289610027785898e-11   4.6543899617743250e-13
 -1.0900000000000000e+01   6.4939572867405497e-11   4.7385031554402549e-13
 -1.0850000000000000e+01   6.4587087499172040e-11   4.8228042870564826e-13
 -1.0799999999999999e+01   6.4232163802869550e-11   4.9072334070093205e-13
 -1.0750000000000000e+01   6.3874812436572609e-11   4.9917277209380711e-13
 -1.0699999999999999e+01   6.3515044851565121e-11   5.0762215104447783e-13
 -1.0650000000000000e+01   6.3152873307407038e-11   5.1606460524228677e-13
 -1.0600000000000000e+01   6.2788310887154881e-11   5.2449295369964729e-13
 -1.0549999999999999e+01   6.2421371512741718e-11   5.3289969840623178e-13
 -1.0500000000000000e+01   6.2052069960523091e-11   5.4127701584265683e-13
 -1.0449999999999999e+01   6.1680421876996406e-11   5.4961674835290445e-13
 -1.0400000000000000e+01   6.1306443794701406e-11   5.5791039537476803e-13
 -1.0350000000000000e+01   6.0930153148310467e-11   5.6614910452762382e-13
 -1.0299999999999999e+01   6.0551568290917845e-11   5.7432366255686313e-13
 -1.0250000000000000e+01   6.0170708510537973e-11   5.8242448613434129e-13
 -1.0199999999999999e+01   5.9787594046823581e-11   5.9044161251423764e-13
 -1.0150000000000000e+01   5.9402246108014990e-11   5.9836469004373393e-13
 -1.0100000000000000e+01   5.9014686888132801e-11   6.0618296852795668e-13
 -1.0050000000000001e+01   5.8624939584427907e-11   6.1388528944864661e-13
 -1.0000000000000000e+01   5.8233028415102527e-11   6.2146007603605897e-13
 -9.9499999999999993e+00   5.7838978637317971e-11   6.2889532319360920e-13
 -9.9000000000000004e+00   5.7442816565505168e-11   6.3617858727481766e-13
 -9.8499999999999996e+00   5.7044569589995036e-11   6.4329697571212553e-13
 -9.8000000000000007e+00   5.6644266195987093e-11   6.5023713649718450e-13
 -9.7500000000000000e+00   5.6241935982875840e-11   6.5698524751224067e-13
 -9.6999999999999993e+00   5.5837609683955402e-11   6.6352700571227322e-13
 -9.6500000000000004e+00   5.5431319186524506e-11   6.6984761615755452e-13
 -9.5999999999999996e+00   5.5023097552414877e-11   6.7593178089633257e-13
 -9.5500000000000007e+00   5.4612979038967503e-11   6.8176368769735631e-13
 -9.5000000000000000e+00   5.4200999120482765e-11   6.8732699863199275e-13
 -9.4499999999999993e+00   5.3787194510171409e-11   6.9260483850569124e-13
 -9.4000000000000004e+00   5.3371603182635101e-11   6.9757978313858593e-13
 -9.3499999999999996e+00   5.2954264396906740e-11   7.0223384749503682e-13
 -9.3000000000000007e+00   5.2535218720082223e-11   7.0654847366192811e-13
 -9.2500000000000000e+00   5.2114508051577166e-11   7.1050451867556660e-13
 -9.1999999999999993e+00   5.1692175648043458e-11   7.1408224219702687e-13
 -9.1500000000000004e+00   5.1268266148982410e-11   7.1726129403581246e-13
 -9.1000000000000014e+00   5.0842825603093034e-11   7.2002070152170667e-13
 -9.0500000000000007e+00   5.0415901495395778e-11   7.2233885672469976e-13
 -9.0000000000000000e+00   4.9987542775173864e-11   7.2419350352289172e-13
 -8.9499999999999993e+00   4.9557799884776317e-11   7.2556172451826612e-13
 -8.8999999999999986e+00   4.9126724789328904e-11   7.2641992780024003e-13
 -8.8500000000000014e+00   4.8694371007400887e-11   7.2674383355689836e-13
 -8.8000000000000007e+00   4.8260793642678095e-11   7.2650846053381331e-13
 -8.7500000000000000e+00   4.7826049416694384e-11   7.2568811234035236e-13
 -8.6999999999999993e+00   4.7390196702676237e-11   7.2425636360335969e-13
 -8.6499999999999986e+00   4.6953295560557146e-11   7.2218604596810623e-13
 -8.6000000000000014e+00   4.6515407773221039e-11   7.1944923394636574e-13
 -8.5500000000000007e+00   4.6076596884036190e-11   7.1601723061147890e-13
 -8.5000000000000000e+00   4.5636928235743386e-11   7.1186055314023324e-13
 -8.4499999999999993e+00   4.5196469010764715e-11   7.0694891820136571e-13
 -8.3999999999999986e+00   4.4755288273001561e-11   7.0125122719046783e-13
 -8.3500000000000014e+00   4.4313457011193381e-11   6.9473555131104117e-13
 -8.3000000000000007e+00   4.3871048183910882e-11   6.8736911650140606e-13
 -8.2500000000000000e+00   4.3428136766260061e-11   6.7911828820713063e-13
 -8.1999999999999993e+00   4.2984799798376336e-11   6.6994855599859320e-13
 -8.1499999999999986e+00   4.2541116435790225e-11   6.5982451803324466e-13
 -8.1000000000000014e+00   4.2097168001749127e-11   6.4870986536206056e-13
 -8.0500000000000007e+00   4.1653038041582094e-11   6.3656736607962852e-13
 -8.0000000000000000e+00   4.1208812379197298e-11   6.2335884931721827e-13
 -7.9499999999999993e+00   4.0764579175804486e-11   6.0904518907811931e-13
 -7.8999999999999986e+00   4.0320428990957428e-11   5.9358628791443170e-13
 -7.8500000000000014e+00   3.9876454846013774e-11   5.7694106044439395e-13
 -7.8000000000000007e+00   3.9432752290112486e-11   5.5906741670923525e-13
 -7.7500000000000000e+00   3.8989419468771215e-11   5.3992224536841620e-13
 -7.6999999999999993e+00   3.8546557195208700e-11   5.1946139673198933e-13
 -7.6499999999999986e+00   3.8104269024499331e-11   4.9763966562868485e-13
 -7.6000000000000014e+00   3.7662661330669140e-11   4.7441077410816535e-13
 -7.5500000000000007e+00   3.7221843386844661e-11   4.4972735397573232e-13
 -7.5000000000000000e+00   3.6781927448567796e-11   4.2354092915759526e-13
 -7.4499999999999993e+00   3.6343028840391486e-11   3.9580189789461559e-13
 -7.3999999999999986e+00   3.5905266045872273e-11   3.6645951476223599e-13
 -7.3500000000000014e+00   3.5468760801076954e-11   3.3546187251407764e-13
 -7.3000000000000007e+00   3.5033638191721390e-11   3.0275588374644837e-13
 -7.2500000000000000e+00   3.4600026754059673e-11   2.6828726238074230e-13
 -7.1999999999999993e+00   3.4168058579641942e-11   2.3200050496042655e-13
 -7.1499999999999986e+00   3.3737869424058583e-11   1.9383887175901462e-13
 -7.1000000000000014e+00   3.3309598819787266e-11   1.5374436769508553e-13
 -7.0500000000000007e+00   3.2883390193257870e-11   1.1165772305006678e-13
 -7.0000000000000000e+00   3.2459390986247451e-11   6.7518373984111093e-14
 -6.9499999999999993e+00   3.2037752781714580e-11   2.1264442844982970e-14
 -6.8999999999999986e+00   3.1618631434178019e-11  -2.7167281735553295e-14
 -6.8500000000000014e+00   3.1202187204739572e-11  -7.7841364963847742e-14
 -6.8000000000000007e+00   3.0788584900844847e-11  -1.3082374623148315e-13
 -6.7500000000000000e+00   3.0377994020868088e-11  -1.8618175969444909e-13
 -6.6999999999999993e+00   2.9970588903598328e-11  -2.4398415509201001e-13
 -6.6499999999999986e+00   2.9566548882693775e-11  -3.0430111881354187e-13
 -6.6000000000000014e+00   2.9166058446159193e-11  -3.6720429522228490e-13
 -6.5500000000000007e+00   2.8769307400887189e-11  -4.3276680824568113e-13
 -6.5000000000000000e+00   2.8376491042287951e-11  -5.0106328324274642e-13
 -6.4499999999999993e+00   2.7987810329013746e-11  -5.7216986915974268e-13
 -6.3999999999999986e+00   2.7603472062763506e-11  -6.4616426098631631e-13
 -6.3500000000000014e+00   2.7223689073128929e-11  -7.2312572252518418e-13
 -6.3000000000000007e+00   2.6848680407416634e-11  -8.0313510948946269e-13
 -6.2500000000000000e+00   2.6478671525350595e-11  -8.8627489294278766e-13
 -6.1999999999999993e+00   2.6113894498524753e-11  -9.7262918309849139e-13
 -6.1499999999999986e+00   2.5754588214437559e-11  -1.0622837534952734e-12
 -6.1000000000000014e+00   2.5400998584897141e-11  -1.1553260655680527e-12
 -6.0500000000000007e+00   2.5053378758537842e-11  -1.2518452936339680e-12
 -6.0000000000000000e+00   2.4711989337135501e-11  -1.3519323503148454e-12
 -5.9499999999999993e+00   2.4377098595349057e-11  -1.4556799124188364e-12
 -5.8999999999999986e+00   2.4048982703450107e-11  -1.5631824473053667e-12
 -5.8500000000000014e+00   2.3727925952528182e-11  -1.6745362397589783e-12
 -5.8000000000000007e+00   2.3414220981578255e-11  -1.7898394193991070e-12
 -5.7500000000000000e+00   2.3108169005786569e-11  -1.9091919886542823e-12
 -5.6999999999999993e+00   2.2810080045230844e-11  -2.0326958513306420e-12
 -5.6499999999999986e+00   2.2520273153100827e-11  -2.1604548418059817e-12
 -5.6000000000000014e+00   2.2239076642422829e-11  -2.2925747548817689e-12
 -5.5500000000000007e+00   2.1966828310137868e-11  -2.4291633763265902e-12
 -5.5000000000000000e+00   2.1703875657234395e-11  -2.5703305141452819e-12
 -5.4499999999999993e+00   2.1450576103473700e-11  -2.7161880306084894e-12
 -5.3999999999999986e+00   2.1207297195066191e-11  -2.8668498750774431e-12
 -5.3500000000000014e+00   2.0974416803459224e-11  -3.0224321176582249e-12
 -5.3000000000000007e+00   2.0752323313179927e-11  -3.1830529837186129e-12
 -5.2500000000000000e+00   2.0541415796437835e-11  -3.3488328892985128e-12
 -5.1999999999999993e+00   2.0342104171930037e-11  -3.5198944774417919e-12
 -5.1499999999999986e+00   2.0154809345003899e-11  -3.6963626554727632e-12
 -5.1000000000000014e+00   1.9979963326016837e-11  -3.8783646332343034e-12
 -5.0500000000000007e+00   1.9818009323386409e-11  -4.0660299622962371e-12
 -5.0000000000000000e+00   1.9669401807444363e-11  -4.2594905761316776e-12
 -4.9499999999999993e+00   1.9534606540792308e-11  -4.4588808312449739e-12
 -4.8999999999999986e+00   1.9414100570400411e-11  -4.6643375492170466e-12
 -4.8500000000000014e+00   1.9308372176190989e-11  -4.8760000596113329e-12
 -4.8000000000000007e+00   1.9217920770301083e-11  -5.0940102436554893e-12
 -4.7500000000000000e+00   1.9143256740618375e-11  -5.3185125785790942e-12
 -4.6999999999999993e+00   1.9084901231527400e-11  -5.5496541824444150e-12
 -4.6499999999999986e+00   1.9043385854083074e-11  -5.7875848592543661e-12
 -4.6000000000000014e+00   1.9019252317039682e-11  -6.0324571440569180e-12
 -4.5500000000000007e+00   1.9013051969299093e-11  -6.2844263476859946e-12
 -4.5000000000000000e+00   1.9025345243395073e-11  -6.5436506006826411e-12
 -4.4499999999999993e+00   1.9056700988592428e-11  -6.8102908958232526e-12
 -4.3999999999999986e+00   1.9107695681042310e-11  -7.0845111285401645e-12
 -4.3500000000000014e+00   1.9178912497188068e-11  -7.3664781343487675e-12
 -4.3000000000000007e+00   1.9270940235248778e-11  -7.6563617221888526e-12
 -4.2500000000000000e+00   1.9384372068108580e-11  -7.9543347023392284e-12
 -4.1999999999999993e+00   1.9519804109295895e-11  -8.2605729072654588e-12
 -4.1499999999999986e+00   1.9677833771933726e-11  -8.5752552034011765e-12
 -4.1000000000000014e+00   1.9859057898564462e-11  -8.8985634914320042e-12
 -4.0500000000000007e+00   2.0064070637583992e-11  -9.2306826921340745e-12
 -4.0000000000000000e+00   2.0293461039641257e-11  -9.5718007141997860e-12
 -3.9499999999999993e+00   2.0547810344752050e-11  -9.9221083997425549e-12
 -3.8999999999999986e+00   2.0827688928018334e-11  -1.0281799442286667e-11
 -3.8500000000000014e+00   2.1133652868714599e-11  -1.0651070270990463e-11
 -3.8000000000000007e+00   2.1466240104078452e-11  -1.1030119893589345e-11
 -3.7500000000000000e+00   2.1825966125399726e-11  -1.1419149689040509e-11
 -3.6999999999999993e+00   2.2213319169917955e-11  -1.1818363139060169e-11
 -3.6500000000000021e+00   2.2628754857590155e-11  -1.2227965485612912e-11
 -3.6000000000000014e+00   2.3072690216959700e-11  -1.2648163298880960e-11
 -3.5500000000000007e+00   2.3545497039127550e-11  -1.3079163937236617e-11
 -3.5000000000000000e+00   2.4047494493190683e-11  -1.3521174877180748e-11
 -3.4499999999999993e+00   2.4578940930471579e-11  -1.3974402886998165e-11
 -3.4000000000000021e+00   2.5140024798433118e-11  -1.4439053012906871e-11
 -3.3500000000000014e+00   2.5730854578394194e-11  -1.4915327340616845e-11
 -3.3000000000000007e+00   2.6351447654098727e-11  -1.5403423488324212e-11
 -3.2500000000000000e+00   2.7001718010951532e-11  -1.5903532779090566e-11
 -3.1999999999999993e+00   2.7681462658478412e-11  -1.6415838031122549e-11
 -3.1500000000000021e+00   2.8390346661524678e-11  -1.6940510893488036e-11
 -3.1000000000000014e+00   2.9127886659199302e-11  -1.7477708642089359e-11
 -3.0500000000000007e+00   2.9893432745045478e-11  -1.8027570336068611e-11
 -3.0000000000000000e+00   3.0686148577971527e-11  -1.8590212218064643e-11
 -2.9499999999999993e+00   3.1504989591910173e-11  -1.9165722222729620e-11
 -2.9000000000000021e+00   3.2348679174040168e-11  -1.9754153436557299e-11
 -2.8500000000000014e+00   3.3215682688073007e-11  -2.0355516328388859e-11
 -2.8000000000000007e+00   3.4104179232339104e-11  -2.0969769544113838e-11
 -2.7500000000000000e+00   3.5012031044443057e-11  -2.1596809031470711e-11
 -2.6999999999999993e+00   3.5936750497910311e-11  -2.2236455232201622e-11
 -2.6500000000000021e+00   3.6875464685006268e-11  -2.2888438050314296e-11
 -2.6000000000000014e+00   3.7824877648035990e-11  -2.3552379278660445e-11
 -2.5500000000000007e+00   3.8781230414041488e-11  -2.4227772144092449e-11
 -2.5000000000000000e+00   3.9740259110913008e-11  -2.4913957617823007e-11
 -2.4499999999999993e+00   4.0697151603389181e-11  -2.5610097137359600e-11
 -2.4000000000000021e+00   4.1646503292819304e-11  -2.6315141406263976e-11
 -2.3500000000000014e+00   4.2582272982848737e-11  -2.7027794986721990e-11
 -2.3000000000000007e+00   4.3497740032071071e-11  -2.7746476488467632e-11
 -2.2500000000000000e+00   4.4385464400645246e-11  -2.8469274299319515e-11
 -2.1999999999999993e+00   4.5237251654641354e-11  -2.9193898013033083e-11
 -2.1500000000000021e+00   4.6044125518329143e-11  -2.9917626006619757e-11
 -2.1000000000000014e+00   4.6796311151903085e-11  -3.0637250019499180e-11
 -2.0500000000000007e+00   4.7483232960006521e-11  -3.1349018106965519e-11
 -2.0000000000000000e+00   4.8093531368940016e-11  -3.2048577991606606e-11
 -1.9499999999999993e+00   4.8615103591322352e-11  -3.2730923619822663e-11
 -1.9000000000000021e+00   4.9035173845278289e-11  -3.3390348631463147e-11
 -1.8500000000000014e+00   4.9340398702609899e-11  -3.4020411429687746e-11
 -1.8000000000000007e+00   4.9517013071641998e-11  -3.4613917523588425e-11
 -1.7500000000000000e+00   4.9551021619466521e-11  -3.5162925695557236e-11
 -1.6999999999999993e+00   4.9428439042440835e-11  -3.5658785161658814e-11
 -1.6500000000000021e+00   4.9135580358134346e-11  -3.6092211046758483e-11
 -1.6000000000000014e+00   4.8659399225145843e-11  -3.6453404958296670e-11
 -1.5500000000000007e+00   4.7987868206805762e-11  -3.6732225984263249e-11
 -1.5000000000000000e+00   4.7110390035830406e-11  -3.6918414877780119e-11
 -1.4499999999999993e+00   4.6018223653614023e-11  -3.7001870443433925e-11
 -1.4000000000000021e+00   4.4704903641328998e-11  -3.6972972301505588e-11
 -1.3500000000000014e+00   4.3166627366061545e-11  -3.6822938596929866e-11
 -1.3000000000000007e+00   4.1402581575908634e-11  -3.6544201416591207e-11
 -1.2500000000000000e+00   3.9415180105115024e-11  -3.6130777484372305e-11
 -1.1999999999999993e+00   3.7210187395323061e-11  -3.5578608049268473e-11
 -1.1500000000000021e+00   3.4796708905418591e-11  -3.4885840660539344e-11
 -1.1000000000000014e+00   3.2187038834419616e-11  -3.4053027381865336e-11
 -1.0500000000000007e+00   2.9396367003136488e-11  -3.3083219136095846e-11
 -1.0000000000000000e+00   2.6442358831067966e-11  -3.1981943925457256e-11
 -9.4999999999999929e-01   2.3344633453261203e-11  -3.0757066700291758e-11
 -9.0000000000000213e-01   2.0124173566969553e-11  -2.9418539288265752e-11
 -8.5000000000000142e-01   1.6802705392083488e-11  -2.7978058520704968e-11
 -8.0000000000000071e-01   1.3402087632990739e-11  -2.6448658133646907e-11
 -7.5000000000000000e-01   9.9437447084285295e-12  -2.4844264242522222e-11
 -6.9999999999999929e-01   6.4481726310501140e-12  -2.3179244852610808e-11
 -6.5000000000000213e-01   2.9345369454409932e-12  -2.1467981246520501e-11
 -6.0000000000000142e-01  -5.7962738004355347e-13  -1.9724483940942779e-11
 -5.5000000000000071e-01  -4.0786133325908245e-12  -1.7962069261971978e-11
 -5.0000000000000000e-01  -7.5486428749659354e-12  -1.6193105510009584e-11
 -4.4999999999999929e-01  -1.0977883900830968e-11  -1.4428831104584677e-11
 -4.0000000000000213e-01  -1.4356397542450368e-11  -1.2679241620259935e-11
 -3.5000000000000142e-01  -1.7676033420304898e-11  -1.0953038656591097e-11
 -3.0000000000000071e-01  -2.0930286352645923e-11  -9.2576309456339143e-12
 -2.5000000000000000e-01  -2.4114133143202964e-11  -7.5991771099981497e-12
 -1.9999999999999929e-01  -2.7223853934651089e-11  -5.9826592885718103e-12
 -1.5000000000000213e-01  -3.0256861251272045e-11  -4.4119779987419459e-12
 -1.0000000000000142e-01  -3.3211520543806777e-11  -2.8900590589626027e-12
 -5.0000000000000711e-02  -3.6087008544469886e-11  -1.4189649427165665e-12
  0.0000000000000000e+00  -3.8883147792170038e-11   0.0000000000000000e+00
