# Columns: x, u, lamda
# time_step 10000
# time   1.0000000000000000e+02
 -2.5149999999999999e+01   9.6224120895228010e-11   1.0333536236210097e-15
 -2.5099999999999998e+01   9.6224120895228010e-11   1.0333536236210097e-15
 -2.5049999999999997e+01   9.6224120895228010e-11   1.0333536236210097e-15
 -2.5000000000000000e+01   9.6224120895228010e-11   1.0333536236210097e-15
 -2.4949999999999999e+01   9.6224093652560015e-11   1.0616008038806689e-15
 -2.4899999999999999e+01   9.6224276518783942e-11   1.0768710048958837e-15
 -2.4849999999999998e+01   9.6225051605412824e-11   1.1005321768014490e-15
 -2.4799999999999997e+01   9.6226912440836280e-11   1.1200677055833150e-15
 -2.4750000000000000e+01   9.6230176202644695e-11   1.1426746844399437e-15
 -2.4699999999999999e+01   9.6234747702386207e-11   1.1642202445985061e-15
 -2.4649999999999999e+01   9.6239889748847374e-11   1.1870965186710046e-15
 -2.4599999999999998e+01   9.6244175786889726e-11   1.2099397091774241e-15
 -2.4549999999999997e+01   9.6245654014729414e-11   1.2335481266735623e-15
 -2.4500000000000000e+01   9.6242256490131234e-11   1.2574688817106586e-15
 -2.4449999999999999e+01   9.6232332476040777e-11   1.2819361612758087e-15
 -2.4399999999999999e+01   9.6215060064132137e-11   1.3067387934350783e-15
 -2.4349999999999998e+01   9.6190452767040118e-11   1.3319985754585451e-15
 -2.4299999999999997e+01   9.6159183907299473e-11   1.3576530177957796e-15
 -2.4250000000000000e+01   9.6122350195134504e-11   1.3837464215259720e-15
 -2.4199999999999999e+01   9.6081239358464655e-11   1.4102616859618102e-15
 -2.4149999999999999e+01   9.6037132438284967e-11   1.4372170318402212e-15
 -2.4099999999999998e+01   9.5991156546806068e-11   1.4646103197294257e-15
 -2.4049999999999997e+01   9.5944193935132275e-11   1.4924510993522241e-15
 -2.4000000000000000e+01   9.5896846075385817e-11   1.5207421753002118e-15
 -2.3949999999999999e+01   9.5849444614516212e-11   1.5494902321117112e-15
 -2.3899999999999999e+01   9.5802096404297103e-11   1.5786997366083924e-15
 -2.3849999999999998e+01   9.5754747613961044e-11   1.6083764630824949e-15
 -2.3799999999999997e+01   9.5707252496628979e-11   1.6385254772660292e-15
 -2.3750000000000000e+01   9.5659434937839147e-11   1.6691523050178530e-15
 -2.3699999999999999e+01   9.5611134802856877e-11   1.7002622639295636e-15
 -2.3649999999999999e+01   9.5562235490273977e-11   1.7318608484974824e-15
 -2.3599999999999998e+01   9.5512673266293738e-11   1.7639535065181087e-15
 -2.3549999999999997e+01   9.5462432173685382e-11   1.7965457646794988e-15
 -2.3500000000000000e+01   9.5411530100615886e-11   1.8296431532907641e-15
 -2.3449999999999999e+01   9.5360001823245716e-11   1.8632512475694405e-15
 -2.3399999999999999e+01   9.5307883773154233e-11   1.8973756432879806e-15
 -2.3349999999999998e+01   9.5255203463376090e-11   1.9320219716437241e-15
 -2.3299999999999997e+01   9.5201974544365125e-11   1.9671958927469861e-15
 -2.3250000000000000e+01   9.5148196847091633e-11   2.0029031021535458e-15
 -2.3199999999999999e+01   9.5093859785141526e-11   2.0391493301877735e-15
 -2.3149999999999999e+01   9.5038947184796564e-11   2.0759403453485885e-15
 -2.3099999999999998e+01   9.4983441868626388e-11   2.1132819551225526e-15
 -2.3049999999999997e+01   9.4927328910723060e-11   2.1511800080033583e-15
 -2.3000000000000000e+01   9.4870597166071507e-11   2.1896403946387267e-15
 -2.2949999999999999e+01   9.4813239252211164e-11   2.2286690494583813e-15
 -2.2899999999999999e+01   9.4755250511128215e-11   2.2682719521821756e-15
 -2.2849999999999998e+01   9.4696627578489800e-11   2.3084551296730650e-15
 -2.2799999999999997e+01   9.4637367085697224e-11   2.3492246579579983e-15
 -2.2750000000000000e+01   9.4577464807923235e-11   2.3905866645178840e-15
 -2.2699999999999999e+01   9.4516915341844495e-11   2.4325473307598696e-15
 -2.2649999999999999e+01   9.4455712219675980e-11   2.4751128946805886e-15
 -2.2599999999999998e+01   9.4393848274293396e-11   2.5182896536672907e-15
 -2.2549999999999997e+01   9.4331316061928773e-11   2.5620839674357876e-15
 -2.2500000000000000e+01   9.4268108199065740e-11   2.6065022611087152e-15
 -2.2449999999999999e+01   9.4204217544944668e-11   2.6515510284388199e-15
 -2.2399999999999999e+01   9.4139637230504878e-11   2.6972368352096613e-15
 -2.2349999999999998e+01   9.4074360580004054e-11   2.7435663228194461e-15
 -2.2299999999999997e+01   9.4008380987520503e-11   2.7905462120729812e-15
 -2.2250000000000000e+01   9.3941691802224109e-11   2.8381833071903698e-15
 -2.2199999999999999e+01   9.3874286254491952e-11   2.8864845000299518e-15
 -2.2149999999999999e+01   9.3806157430922915e-11   2.9354567745410072e-15
 -2.2099999999999998e+01   9.3737298288249459e-11   2.9851072114409907e-15
 -2.2049999999999997e+01   9.3667701687597227e-11   3.0354429931244289e-15
 -2.2000000000000000e+01   9.3597360430855485e-11   3.0864714088071011e-15
 -2.1949999999999999e+01   9.3526267286882246e-11   3.1381998599110930e-15
 -2.1899999999999999e+01   9.3454415002986853e-11   3.1906358656988224e-15
 -2.1849999999999998e+01   9.3381796303519509e-11   3.2437870691823843e-15
 -2.1799999999999997e+01   9.3308403880901910e-11   3.2976612432838033e-15
 -2.1750000000000000e+01   9.3234230384927525e-11   3.3522662972893392e-15
 -2.1699999999999999e+01   9.3159268414579481e-11   3.4076102835839802e-15
 -2.1649999999999999e+01   9.3083510514221558e-11   3.4637014046856330e-15
 -2.1599999999999998e+01   9.3006949173892222e-11   3.5205480205779762e-15
 -2.1549999999999997e+01   9.2929576832175023e-11   3.5781586563584350e-15
 -2.1500000000000000e+01   9.2851385879835207e-11   3.6365420102030222e-15
 -2.1449999999999999e+01   9.2772368662840055e-11   3.6957069616616582e-15
 -2.1399999999999999e+01   9.2692517484115962e-11   3.7556625802869374e-15
 -2.1349999999999998e+01   9.2611824604074191e-11   3.8164181346122703e-15
 -2.1299999999999997e+01   9.2530282240352705e-11   3.8779831014815543e-15
 -2.1250000000000000e+01   9.2447882567326819e-11   3.9403671757487034e-15
 -2.1199999999999999e+01   9.2364617715822432e-11   4.0035802803431997e-15
 -2.1149999999999999e+01   9.2280479773237194e-11   4.0676325767247999e-15
 -2.1099999999999998e+01   9.2195460784064048e-11   4.1325344757277125e-15
 -2.1049999999999997e+01   9.2109552750683924e-11   4.1982966488050448e-15
 -2.1000000000000000e+01   9.2022747634260495e-11   4.2649300396845815e-15
 -2.0949999999999999e+01   9.1935037355605881e-11   4.3324458764471436e-15
 -2.0899999999999999e+01   9.1846413795958346e-11   4.4008556840297100e-15
 -2.0849999999999998e+01   9.1756868797675122e-11   4.4701712971739015e-15
 -2.0799999999999997e+01   9.1666394164882601e-11   4.5404048738199959e-15
 -2.0750000000000000e+01   9.1574981664136554e-11   4.6115689089612724e-15
 -2.0699999999999999e+01   9.1482623025131400e-11   4.6836762489667148e-15
 -2.0649999999999999e+01   9.1389309941475159e-11   4.7567401063821916e-15
 -2.0599999999999998e+01   9.1295034071526437e-11   4.8307740752212111e-15
 -2.0549999999999997e+01   9.1199787039280008e-11   4.9057921467537112e-15
 -2.0500000000000000e+01   9.1103560435286867e-11   4.9818087258013358e-15
 -2.0449999999999999e+01   9.1006345817599490e-11   5.0588386475525206e-15
 -2.0399999999999999e+01   9.0908134712739071e-11   5.1368971949064490e-15
 -2.0349999999999998e+01   9.0808918616688986e-11   5.2160001163483719e-15
 -2.0299999999999997e+01   9.0708688995917297e-11   5.2961636443820283e-15
 -2.0250000000000000e+01   9.0607437288431622e-11   5.3774045145124518e-15
 -2.0199999999999999e+01   9.0505154904870023e-11   5.4597399848005427e-15
 -2.0149999999999999e+01   9.0401833229631100e-11   5.5431878559892596e-15
 -2.0099999999999998e+01   9.0297463622043236e-11   5.6277664922182415e-15
 -2.0049999999999997e+01   9.0192037417570138e-11   5.7134948423386495e-15
 -2.0000000000000000e+01   9.0085545929052858e-11   5.8003924618248632e-15
 -1.9949999999999999e+01   8.9977980447987907e-11   5.8884795353072904e-15
 -1.9899999999999999e+01   8.9869332245840945e-11   5.9777768997277251e-15
 -1.9849999999999998e+01   8.9759592575398459e-11   6.0683060681264058e-15
 -1.9799999999999997e+01   8.9648752672159895e-11   6.1600892540689876e-15
 -1.9750000000000000e+01   8.9536803755770309e-11   6.2531493967280996e-15
 -1.9699999999999999e+01   8.9423737031491172e-11   6.3475101866227070e-15
 -1.9649999999999999e+01   8.9309543691710194e-11   6.4431960920270390e-15
 -1.9599999999999998e+01   8.9194214917492419e-11   6.5402323860492281e-15
 -1.9549999999999997e+01   8.9077741880172839e-11   6.6386451744006692e-15
 -1.9500000000000000e+01   8.8960115742990316e-11   6.7384614238544651e-15
 -1.9449999999999999e+01   8.8841327662763897e-11   6.8397089914013911e-15
 -1.9399999999999999e+01   8.8721368791610573e-11   6.9424166541177138e-15
 -1.9349999999999998e+01   8.8600230278706694e-11   7.0466141397388985e-15
 -1.9299999999999997e+01   8.8477903272092105e-11   7.1523321579619380e-15
 -1.9250000000000000e+01   8.8354378920517894e-11   7.2596024324681259e-15
 -1.9199999999999999e+01   8.8229648375338172e-11   7.3684577336814587e-15
 -1.9149999999999999e+01   8.8103702792446177e-11   7.4789319122645545e-15
 -1.9099999999999998e+01   8.7976533334253964e-11   7.5910599333602121e-15
 -1.9049999999999997e+01   8.7848131171717292e-11   7.7048779115789937e-15
 -1.9000000000000000e+01   8.7718487486406079e-11   7.8204231467415655e-15
 -1.8949999999999999e+01   8.7587593472620763e-11   7.9377341603783800e-15
 -1.8899999999999999e+01   8.7455440339554700e-11   8.0568507329903270e-15
 -1.8849999999999998e+01   8.7322019313502523e-11   8.1778139420727387e-15
 -1.8799999999999997e+01   8.7187321640114360e-11   8.3006662009090296e-15
 -1.8750000000000000e+01   8.7051338586696819e-11   8.4254512981266686e-15
 -1.8699999999999999e+01   8.6914061444559676e-11   8.5522144380340160e-15
 -1.8649999999999999e+01   8.6775481531410053e-11   8.6810022817160202e-15
 -1.8599999999999998e+01   8.6635590193793281e-11   8.8118629889126434e-15
 -1.8549999999999997e+01   8.6494378809581386e-11   8.9448462606636601e-15
 -1.8500000000000000e+01   8.6351838790509840e-11   9.0800033827219285e-15
 -1.8449999999999999e+01   8.6207961584761722e-11   9.2173872697398504e-15
 -1.8399999999999999e+01   8.6062738679597234e-11   9.3570525102234492e-15
 -1.8349999999999998e+01   8.5916161604029177e-11   9.4990554122466682e-15
 -1.8299999999999997e+01   8.5768221931546086e-11   9.6434540499253266e-15
 -1.8250000000000000e+01   8.5618911282883448e-11   9.7903083106481280e-15
 -1.8199999999999999e+01   8.5468221328842503e-11   9.9396799430578132e-15
 -1.8149999999999999e+01   8.5316143793156398e-11   1.0091632605772957e-14
 -1.8099999999999998e+01   8.5162670455402086e-11   1.0246231916851109e-14
 -1.8049999999999997e+01   8.5007793153957943e-11   1.0403545503977201e-14
 -1.8000000000000000e+01   8.4851503789008119e-11   1.0563643055369241e-14
 -1.7949999999999999e+01   8.4693794325593372e-11   1.0726596371396271e-14
 -1.7899999999999999e+01   8.4534656796707308e-11   1.0892479416893227e-14
 -1.7849999999999998e+01   8.4374083306437692e-11   1.1061368374161601e-14
 -1.7799999999999997e+01   8.4212066033151385e-11   1.1233341696645559e-14
 -1.7750000000000000e+01   8.4048597232724300e-11   1.1408480163260674e-14
 -1.7699999999999999e+01   8.3883669241815399e-11   1.1586866933372349e-14
 -1.7649999999999999e+01   8.3717274481184985e-11   1.1768587602393723e-14
 -1.7600000000000001e+01   8.3549405459055653e-11   1.1953730257997687e-14
 -1.7549999999999997e+01   8.3380054774514093e-11   1.2142385536918703e-14
 -1.7500000000000000e+01   8.3209215120954351e-11   1.2334646682316748e-14
 -1.7449999999999999e+01   8.3036879289562334e-11   1.2530609601692973e-14
 -1.7399999999999999e+01   8.2863040172840057e-11   1.2730372925330861e-14
 -1.7350000000000001e+01   8.2687690768169443e-11   1.2934038065229203e-14
 -1.7299999999999997e+01   8.2510824181413897e-11   1.3141709274517904e-14
 -1.7250000000000000e+01   8.2332433630557187e-11   1.3353493707310089e-14
 -1.7199999999999999e+01   8.2152512449378803e-11   1.3569501478974548e-14
 -1.7149999999999999e+01   8.1971054091163850e-11   1.3789845726795513e-14
 -1.7100000000000001e+01   8.1788052132446825e-11   1.4014642670981269e-14
 -1.7049999999999997e+01   8.1603500276788940e-11   1.4244011675993976e-14
 -1.7000000000000000e+01   8.1417392358588051e-11   1.4478075312160570e-14
 -1.6949999999999999e+01   8.1229722346918910e-11   1.4716959417532971e-14
 -1.6899999999999999e+01   8.1040484349401537e-11   1.4960793159953864e-14
 -1.6850000000000001e+01   8.0849672616097719e-11   1.5209709099282043e-14
 -1.6799999999999997e+01   8.0657281543433348e-11   1.5463843249748409e-14
 -1.6750000000000000e+01   8.0463305678145647e-11   1.5723335142381508e-14
 -1.6699999999999999e+01   8.0267739721254440e-11   1.5988327887465383e-14
 -1.6649999999999999e+01   8.0070578532055028e-11   1.6258968236980339e-14
 -1.6600000000000001e+01   7.9871817132130858e-11   1.6535406646970020e-14
 -1.6549999999999997e+01   7.9671450709384243e-11   1.6817797339787620e-14
 -1.6500000000000000e+01   7.9469474622083084e-11   1.7106298366162345e-14
 -1.6449999999999999e+01   7.9265884402922691e-11   1.7401071667025147e-14
 -1.6399999999999999e+01   7.9060675763099853e-11   1.7702283135043920e-14
 -1.6350000000000001e+01   7.8853844596397455e-11   1.8010102675795798e-14
 -1.6299999999999997e+01   7.8645386983277640e-11   1.8324704268514658e-14
 -1.6250000000000000e+01   7.8435299194981395e-11   1.8646266026351540e-14
 -1.6199999999999999e+01   7.8223577697632463e-11   1.8974970256070834e-14
 -1.6149999999999999e+01   7.8010219156343470e-11   1.9311003517115250e-14
 -1.6100000000000001e+01   7.7795220439321839e-11   1.9654556679962772e-14
 -1.6049999999999997e+01   7.7578578621972249e-11   2.0005824983704616e-14
 -1.6000000000000000e+01   7.7360290990994573e-11   2.0365008092746076e-14
 -1.5949999999999999e+01   7.7140355048474396e-11   2.0732310152572140e-14
 -1.5899999999999999e+01   7.6918768515963294e-11   2.1107939844475772e-14
 -1.5850000000000000e+01   7.6695529338546247e-11   2.1492110439161318e-14
 -1.5799999999999999e+01   7.6470635688893663e-11   2.1885039849144493e-14
 -1.5750000000000000e+01   7.6244085971295547e-11   2.2286950679833133e-14
 -1.5699999999999999e+01   7.6015878825674897e-11   2.2698070279216217e-14
 -1.5649999999999999e+01   7.5786013131577355e-11   2.3118630786041741e-14
 -1.5600000000000000e+01   7.5554488012134707e-11   2.3548869176389093e-14
 -1.5549999999999999e+01   7.5321302837998810e-11   2.3989027308528321e-14
 -1.5500000000000000e+01   7.5086457231243445e-11   2.4439351965953547e-14
 -1.5449999999999999e+01   7.4849951069230451e-11   2.4900094898484057e-14
 -1.5399999999999999e+01   7.4611784488436979e-11   2.5371512861310799e-14
 -1.5350000000000000e+01   7.4371957888241970e-11   2.5853867651866234e-14
 -1.5299999999999999e+01   7.4130471934667874e-11   2.6347426144406346e-14
 -1.5250000000000000e+01   7.3887327564074717e-11   2.6852460322166192e-14
 -1.5199999999999999e+01   7.3642525986802968e-11   2.7369247306967126e-14
 -1.5149999999999999e+01   7.3396068690762249e-11   2.7898069386133520e-14
 -1.5100000000000000e+01   7.3147957444962337e-11   2.8439214036593117e-14
 -1.5049999999999999e+01   7.2898194302983133e-11   2.8992973946010788e-14
 -1.5000000000000000e+01   7.2646781606380438e-11   2.9559647030813800e-14
 -1.4949999999999999e+01   7.2393721988024646e-11   3.0139536450961531e-14
 -1.4899999999999999e+01   7.2139018375368291e-11   3.0732950621308734e-14
 -1.4850000000000000e+01   7.1882673993639441e-11   3.1340203219400157e-14
 -1.4799999999999999e+01   7.1624692368957089e-11   3.1961613189544838e-14
 -1.4750000000000000e+01   7.1365077331365597e-11   3.2597504742998037e-14
 -1.4699999999999999e+01   7.1103833017784449e-11   3.3248207354087946e-14
 -1.4649999999999999e+01   7.0840963874869996e-11   3.3914055752114704e-14
 -1.4600000000000000e+01   7.0576474661785704e-11   3.4595389908840296e-14
 -1.4549999999999999e+01   7.0310370452877645e-11   3.5292555021397184e-14
 -1.4500000000000000e+01   7.0042656640251785e-11   3.6005901490421290e-14
 -1.4449999999999999e+01   6.9773338936249478e-11   3.6735784893231322e-14
 -1.4400000000000000e+01   6.9502423375817881e-11   3.7482565951851345e-14
 -1.4350000000000000e+01   6.9229916318772188e-11   3.8246610495678591e-14
 -1.4299999999999999e+01   6.8955824451945838e-11   3.9028289418609151e-14
 -1.4250000000000000e+01   6.8680154791225230e-11   3.9827978630393823e-14
 -1.4199999999999999e+01   6.8402914683466427e-11   4.0646059002025055e-14
 -1.4150000000000000e+01   6.8124111808290129e-11   4.1482916304938786e-14
 -1.4100000000000000e+01   6.7843754179751637e-11   4.2338941143809110e-14
 -1.4049999999999999e+01   6.7561850147882942e-11   4.3214528882706694e-14
 -1.4000000000000000e+01   6.7278408400103409e-11   4.4110079564397924e-14
 -1.3949999999999999e+01   6.6993437962496665e-11   4.5025997822544357e-14
 -1.3900000000000000e+01   6.6706948200949846e-11   4.5962692786567752e-14
 -1.3850000000000000e+01   6.6418948822152856e-11   4.6920577978930163e-14
 -1.3799999999999999e+01   6.6129449874454457e-11   4.7900071204585847e-14
 -1.3750000000000000e+01   6.5838461748572527e-11   4.8901594432347691e-14
 -1.3699999999999999e+01   6.5545995178155773e-11   4.9925573667906734e-14
 -1.3650000000000000e+01   6.5252061240194213e-11   5.0972438818247526e-14
 -1.3600000000000000e+01   6.4956671355276282e-11   5.2042623547178346e-14
 -1.3549999999999999e+01   6.4659837287689477e-11   5.3136565121717181e-14
 -1.3500000000000000e+01   6.4361571145362769e-11   5.4254704249035128e-14
 -1.3449999999999999e+01   6.4061885379648222e-11   5.5397484903690163e-14
 -1.3400000000000000e+01   6.3760792784939497e-11   5.6565354144847120e-14
 -1.3350000000000000e+01   6.3458306498125448e-11   5.7758761923197481e-14
 -1.3299999999999999e+01   6.3154439997877067e-11   5.8978160877267116e-14
 -1.3250000000000000e+01   6.2849207103766017e-11   6.0224006118820116e-14
 -1.3199999999999999e+01   6.2542621975212770e-11   6.1496755007036135e-14
 -1.3150000000000000e+01   6.2234699110263052e-11   6.2796866911142187e-14
 -1.3100000000000000e+01   6.1925453344191202e-11   6.4124802961187812e-14
 -1.3049999999999999e+01   6.1614899847929067e-11   6.5481025786618837e-14
 -1.3000000000000000e+01   6.1303054126319646e-11   6.6865999242329567e-14
 -1.2949999999999999e+01   6.0989932016194336e-11   6.8280188121844683e-14
 -1.2900000000000000e+01   6.0675549684272909e-11   6.9724057857288732e-14
 -1.2850000000000000e+01   6.0359923624885890e-11   7.1198074205788284e-14
 -1.2799999999999999e+01   6.0043070657518394e-11   7.2702702921955562e-14
 -1.2750000000000000e+01   5.9725007924175685e-11   7.4238409416080516e-14
 -1.2699999999999999e+01   5.9405752886569914e-11   7.5805658397672185e-14
 -1.2650000000000000e+01   5.9085323323128226e-11   7.7404913503965439e-14
 -1.2600000000000000e+01   5.8763737325822609e-11   7.9036636913017322e-14
 -1.2549999999999999e+01   5.8441013296821785e-11   8.0701288941001498e-14
 -1.2500000000000000e+01   5.8117169944965777e-11   8.2399327623310438e-14
 -1.2449999999999999e+01   5.7792226282063549e-11   8.4131208279062070e-14
 -1.2400000000000000e+01   5.7466201619015138e-11   8.5897383058607042e-14
 -1.2350000000000000e+01   5.7139115561759417e-11   8.7698300473616068e-14
 -1.2299999999999999e+01   5.6810988007048720e-11   8.9534404909344099e-14
 -1.2250000000000000e+01   5.6481839138051892e-11   9.1406136118627414e-14
 -1.2199999999999999e+01   5.6151689419787331e-11   9.3313928697193446e-14
 -1.2150000000000000e+01   5.5820559594388323e-11   9.5258211539835872e-14
 -1.2100000000000000e+01   5.5488470676202750e-11   9.7239407277015459e-14
 -1.2049999999999999e+01   5.5155443946729265e-11   9.9257931691429892e-14
 -1.2000000000000000e+01   5.4821500949392759e-11   1.0131419311409345e-13
 -1.1949999999999999e+01   5.4486663484161702e-11   1.0340859179945758e-13
 -1.1900000000000000e+01   5.4150953602010620e-11   1.0554151927910238e-13
 -1.1850000000000000e+01   5.3814393599230628e-11   1.0771335769351447e-13
 -1.1799999999999999e+01   5.3477006011591478e-11   1.0992447910146058e-13
 -1.1750000000000000e+01   5.3138813608358657e-11   1.1217524476646497e-13
 -1.1699999999999999e+01   5.2799839386169507e-11   1.1446600441987939e-13
 -1.1650000000000000e+01   5.2460106562772209e-11   1.1679709550004271e-13
 -1.1600000000000000e+01   5.2119638570632059e-11   1.1916884236699940e-13
 -1.1549999999999999e+01   5.1778459050409159e-11   1.2158155549225882e-13
 -1.1500000000000000e+01   5.1436591844312456e-11   1.2403553062305002e-13
 -1.1449999999999999e+01   5.1094060989334772e-11   1.2653104792053104e-13
 -1.1400000000000000e+01   5.0750890710373911e-11   1.2906837107140261e-13
 -1.1350000000000000e+01   5.0407105413244990e-11   1.3164774637235231e-13
 -1.1299999999999999e+01   5.0062729677589650e-11   1.3426940178677025e-13
 -1.1250000000000000e+01   4.9717788249687518e-11   1.3693354597314405e-13
 -1.1199999999999999e+01   4.9372306035176010e-11   1.3964036728455138e-13
 -1.1150000000000000e+01   4.9026308091684323e-11   1.4239003273864112e-13
 -1.1100000000000000e+01   4.8679819621387769e-11   1.4518268695750079e-13
 -1.1049999999999999e+01   4.8332865963489058e-11   1.4801845107677860e-13
 -1.1000000000000000e+01   4.7985472586632817e-11   1.5089742162344081e-13
 -1.0949999999999999e+01   4.7637665081260394e-11   1.5381966936150635e-13
 -1.0900000000000000e+01   4.7289469151911787e-11   1.5678523810512064e-13
 -1.0850000000000000e+01   4.6940910609481775e-11   1.5979414349828677e-13
 -1.0799999999999999e+01   4.6592015363437619e-11   1.6284637176058774e-13
 -1.0750000000000000e+01   4.6242809414005667e-11   1.6594187839820191e-13
 -1.0699999999999999e+01   4.5893318844334573e-11   1.6908058687950759e-13
 -1.0650000000000000e+01   4.5543569812642982e-11   1.7226238727456254e-13
 -1.0600000000000000e+01   4.5193588544359585e-11   1.7548713485772530e-13
 -1.0549999999999999e+01   4.4843401324263649e-11   1.7875464867266997e-13
 -1.0500000000000000e+01   4.4493034488634244e-11   1.8206471005903674e-13
 -1.0449999999999999e+01   4.4142514417416604e-11   1.8541706113993630e-13
 -1.0400000000000000e+01   4.3791867526414314e-11   1.8881140326951927e-13
 -1.0350000000000000e+01   4.3441120259515885e-11   1.9224739543979670e-13
 -1.0299999999999999e+01   4.3090299080964601e-11   1.9572465264588623e-13
 -1.0250000000000000e+01   4.2739430467680674e-11   1.9924274420883269e-13
 -1.0199999999999999e+01   4.2388540901644948e-11   2.0280119205514210e-13
 -1.0150000000000000e+01   4.2037656862353135e-11   2.0639946895213939e-13
 -1.0100000000000000e+01   4.1686804819350221e-11   2.1003699669824337e-13
 -1.0050000000000001e+01   4.1336011224854374e-11   2.1371314426722659e-13
 -1.0000000000000000e+01   4.0985302506480338e-11   2.1742722590551203e-13
 -9.9499999999999993e+00   4.0634705060071835e-11   2.2117849918152641e-13
 -9.9000000000000004e+00   4.0284245242653119e-11   2.2496616298610947e-13
 -9.8499999999999996e+00   3.9933949365509447e-11   2.2878935548295039e-13
 -9.8000000000000007e+00   3.9583843687406924e-11   2.3264715200799416e-13
 -9.7500000000000000e+00   3.9233954407961825e-11   2.3653856291673090e-13
 -9.6999999999999993e+00   3.8884307661169998e-11   2.4046253137825572e-13
 -9.6500000000000004e+00   3.8534929509106813e-11   2.4441793111494646e-13
 -9.5999999999999996e+00   3.8185845935808418e-11   2.4840356408658065e-13
 -9.5500000000000007e+00   3.7837082841345128e-11   2.5241815811766891e-13
 -9.5000000000000000e+00   3.7488666036097952e-11   2.5646036446675788e-13
 -9.4499999999999993e+00   3.7140621235249304e-11   2.6052875533639864e-13
 -9.4000000000000004e+00   3.6792974053499296e-11   2.6462182132245434e-13
 -9.3499999999999996e+00   3.6445750000018834e-11   2.6873796880136150e-13
 -9.3000000000000007e+00   3.6098974473651321e-11   2.7287551725392151e-13
 -9.2500000000000000e+00   3.5752672758374537e-11   2.7703269652415458e-13
 -9.1999999999999993e+00   3.5406870019034660e-11   2.8120764401168626e-13
 -9.1500000000000004e+00   3.5061591297364574e-11   2.8539840179609276e-13
 -9.1000000000000014e+00   3.4716861508298694e-11   2.8960291369157312e-13
 -9.0500000000000007e+00   3.4372705436596736e-11   2.9381902223025221e-13
 -9.0000000000000000e+00   3.4029147733789326e-11   2.9804446557236353e-13
 -8.9499999999999993e+00   3.3686212915458051e-11   3.0227687434148907e-13
 -8.8999999999999986e+00   3.3343925358863399e-11   3.0651376838296418e-13
 -8.8500000000000014e+00   3.3002309300933830e-11   3.1075255344348672e-13
 -8.8000000000000007e+00   3.2661388836629581e-11   3.1499051776988680e-13
 -8.7500000000000000e+00   3.2321187917695282e-11   3.1922482862493616e-13
 -8.6999999999999993e+00   3.1981730351815546e-11   3.2345252871798141e-13
 -8.6499999999999986e+00   3.1643039802188110e-11   3.2767053254811014e-13
 -8.6000000000000014e+00   3.1305139787529437e-11   3.3187562265744267e-13
 -8.5500000000000007e+00   3.0968053682527905e-11   3.3606444579205758e-13
 -8.5000000000000000e+00   3.0631804718760450e-11   3.4023350896794046e-13
 -8.4499999999999993e+00   3.0296415986088470e-11   3.4437917543923611e-13
 -8.3999999999999986e+00   2.9961910434549496e-11   3.4849766056596332e-13
 -8.3500000000000014e+00   2.9628310876761649e-11   3.5258502757822622e-13
 -8.3000000000000007e+00   2.9295639990858144e-11   3.5663718323381637e-13
 -8.2500000000000000e+00   2.8963920323969798e-11   3.6064987336596267e-13
 -8.1999999999999993e+00   2.8633174296274090e-11   3.6461867831783361e-13
 -8.1499999999999986e+00   2.8303424205629566e-11   3.6853900826023786e-13
 -8.1000000000000014e+00   2.7974692232815472e-11   3.7240609838879610e-13
 -8.0500000000000007e+00   2.7647000447396667e-11   3.7621500399668754e-13
 -8.0000000000000000e+00   2.7320370814234867e-11   3.7996059541887351e-13
 -7.9499999999999993e+00   2.6994825200667870e-11   3.8363755284351133e-13
 -7.8999999999999986e+00   2.6670385384379098e-11   3.8724036098605196e-13
 -7.8500000000000014e+00   2.6347073061980687e-11   3.9076330362129154e-13
 -7.8000000000000007e+00   2.6024909858334155e-11   3.9420045796841015e-13
 -7.7500000000000000e+00   2.5703917336633482e-11   3.9754568892377791e-13
 -7.6999999999999993e+00   2.5384117009276432e-11   4.0079264313603540e-13
 -7.6499999999999986e+00   2.5065530349550835e-11   4.0393474291767908e-13
 -7.6000000000000014e+00   2.4748178804163572e-11   4.0696517998707517e-13
 -7.5500000000000007e+00   2.4432083806641024e-11   4.0987690903450491e-13
 -7.5000000000000000e+00   2.4117266791630818e-11   4.1266264110550473e-13
 -7.4499999999999993e+00   2.3803749210135800e-11   4.1531483679440503e-13
 -7.3999999999999986e+00   2.3491552545712484e-11   4.1782569924058745e-13
 -7.3500000000000014e+00   2.3180698331667124e-11   4.2018716691957050e-13
 -7.3000000000000007e+00   2.2871208169284077e-11   4.2239090622060348e-13
 -7.2500000000000000e+00   2.2563103747122227e-11   4.2442830380198778e-13
 -7.1999999999999993e+00   2.2256406861416641e-11   4.2629045871485283e-13
 -7.1499999999999986e+00   2.1951139437623839e-11   4.2796817428559843e-13
 -7.1000000000000014e+00   2.1647323553150623e-11   4.2945194974665783e-13
 -7.0500000000000007e+00   2.1344981461307581e-11   4.3073197160465012e-13
 -7.0000000000000000e+00   2.1044135616529898e-11   4.3179810473436208e-13
 -6.9499999999999993e+00   2.0744808700909506e-11   4.3263988318633499e-13
 -6.8999999999999986e+00   2.0447023652083978e-11   4.3324650069512201e-13
 -6.8500000000000014e+00   2.0150803692528951e-11   4.3360680087452557e-13
 -6.8000000000000007e+00   1.9856172360302388e-11   4.3370926708531993e-13
 -6.7500000000000000e+00   1.9563153541290116e-11   4.3354201196010732e-13
 -6.6999999999999993e+00   1.9271771503003545e-11   4.3309276656904517e-13
 -6.6499999999999986e+00   1.8982050929981678e-11   4.3234886920920613e-13
 -6.6000000000000014e+00   1.8694016960850683e-11   4.3129725379929792e-13
 -6.5500000000000007e+00   1.8407695227095350e-11   4.2992443786036649e-13
 -6.5000000000000000e+00   1.8123111893597717e-11   4.2821651006192854e-13
 -6.4499999999999993e+00   1.7840293700998958e-11   4.2615911731172645e-13
 -6.3999999999999986e+00   1.7559268009941214e-11   4.2373745136595546e-13
 -6.3500000000000014e+00   1.7280062847246461e-11   4.2093623493539933e-13
 -6.3000000000000007e+00   1.7002706954089681e-11   4.1773970726138261e-13
 -6.2500000000000000e+00   1.6727229836223432e-11   4.1413160913383363e-13
 -6.1999999999999993e+00   1.6453661816310450e-11   4.1009516732202825e-13
 -6.1499999999999986e+00   1.6182034088420041e-11   4.0561307838675024e-13
 -6.1000000000000014e+00   1.5912378774742722e-11   4.0066749184064406e-13
 -6.0500000000000007e+00   1.5644728984575641e-11   3.9523999262146067e-13
 -6.0000000000000000e+00   1.5379118875628979e-11   3.8931158284067648e-13
 -5.9499999999999993e+00   1.5115583717700281e-11   3.8286266276761900e-13
 -5.8999999999999986e+00   1.4854159958759876e-11   3.7587301100672192e-13
 -5.8500000000000014e+00   1.4594885293485772e-11   3.6832176382288248e-13
 -5.8000000000000007e+00   1.4337798734280482e-11   3.6018739356707203e-13
 -5.7500000000000000e+00   1.4082940684795633e-11   3.5144768615136507e-13
 -5.6999999999999993e+00   1.3830353015981741e-11   3.4207971751939196e-13
 -5.6499999999999986e+00   1.3580079144671204e-11   3.3205982905487789e-13
 -5.6000000000000014e+00   1.3332164114691207e-11   3.2136360186741265e-13
 -5.5500000000000007e+00   1.3086654680490310e-11   3.0996582989088122e-13
 -5.5000000000000000e+00   1.2843599393247419e-11   2.9784049172609594e-13
 -5.4499999999999993e+00   1.2603048689414495e-11   2.8496072115508704e-13
 -5.3999999999999986e+00   1.2365054981624554e-11   2.7129877625025756e-13
 -5.3500000000000014e+00   1.2129672751873665e-11   2.5682600699718425e-13
 -5.3000000000000007e+00   1.1896958646859742e-11   2.4151282134526419e-13
 -5.2500000000000000e+00   1.1666971575331371e-11   2.2532864959570915e-13
 -5.1999999999999993e+00   1.1439772807266264e-11   2.0824190703157531e-13
 -5.1499999999999986e+00   1.1215426074660851e-11   1.9021995468965150e-13
 -5.1000000000000014e+00   1.0993997673669380e-11   1.7122905816915823e-13
 -5.0500000000000007e+00   1.0775556567782017e-11   1.5123434436739310e-13
 -5.0000000000000000e+00   1.0560174491676404e-11   1.3019975602779702e-13
 -4.9499999999999993e+00   1.0347926055314825e-11   1.0808800398150549e-13
 -4.8999999999999986e+00   1.0138888847789087e-11   8.4860516959441902e-14
 -4.8500000000000014e+00   9.9331435403361994e-12   6.0477388848557041e-14
 -4.8000000000000007e+00   9.7307739878590639e-12   3.4897323263151847e-14
 -4.7500000000000000e+00   9.5318673281863719e-12   8.0775753005822455e-15
 -4.6999999999999993e+00   9.3365140781935086e-12  -2.0026109649631816e-14
 -4.6499999999999986e+00   9.1448082257798466e-12  -4.9459560172807518e-14
 -4.6000000000000014e+00   8.9568473165558986e-12  -8.0270246298037483e-14
 -4.5500000000000007e+00   8.7727325339343121e-12  -1.1250735028839965e-13
 -4.5000000000000000e+00   8.5925687711395692e-12  -1.4622184086177675e-13
 -4.4499999999999993e+00   8.4164646934502221e-12  -1.8146655093726633e-13
 -4.3999999999999986e+00   8.2445327887616106e-12  -2.1829625898240526e-13
 -4.3500000000000014e+00   8.0768894043035739e-12  -2.5676777401003056e-13
 -4.3000000000000007e+00   7.9136547670629733e-12  -2.9694002423904448e-13
 -4.2500000000000000e+00   7.7549529851412306e-12  -3.3887414938881952e-13
 -4.1999999999999993e+00   7.6009120269183406e-12  -3.8263359652027645e-13
 -4.1499999999999986e+00   7.4516636744918226e-12  -4.2828421926517972e-13
 -4.1000000000000014e+00   7.3073434474068031e-12  -4.7589438019571793e-13
 -4.0500000000000007e+00   7.1680904921855212e-12  -5.2553505597521980e-13
 -4.0000000000000000e+00   7.0340474325943759e-12  -5.7727994479330195e-13
 -3.9499999999999993e+00   6.9053601749467297e-12  -6.3120557541943587e-13
 -3.8999999999999986e+00   6.7821776620216420e-12  -6.8739141700133430e-13
 -3.8500000000000014e+00   6.6646515683732384e-12  -7.4591998848089697e-13
 -3.8000000000000007e+00   6.5529359289025899e-12  -8.0687696619149236e-13
 -3.7500000000000000e+00   6.4471866915525923e-12  -8.7035128782501176e-13
 -3.6999999999999993e+00   6.3475611838545269e-12  -9.3643525050236246e-13
 -3.6500000000000021e+00   6.2542174817900584e-12  -1.0052246001313362e-12
 -3.6000000000000014e+00   6.1673136680210231e-12  -1.0768186085727820e-12
 -3.5500000000000007e+00   6.0870069649676201e-12  -1.1513201343381666e-12
 -3.5000000000000000e+00   6.0134527264701051e-12  -1.2288356615835741e-12
 -3.4499999999999993e+00   5.9468032698363637e-12  -1.3094753110174628e-12
 -3.4000000000000021e+00   5.8872065279467468e-12  -1.3933528149676495e-12
 -3.3500000000000014e+00   5.8348044987491813e-12  -1.4805854472173903e-12
 -3.3000000000000007e+00   5.7897314669278928e-12  -1.5712938962755875e-12
 -3.2500000000000000e+00   5.7521119697706253e-12  -1.6656020684404841e-12
 -3.1999999999999993e+00   5.7220584763047020e-12  -1.7636368042918485e-12
 -3.1500000000000021e+00   5.6996687456485847e-12  -1.8655274890396519e-12
 -3.1000000000000014e+00   5.6850228272791729e-12  -1.9714055333984538e-12
 -3.0500000000000007e+00   5.6781796626194296e-12  -2.0814036972732844e-12
 -3.0000000000000000e+00   5.6791732441154026e-12  -2.1956552234610806e-12
 -2.9499999999999993e+00   5.6880082849533164e-12  -2.3142927427216917e-12
 -2.9000000000000021e+00   5.7046553499856926e-12  -2.4374469048947404e-12
 -2.8500000000000014e+00   5.7290453965900900e-12  -2.5652446831944388e-12
 -2.8000000000000007e+00   5.7610636734774592e-12  -2.6978072904002227e-12
 -2.7500000000000000e+00   5.8005429264300954e-12  -2.8352476364282121e-12
 -2.6999999999999993e+00   5.8472558632718038e-12  -2.9776672468510080e-12
 -2.6500000000000021e+00   5.9009068369378564e-12  -3.1251525515837045e-12
 -2.6000000000000014e+00   5.9611227164313200e-12  -3.2777704425907610e-12
 -2.5500000000000007e+00   6.0274429321005690e-12  -3.4355629897357218e-12
 -2.5000000000000000e+00   6.0993087057184396e-12  -3.5985411957377160e-12
 -2.4499999999999993e+00   6.1760515092616030e-12  -3.7666776659464897e-12
 -2.4000000000000021e+00   6.2568808413508101e-12  -3.9398980681196287e-12
 -2.3500000000000014e+00   6.3408714695304991e-12  -4.1180712639918473e-12
 -2.3000000000000007e+00   6.4269503625691471e-12  -4.3009980112671863e-12
 -2.2500000000000000e+00   6.5138836322769096e-12  -4.4883981656028994e-12
 -2.1999999999999993e+00   6.6002639210317309e-12  -4.6798963618233669e-12
 -2.1500000000000021e+00   6.6844988103537080e-12  -4.8750062273143234e-12
 -2.1000000000000014e+00   6.7648009868044742e-12  -5.0731132840185982e-12
 -2.0500000000000007e+00   6.8391810808162734e-12  -5.2734568342799505e-12
 -2.0000000000000000e+00   6.9054442844204754e-12  -5.4751113045610057e-12
 -1.9499999999999993e+00   6.9611920425428974e-12  -5.6769677420798508e-12
 -1.9000000000000021e+00   7.0038302801021617e-12  -5.8777164208230175e-12
 -1.8500000000000014e+00   7.0305857462471795e-12  -6.0758318069287906e-12
 -1.8000000000000007e+00   7.0385320920962439e-12  -6.2695614417814947e-12
 -1.7500000000000000e+00   7.0246272064050704e-12  -6.4569205954095651e-12
 -1.6999999999999993e+00   6.9857630676108312e-12  -6.6356947806245845e-12
 -1.6500000000000021e+00   6.9188288853136939e-12  -6.8034523439596479e-12
 -1.6000000000000014e+00   6.8207875650152671e-12  -6.9575692964070346e-12
 -1.5500000000000007e+00   6.6887645255186197e-12  -7.0952682451785295e-12
 -1.5000000000000000e+00   6.5201466545708881e-12  -7.2136726756623865e-12
 -1.4499999999999993e+00   6.3126877808377538e-12  -7.3098768741827126e-12
 -1.4000000000000021e+00   6.0646156025034839e-12  -7.3810304857280018e-12
 -1.3500000000000014e+00   5.7747337330342232e-12  -7.4244351382219124e-12
 -1.3000000000000007e+00   5.4425116288462769e-12  -7.4376488815664469e-12
 -1.2500000000000000e+00   5.0681548812898341e-12  -7.4185926008997484e-12
 -1.1999999999999993e+00   4.6526488719483293e-12  -7.3656513310381686e-12
 -1.1500000000000021e+00   4.1977701948196501e-12  -7.2777627873521522e-12
 -1.1000000000000014e+00   3.7060624910819803e-12  -7.1544856465678552e-12
 -1.0500000000000007e+00   3.1807762137159991e-12  -6.9960412545324312e-12
 -1.0000000000000000e+00   2.6257749924412632e-12  -6.8033244465739818e-12
 -9.4999999999999929e-01   2.0454142726504297e-12  -6.5778818151983872e-12
 -9.0000000000000213e-01   1.4444003237331682e-12  -6.3218586929543897e-12
 -8.5000000000000142e-01   8.2763920931969224e-13  -6.0379189151297101e-12
 -8.0000000000000071e-01   2.0008570316840265e-13  -5.7291436904883221e-12
 -7.5000000000000000e-01  -4.3339857416998205e-13  -5.3989173460004790e-12
 -6.9999999999999929e-01  -1.0681701375359936e-12  -5.0508081883817282e-12
 -6.5000000000000213e-01  -1.6999063023739589e-12  -4.6884522763716379e-12
 -6.0000000000000142e-01  -2.3246825379404789e-12  -4.3154467001255839e-12
 -5.5000000000000071e-01  -2.9390238984231946e-12  -3.9352572841819483e-12
 -5.0000000000000000e-01  -3.5399318549957437e-12  -3.5511437561463154e-12
 -4.4999999999999929e-01  -4.1248894486767940e-12  -3.1661036173291645e-12
 -4.0000000000000213e-01  -4.6918483660908451e-12  -2.7828343977856249e-12
 -3.5000000000000142e-01  -5.2392023644827340e-12  -2.4037128026139134e-12
 -3.0000000000000071e-01  -5.7657506033988852e-12  -2.0307884624402940e-12
 -2.5000000000000000e-01  -6.2706555989422017e-12  -1.6657896214043811e-12
 -1.9999999999999929e-01  -6.7533971988979748e-12  -1.3101379596253496e-12
 -1.5000000000000213e-01  -7.2137283282253279e-12  -9.6496996900138804e-13
 -1.0000000000000142e-01  -7.6516287697890690e-12  -6.3116239667039435e-13
 -5.0000000000000711e-02  -8.0672684792448859e-12  -3.0935961733404247e-13
  0.0000000000000000e+00  -8.4609651436489707e-12   0.0000000000000000e+00
