# Columns: x, u, lamda
# time_step 8000
# time   8.0000000000000000e+01
 -2.5149999999999999e+01   9.7091347874093741e-11   1.0719487117531081e-15
 -2.5099999999999998e+01   9.7091347874093741e-11   1.0719487117531081e-15
 -2.5049999999999997e+01   9.7091347874093741e-11   1.0719487117531081e-15
 -2.5000000000000000e+01   9.7091347874093741e-11   1.0719487117531081e-15
 -2.4949999999999999e+01   9.7091348421130769e-11   1.0954787826235390e-15
 -2.4899999999999999e+01   9.7091606722751743e-11   1.1080556084985193e-15
 -2.4849999999999998e+01   9.7092527290976654e-11   1.1275971536005325e-15
 -2.4799999999999997e+01   9.7094607655702454e-11   1.1435796392760505e-15
 -2.4750000000000000e+01   9.7098161451427717e-11   1.1620679544741896e-15
 -2.4699999999999999e+01   9.7103086838077338e-11   1.1795686825639604e-15
 -2.4649999999999999e+01   9.7108655181470987e-11   1.1981074641268991e-15
 -2.4599999999999998e+01   9.7113481632970199e-11   1.2165249321728929e-15
 -2.4549999999999997e+01   9.7115709435437201e-11   1.2355000954550744e-15
 -2.4500000000000000e+01   9.7113428613026320e-11   1.2546445989502971e-15
 -2.4449999999999999e+01   9.7105199623755201e-11   1.2741538441854413e-15
 -2.4399999999999999e+01   9.7090435157138141e-11   1.2938376678834191e-15
 -2.4349999999999998e+01   9.7069374988602732e-11   1.3138034958295982e-15
 -2.4299999999999997e+01   9.7042868048881253e-11   1.3339944912482850e-15
 -2.4250000000000000e+01   9.7012097233087126e-11   1.3544494277498714e-15
 -2.4199999999999999e+01   9.6978326829781553e-11   1.3751521800718059e-15
 -2.4149999999999999e+01   9.6942708658683795e-11   1.3961184678606417e-15
 -2.4099999999999998e+01   9.6906158761311558e-11   1.4173458335146767e-15
 -2.4049999999999997e+01   9.6869302535298568e-11   1.4388425133871759e-15
 -2.4000000000000000e+01   9.6832478851614738e-11   1.4606108147010863e-15
 -2.3949999999999999e+01   9.6795787831350025e-11   1.4826567333487308e-15
 -2.3899999999999999e+01   9.6759163359677516e-11   1.5049844363821394e-15
 -2.3849999999999998e+01   9.6722450980103685e-11   1.5275994703490277e-15
 -2.3799999999999997e+01   9.6685475336695748e-11   1.5505069325350323e-15
 -2.3750000000000000e+01   9.6648087486840857e-11   1.5737125429569412e-15
 -2.3699999999999999e+01   9.6610189207335175e-11   1.5972220399883432e-15
 -2.3649999999999999e+01   9.6571736972264036e-11   1.6210415409483417e-15
 -2.3599999999999998e+01   9.6532731673068019e-11   1.6451773457938991e-15
 -2.3549999999999997e+01   9.6493201268023450e-11   1.6696360628866463e-15
 -2.3500000000000000e+01   9.6453182828995087e-11   1.6944245506506909e-15
 -2.3449999999999999e+01   9.6412708543264547e-11   1.7195499673155277e-15
 -2.3399999999999999e+01   9.6371797839396619e-11   1.7450197600604874e-15
 -2.3349999999999998e+01   9.6330455592565090e-11   1.7708416904056434e-15
 -2.3299999999999997e+01   9.6288674815655410e-11   1.7970238395030700e-15
 -2.3250000000000000e+01   9.6246441577331727e-11   1.8235746253904819e-15
 -2.3199999999999999e+01   9.6203740037303146e-11   1.8505028134656666e-15
 -2.3149999999999999e+01   9.6160556169211134e-11   1.8778175309130058e-15
 -2.3099999999999998e+01   9.6116879596174207e-11   1.9055282789907731e-15
 -2.3049999999999997e+01   9.6072703693787244e-11   1.9336449468458847e-15
 -2.3000000000000000e+01   9.6028024553261730e-11   1.9621778249285555e-15
 -2.2949999999999999e+01   9.5982839516122902e-11   1.9911376192483432e-15
 -2.2899999999999999e+01   9.5937145865162788e-11   2.0205354658331798e-15
 -2.2849999999999998e+01   9.5890940003558212e-11   2.0503829457533139e-15
 -2.2799999999999997e+01   9.5844217191081164e-11   2.0806921004825749e-15
 -2.2750000000000000e+01   9.5796971713934466e-11   2.1114754476610765e-15
 -2.2699999999999999e+01   9.5749197276597061e-11   2.1427459971753568e-15
 -2.2649999999999999e+01   9.5700887411650029e-11   2.1745172675832262e-15
 -2.2599999999999998e+01   9.5652035771896571e-11   2.2068033028595787e-15
 -2.2549999999999997e+01   9.5602636255824663e-11   2.2396186894856699e-15
 -2.2500000000000000e+01   9.5552682988629730e-11   2.2729785738980232e-15
 -2.2449999999999999e+01   9.5502170219277340e-11   2.3068986803008253e-15
 -2.2399999999999999e+01   9.5451092198804021e-11   2.3413953288624285e-15
 -2.2349999999999998e+01   9.5399443086799987e-11   2.3764854542847600e-15
 -2.2299999999999997e+01   9.5347216906125975e-11   2.4121866247530744e-15
 -2.2250000000000000e+01   9.5294407542402069e-11   2.4485170612606083e-15
 -2.2199999999999999e+01   9.5241008771211878e-11   2.4854956572963211e-15
 -2.2149999999999999e+01   9.5187014293137201e-11   2.5231419989055287e-15
 -2.2099999999999998e+01   9.5132417761647130e-11   2.5614763851148280e-15
 -2.2049999999999997e+01   9.5077212796997092e-11   2.6005198487247862e-15
 -2.2000000000000000e+01   9.5021392986695583e-11   2.6402941774687936e-15
 -2.1949999999999999e+01   9.4964951877516914e-11   2.6808219355360721e-15
 -2.1899999999999999e+01   9.4907882965063663e-11   2.7221264854570867e-15
 -2.1849999999999998e+01   9.4850179685423899e-11   2.7642320103661088e-15
 -2.1799999999999997e+01   9.4791835410989646e-11   2.8071635366048087e-15
 -2.1750000000000000e+01   9.4732843450235970e-11   2.8509469566972469e-15
 -2.1699999999999999e+01   9.4673197049933493e-11   2.8956090526705110e-15
 -2.1649999999999999e+01   9.4612889397997477e-11   2.9411775197282302e-15
 -2.1599999999999998e+01   9.4551913625653228e-11   2.9876809902637504e-15
 -2.1549999999999997e+01   9.4490262808362910e-11   3.0351490582165210e-15
 -2.1500000000000000e+01   9.4427929965627089e-11   3.0836123037599789e-15
 -2.1449999999999999e+01   9.4364908060144148e-11   3.1331023183200844e-15
 -2.1399999999999999e+01   9.4301189996861537e-11   3.1836517299122523e-15
 -2.1349999999999998e+01   9.4236768622287443e-11   3.2352942287964631e-15
 -2.1299999999999997e+01   9.4171636724196404e-11   3.2880645934360154e-15
 -2.1250000000000000e+01   9.4105787031667307e-11   3.3419987167607254e-15
 -2.1199999999999999e+01   9.4039212215300046e-11   3.3971336327128928e-15
 -2.1149999999999999e+01   9.3971904887454782e-11   3.4535075430803236e-15
 -2.1099999999999998e+01   9.3903857602415197e-11   3.5111598445975528e-15
 -2.1049999999999997e+01   9.3835062856452365e-11   3.5701311563059743e-15
 -2.1000000000000000e+01   9.3765513087818823e-11   3.6304633471631288e-15
 -2.0949999999999999e+01   9.3695200676722875e-11   3.6921995638907547e-15
 -2.0899999999999999e+01   9.3624117945329224e-11   3.7553842590414408e-15
 -2.0849999999999998e+01   9.3552257157809136e-11   3.8200632192811704e-15
 -2.0799999999999997e+01   9.3479610520442736e-11   3.8862835938639534e-15
 -2.0750000000000000e+01   9.3406170181762112e-11   3.9540939232884602e-15
 -2.0699999999999999e+01   9.3331928232720432e-11   4.0235441681190589e-15
 -2.0649999999999999e+01   9.3256876706874665e-11   4.0946857379548200e-15
 -2.0599999999999998e+01   9.3181007580576192e-11   4.1675715205302523e-15
 -2.0549999999999997e+01   9.3104312773170425e-11   4.2422559109279950e-15
 -2.0500000000000000e+01   9.3026784147211672e-11   4.3187948408828056e-15
 -2.0449999999999999e+01   9.2948413508699709e-11   4.3972458081601170e-15
 -2.0399999999999999e+01   9.2869192607342628e-11   4.4776679059873017e-15
 -2.0349999999999998e+01   9.2789113136848911e-11   4.5601218525083096e-15
 -2.0299999999999997e+01   9.2708166735246451e-11   4.6446700202545266e-15
 -2.0250000000000000e+01   9.2626344985225337e-11   4.7313764655915240e-15
 -2.0199999999999999e+01   9.2543639414504094e-11   4.8203069581282794e-15
 -2.0149999999999999e+01   9.2460041496220700e-11   4.9115290100531548e-15
 -2.0099999999999998e+01   9.2375542649349518e-11   5.0051119053767507e-15
 -2.0049999999999997e+01   9.2290134239143148e-11   5.1011267290557736e-15
 -2.0000000000000000e+01   9.2203807577601348e-11   5.1996463959560441e-15
 -1.9949999999999999e+01   9.2116553923967731e-11   5.3007456796391545e-15
 -1.9899999999999999e+01   9.2028364485254214e-11   5.4045012409336405e-15
 -1.9849999999999998e+01   9.1939230416795608e-11   5.5109916562581335e-15
 -1.9799999999999997e+01   9.1849142822836332e-11   5.6202974456620278e-15
 -1.9750000000000000e+01   9.1758092757148412e-11   5.7325011005545611e-15
 -1.9699999999999999e+01   9.1666071223679582e-11   5.8476871110808111e-15
 -1.9649999999999999e+01   9.1573069177231338e-11   5.9659419931104656e-15
 -1.9599999999999998e+01   9.1479077524170299e-11   6.0873543147927519e-15
 -1.9549999999999997e+01   9.1384087123173215e-11   6.2120147226504753e-15
 -1.9500000000000000e+01   9.1288088786006118e-11   6.3400159671625651e-15
 -1.9449999999999999e+01   9.1191073278338460e-11   6.4714529277935656e-15
 -1.9399999999999999e+01   9.1093031320592345e-11   6.6064226374331469e-15
 -1.9349999999999998e+01   9.0993953588828210e-11   6.7450243061875868e-15
 -1.9299999999999997e+01   9.0893830715667021e-11   6.8873593444925692e-15
 -1.9250000000000000e+01   9.0792653291250000e-11   7.0335313854848397e-15
 -1.9199999999999999e+01   9.0690411864236699e-11   7.1836463065924875e-15
 -1.9149999999999999e+01   9.0587096942841877e-11   7.3378122502892165e-15
 -1.9099999999999998e+01   9.0482698995911267e-11   7.4961396439632061e-15
 -1.9049999999999997e+01   9.0377208454037816e-11   7.6587412188423230e-15
 -1.9000000000000000e+01   9.0270615710719710e-11   7.8257320279247782e-15
 -1.8949999999999999e+01   9.0162911123560668e-11   7.9972294628570421e-15
 -1.8899999999999999e+01   9.0054085015513076e-11   8.1733532697009621e-15
 -1.8849999999999998e+01   8.9944127676164522e-11   8.3542255635296336e-15
 -1.8799999999999997e+01   8.9833029363067884e-11   8.5399708417944342e-15
 -1.8750000000000000e+01   8.9720780303116328e-11   8.7307159963912642e-15
 -1.8699999999999999e+01   8.9607370693963054e-11   8.9265903243784680e-15
 -1.8649999999999999e+01   8.9492790705487546e-11   9.1277255372578396e-15
 -1.8599999999999998e+01   8.9377030481308789e-11   9.3342557687746074e-15
 -1.8549999999999997e+01   8.9260080140346486e-11   9.5463175811514337e-15
 -1.8500000000000000e+01   8.9141929778432129e-11   9.7640499696887681e-15
 -1.8449999999999999e+01   8.9022569469968788e-11   9.9875943656657137e-15
 -1.8399999999999999e+01   8.8901989269639078e-11   1.0217094637464311e-14
 -1.8349999999999998e+01   8.8780179214161955e-11   1.0452697089837447e-14
 -1.8299999999999997e+01   8.8657129324101239e-11   1.0694550461246714e-14
 -1.8250000000000000e+01   8.8532829605726838e-11   1.0942805919193401e-14
 -1.8199999999999999e+01   8.8407270052928970e-11   1.1197617053461001e-14
 -1.8149999999999999e+01   8.8280440649185820e-11   1.1459139867184036e-14
 -1.8099999999999998e+01   8.8152331369584306e-11   1.1727532765667541e-14
 -1.8049999999999997e+01   8.8022932182893830e-11   1.2002956542864176e-14
 -1.8000000000000000e+01   8.7892233053695805e-11   1.2285574365423120e-14
 -1.7949999999999999e+01   8.7760223944568833e-11   1.2575551754227464e-14
 -1.7899999999999999e+01   8.7626894818330248e-11   1.2873056563325744e-14
 -1.7849999999999998e+01   8.7492235640333570e-11   1.3178258956167062e-14
 -1.7799999999999997e+01   8.7356236380822265e-11   1.3491331379049359e-14
 -1.7750000000000000e+01   8.7218887017341422e-11   1.3812448531677592e-14
 -1.7699999999999999e+01   8.7080177537208045e-11   1.4141787334747976e-14
 -1.7649999999999999e+01   8.6940097940040925e-11   1.4479526894446869e-14
 -1.7600000000000001e+01   8.6798638240349117e-11   1.4825848463777298e-14
 -1.7549999999999997e+01   8.6655788470178933e-11   1.5180935400607016e-14
 -1.7500000000000000e+01   8.6511538681820722e-11   1.5544973122328465e-14
 -1.7449999999999999e+01   8.6365878950576476e-11   1.5918149057037993e-14
 -1.7399999999999999e+01   8.6218799377587605e-11   1.6300652591125867e-14
 -1.7350000000000001e+01   8.6070290092724393e-11   1.6692675013161227e-14
 -1.7299999999999997e+01   8.5920341257536139e-11   1.7094409453980689e-14
 -1.7250000000000000e+01   8.5768943068262895e-11   1.7506050822852177e-14
 -1.7199999999999999e+01   8.5616085758908840e-11   1.7927795739615971e-14
 -1.7149999999999999e+01   8.5461759604377029e-11   1.8359842462688416e-14
 -1.7100000000000001e+01   8.5305954923666014e-11   1.8802390812808651e-14
 -1.7049999999999997e+01   8.5148662083129275e-11   1.9255642092419905e-14
 -1.7000000000000000e+01   8.4989871499797563e-11   1.9719799000564911e-14
 -1.6949999999999999e+01   8.4829573644763427e-11   2.0195065543183953e-14
 -1.6899999999999999e+01   8.4667759046627353e-11   2.0681646938693047e-14
 -1.6850000000000001e+01   8.4504418295005923e-11   2.1179749518717914e-14
 -1.6799999999999997e+01   8.4339542044101778e-11   2.1689580623877624e-14
 -1.6750000000000000e+01   8.4173121016335851e-11   2.2211348494480594e-14
 -1.6699999999999999e+01   8.4005146006042030e-11   2.2745262156020413e-14
 -1.6649999999999999e+01   8.3835607883223477e-11   2.3291531299348325e-14
 -1.6600000000000001e+01   8.3664497597370351e-11   2.3850366155392974e-14
 -1.6549999999999997e+01   8.3491806181338253e-11   2.4421977364309171e-14
 -1.6500000000000000e+01   8.3317524755287006e-11   2.5006575838927096e-14
 -1.6449999999999999e+01   8.3141644530680115e-11   2.5604372622373062e-14
 -1.6399999999999999e+01   8.2964156814343867e-11   2.6215578739745799e-14
 -1.6350000000000001e+01   8.2785053012585540e-11   2.6840405043711766e-14
 -1.6299999999999997e+01   8.2604324635370359e-11   2.7479062053895480e-14
 -1.6250000000000000e+01   8.2421963300556166e-11   2.8131759789942592e-14
 -1.6199999999999999e+01   8.2237960738185766e-11   2.8798707598121016e-14
 -1.6149999999999999e+01   8.2052308794835839e-11   2.9480113971338086e-14
 -1.6100000000000001e+01   8.1864999438021499e-11   3.0176186362444417e-14
 -1.6049999999999997e+01   8.1676024760655001e-11   3.0887130990704007e-14
 -1.6000000000000000e+01   8.1485376985558701e-11   3.1613152641285797e-14
 -1.5949999999999999e+01   8.1293048470031256e-11   3.2354454457674841e-14
 -1.5899999999999999e+01   8.1099031710464846e-11   3.3111237726861034e-14
 -1.5850000000000000e+01   8.0903319347013392e-11   3.3883701657180910e-14
 -1.5799999999999999e+01   8.0705904168309424e-11   3.4672043148700940e-14
 -1.5750000000000000e+01   8.0506779116229613e-11   3.5476456555997135e-14
 -1.5699999999999999e+01   8.0305937290706738e-11   3.6297133443233206e-14
 -1.5649999999999999e+01   8.0103371954587017e-11   3.7134262331396716e-14
 -1.5600000000000000e+01   7.9899076538531104e-11   3.7988028437582387e-14
 -1.5549999999999999e+01   7.9693044645957397e-11   3.8858613406202607e-14
 -1.5500000000000000e+01   7.9485270058025943e-11   3.9746195032005265e-14
 -1.5449999999999999e+01   7.9275746738660509e-11   4.0650946974790103e-14
 -1.5399999999999999e+01   7.9064468839607686e-11   4.1573038465704214e-14
 -1.5350000000000000e+01   7.8851430705531079e-11   4.2512634005003245e-14
 -1.5299999999999999e+01   7.8636626879139216e-11   4.3469893051180800e-14
 -1.5250000000000000e+01   7.8420052106344359e-11   4.4444969701347939e-14
 -1.5199999999999999e+01   7.8201701341450404e-11   4.5438012362766445e-14
 -1.5149999999999999e+01   7.7981569752367586e-11   4.6449163415426648e-14
 -1.5100000000000000e+01   7.7759652725851728e-11   4.7478558865582744e-14
 -1.5049999999999999e+01   7.7535945872765570e-11   4.8526327990141600e-14
 -1.5000000000000000e+01   7.7310445033360072e-11   4.9592592971816253e-14
 -1.4949999999999999e+01   7.7083146282573480e-11   5.0677468524957574e-14
 -1.4899999999999999e+01   7.6854045935345089e-11   5.1781061511981405e-14
 -1.4850000000000000e+01   7.6623140551941633e-11   5.2903470550305266e-14
 -1.4799999999999999e+01   7.6390426943292854e-11   5.4044785609727178e-14
 -1.4750000000000000e+01   7.6155902176334277e-11   5.5205087600167769e-14
 -1.4699999999999999e+01   7.5919563579353741e-11   5.6384447949714310e-14
 -1.4649999999999999e+01   7.5681408747339074e-11   5.7582928172905091e-14
 -1.4600000000000000e+01   7.5441435547323874e-11   5.8800579429193321e-14
 -1.4549999999999999e+01   7.5199642123728561e-11   6.0037442071547925e-14
 -1.4500000000000000e+01   7.4956026903693642e-11   6.1293545185137257e-14
 -1.4449999999999999e+01   7.4710588602401903e-11   6.2568906116068159e-14
 -1.4400000000000000e+01   7.4463326228386081e-11   6.3863529990138242e-14
 -1.4350000000000000e+01   7.4214239088819209e-11   6.5177409221575806e-14
 -1.4299999999999999e+01   7.3963326794784100e-11   6.6510523011763594e-14
 -1.4250000000000000e+01   7.3710589266517937e-11   6.7862836837913849e-14
 -1.4199999999999999e+01   7.3456026738629510e-11   6.9234301931703497e-14
 -1.4150000000000000e+01   7.3199639765285345e-11   7.0624854747872794e-14
 -1.4100000000000000e+01   7.2941429225360976e-11   7.2034416422798468e-14
 -1.4049999999999999e+01   7.2681396327553848e-11   7.3462892223058228e-14
 -1.4000000000000000e+01   7.2419542615454469e-11   7.4910170984023440e-14
 -1.3949999999999999e+01   7.2155869972571912e-11   7.6376124538513299e-14
 -1.3900000000000000e+01   7.1890380627309862e-11   7.7860607135563885e-14
 -1.3850000000000000e+01   7.1623077157889786e-11   7.9363454849364617e-14
 -1.3799999999999999e+01   7.1353962497217249e-11   8.0884484978437325e-14
 -1.3750000000000000e+01   7.1083039937687462e-11   8.2423495435134741e-14
 -1.3699999999999999e+01   7.0810313135926718e-11   8.3980264125547177e-14
 -1.3650000000000000e+01   7.0535786117465599e-11   8.5554548319927122e-14
 -1.3600000000000000e+01   7.0259463281340261e-11   8.7146084013734432e-14
 -1.3549999999999999e+01   6.9981349404617966e-11   8.8754585279444663e-14
 -1.3500000000000000e+01   6.9701449646842862e-11   9.0379743609242267e-14
 -1.3449999999999999e+01   6.9419769554398490e-11   9.2021227248769036e-14
 -1.3400000000000000e+01   6.9136315064782477e-11   9.3678680522080891e-14
 -1.3350000000000000e+01   6.8851092510790255e-11   9.5351723148003525e-14
 -1.3299999999999999e+01   6.8564108624603913e-11   9.7039949548071955e-14
 -1.3250000000000000e+01   6.8275370541782465e-11   9.8742928146278989e-14
 -1.3199999999999999e+01   6.7984885805149436e-11   1.0046020066084911e-13
 -1.3150000000000000e+01   6.7692662368574310e-11   1.0219128138827883e-13
 -1.3100000000000000e+01   6.7398708600643991e-11   1.0393565647991488e-13
 -1.3049999999999999e+01   6.7103033288220931e-11   1.0569278321133149e-13
 -1.3000000000000000e+01   6.6805645639883838e-11   1.0746208924481506e-13
 -1.2949999999999999e+01   6.6506555289247929e-11   1.0924297188526136e-13
 -1.2900000000000000e+01   6.6205772298160831e-11   1.1103479732982051e-13
 -1.2850000000000000e+01   6.5903307159771101e-11   1.1283689991163828e-13
 -1.2799999999999999e+01   6.5599170801465478e-11   1.1464858133807228e-13
 -1.2750000000000000e+01   6.5293374587672222e-11   1.1646910992376603e-13
 -1.2699999999999999e+01   6.4985930322526629e-11   1.1829771981900577e-13
 -1.2650000000000000e+01   6.4676850252396283e-11   1.2013361023378725e-13
 -1.2600000000000000e+01   6.4366147068262807e-11   1.2197594465805870e-13
 -1.2549999999999999e+01   6.4053833907957175e-11   1.2382385007861798e-13
 -1.2500000000000000e+01   6.3739924358245654e-11   1.2567641619317547e-13
 -1.2449999999999999e+01   6.3424432456763911e-11   1.2753269462211125e-13
 -1.2400000000000000e+01   6.3107372693796250e-11   1.2939169811848736e-13
 -1.2350000000000000e+01   6.2788760013898216e-11   1.3125239977689203e-13
 -1.2299999999999999e+01   6.2468609817359998e-11   1.3311373224174387e-13
 -1.2250000000000000e+01   6.2146937961508058e-11   1.3497458691567834e-13
 -1.2199999999999999e+01   6.1823760761843359e-11   1.3683381316869819e-13
 -1.2150000000000000e+01   6.1499094993014119e-11   1.3869021754877869e-13
 -1.2100000000000000e+01   6.1172957889621532e-11   1.4054256299466399e-13
 -1.2049999999999999e+01   6.0845367146856466e-11   1.4238956805161295e-13
 -1.2000000000000000e+01   6.0516340920966113e-11   1.4422990609089014e-13
 -1.1949999999999999e+01   6.0185897829549171e-11   1.4606220453382757e-13
 -1.1900000000000000e+01   5.9854056951678682e-11   1.4788504408132580e-13
 -1.1850000000000000e+01   5.9520837827851266e-11   1.4969695794968889e-13
 -1.1799999999999999e+01   5.9186260459762149e-11   1.5149643111372898e-13
 -1.1750000000000000e+01   5.8850345309905525e-11   1.5328189955811843e-13
 -1.1699999999999999e+01   5.8513113301000085e-11   1.5505174953799543e-13
 -1.1650000000000000e+01   5.8174585815238873e-11   1.5680431684988701e-13
 -1.1600000000000000e+01   5.7834784693364540e-11   1.5853788611403318e-13
 -1.1549999999999999e+01   5.7493732233569357e-11   1.6025069006926152e-13
 -1.1500000000000000e+01   5.7151451190220924e-11   1.6194090888158672e-13
 -1.1449999999999999e+01   5.6807964772414189e-11   1.6360666946776630e-13
 -1.1400000000000000e+01   5.6463296642350518e-11   1.6524604483509392e-13
 -1.1350000000000000e+01   5.6117470913544843e-11   1.6685705343874220e-13
 -1.1299999999999999e+01   5.5770512148862489e-11   1.6843765855804439e-13
 -1.1250000000000000e+01   5.5422445358386977e-11   1.6998576769312836e-13
 -1.1199999999999999e+01   5.5073295997120655e-11   1.7149923198339521e-13
 -1.1150000000000000e+01   5.4723089962520162e-11   1.7297584564936765e-13
 -1.1100000000000000e+01   5.4371853591868762e-11   1.7441334545951118e-13
 -1.1049999999999999e+01   5.4019613659488142e-11   1.7580941022366908e-13
 -1.1000000000000000e+01   5.3666397373792096e-11   1.7716166031483767e-13
 -1.0949999999999999e+01   5.3312232374185196e-11   1.7846765722104232e-13
 -1.0900000000000000e+01   5.2957146727809348e-11   1.7972490312917391e-13
 -1.0850000000000000e+01   5.2601168926141671e-11   1.8093084054267788e-13
 -1.0799999999999999e+01   5.2244327881447146e-11   1.8208285193508865e-13
 -1.0750000000000000e+01   5.1886652923089724e-11   1.8317825944145426e-13
 -1.0699999999999999e+01   5.1528173793705900e-11   1.8421432458977701e-13
 -1.0650000000000000e+01   5.1168920645245015e-11   1.8518824807467943e-13
 -1.0600000000000000e+01   5.0808924034880477e-11   1.8609716957557797e-13
 -1.0549999999999999e+01   5.0448214920796533e-11   1.8693816762173096e-13
 -1.0500000000000000e+01   5.0086824657855520e-11   1.8770825950662019e-13
 -1.0449999999999999e+01   4.9724784993150298e-11   1.8840440125420425e-13
 -1.0400000000000000e+01   4.9362128061447143e-11   1.8902348763968796e-13
 -1.0350000000000000e+01   4.8998886380524513e-11   1.8956235226753712e-13
 -1.0299999999999999e+01   4.8635092846413127e-11   1.9001776770957838e-13
 -1.0250000000000000e+01   4.8270780728543024e-11   1.9038644570611633e-13
 -1.0199999999999999e+01   4.7905983664803546e-11   1.9066503743312289e-13
 -1.0150000000000000e+01   4.7540735656522236e-11   1.9085013383865457e-13
 -1.0100000000000000e+01   4.7175071063368546e-11   1.9093826605177640e-13
 -1.0050000000000001e+01   4.6809024598188943e-11   1.9092590586738861e-13
 -1.0000000000000000e+01   4.6442631321779614e-11   1.9080946631048829e-13
 -9.9499999999999993e+00   4.6075926637603467e-11   1.9058530228351994e-13
 -9.9000000000000004e+00   4.5708946286457908e-11   1.9024971130061382e-13
 -9.8499999999999996e+00   4.5341726341100201e-11   1.8979893431265091e-13
 -9.8000000000000007e+00   4.4974303200837084e-11   1.8922915662724498e-13
 -9.7500000000000000e+00   4.4606713586085631e-11   1.8853650892788480e-13
 -9.6999999999999993e+00   4.4238994532912067e-11   1.8771706839665078e-13
 -9.6500000000000004e+00   4.3871183387555563e-11   1.8676685994508012e-13
 -9.5999999999999996e+00   4.3503317800944021e-11   1.8568185755794139e-13
 -9.5500000000000007e+00   4.3135435723208592e-11   1.8445798575485651e-13
 -9.5000000000000000e+00   4.2767575398204095e-11   1.8309112117491457e-13
 -9.4499999999999993e+00   4.2399775358042081e-11   1.8157709428960869e-13
 -9.4000000000000004e+00   4.2032074417643399e-11   1.7991169124965776e-13
 -9.3499999999999996e+00   4.1664511669316929e-11   1.7809065587148169e-13
 -9.3000000000000007e+00   4.1297126477371306e-11   1.7610969176933899e-13
 -9.2500000000000000e+00   4.0929958472765828e-11   1.7396446463938398e-13
 -9.1999999999999993e+00   4.0563047547807218e-11   1.7165060470214679e-13
 -9.1500000000000004e+00   4.0196433850898230e-11   1.6916370931021420e-13
 -9.1000000000000014e+00   3.9830157781344053e-11   1.6649934572817035e-13
 -9.0500000000000007e+00   3.9464259984222398e-11   1.6365305409214732e-13
 -9.0000000000000000e+00   3.9098781345322535e-11   1.6062035055665249e-13
 -8.9499999999999993e+00   3.8733762986158547e-11   1.5739673063665905e-13
 -8.8999999999999986e+00   3.8369246259061591e-11   1.5397767275328889e-13
 -8.8500000000000014e+00   3.8005272742355448e-11   1.5035864199178068e-13
 -8.8000000000000007e+00   3.7641884235619684e-11   1.4653509408081001e-13
 -8.7500000000000000e+00   3.7279122755043642e-11   1.4250247960262891e-13
 -8.6999999999999993e+00   3.6917030528874447e-11   1.3825624844390168e-13
 -8.6499999999999986e+00   3.6555649992961459e-11   1.3379185449757343e-13
 -8.6000000000000014e+00   3.6195023786399172e-11   1.2910476062654741e-13
 -8.5500000000000007e+00   3.5835194747269602e-11   1.2419044390045638e-13
 -8.5000000000000000e+00   3.5476205908484812e-11   1.1904440111731599e-13
 -8.4499999999999993e+00   3.5118100493729166e-11   1.1366215462239540e-13
 -8.3999999999999986e+00   3.4760921913500276e-11   1.0803925843721141e-13
 -8.3500000000000014e+00   3.4404713761246529e-11   1.0217130471215963e-13
 -8.3000000000000007e+00   3.4049519809598141e-11   9.6053930516928211e-14
 -8.2500000000000000e+00   3.3695384006687654e-11   8.9682824983517091e-14
 -8.1999999999999993e+00   3.3342350472554614e-11   8.3053736817394730e-14
 -8.1499999999999986e+00   3.2990463495627814e-11   7.6162482193077413e-14
 -8.1000000000000014e+00   3.2639767529277271e-11   6.9004953051202368e-14
 -8.0500000000000007e+00   3.2290307188426653e-11   6.1577125815018606e-14
 -8.0000000000000000e+00   3.1942127246215106e-11   5.3875070545089952e-14
 -7.9499999999999993e+00   3.1595272630695998e-11   4.5894960551958362e-14
 -7.8999999999999986e+00   3.1249788421558223e-11   3.7633082487499619e-14
 -7.8500000000000014e+00   3.0905719846853440e-11   2.9085846936756361e-14
 -7.8000000000000007e+00   3.0563112279711081e-11   2.0249799533150337e-14
 -7.7500000000000000e+00   3.0222011235020150e-11   1.1121632621153285e-14
 -7.6999999999999993e+00   2.9882462366054877e-11   1.6981974917414597e-15
 -7.6499999999999986e+00   2.9544511461018208e-11  -8.0234827827088137e-15
 -7.6000000000000014e+00   2.9208204439474738e-11  -1.8046199886029932e-14
 -7.5500000000000007e+00   2.8873587348641366e-11  -2.8372546138829396e-14
 -7.5000000000000000e+00   2.8540706359500856e-11  -3.9004899690888590e-14
 -7.4499999999999993e+00   2.8209607762700056e-11  -4.9945408992590145e-14
 -7.3999999999999986e+00   2.7880337964190682e-11  -6.1195976510792383e-14
 -7.3500000000000014e+00   2.7552943480566562e-11  -7.2758241652680988e-14
 -7.3000000000000007e+00   2.7227470934047125e-11  -8.4633562859119739e-14
 -7.2500000000000000e+00   2.6903967047052051e-11  -9.6822998826890388e-14
 -7.1999999999999993e+00   2.6582478636307322e-11  -1.0932728881695029e-13
 -7.1499999999999986e+00   2.6263052606417360e-11  -1.2214683200342290e-13
 -7.1000000000000014e+00   2.5945735942832584e-11  -1.3528166581548321e-13
 -7.0500000000000007e+00   2.5630575704135237e-11  -1.4873144322157198e-13
 -7.0000000000000000e+00   2.5317619013560296e-11  -1.6249540890248081e-13
 -6.9499999999999993e+00   2.5006913049660826e-11  -1.7657237425677156e-13
 -6.8999999999999986e+00   2.4698505036020141e-11  -1.9096069117870475e-13
 -6.8500000000000014e+00   2.4392442229904870e-11  -2.0565822454537465e-13
 -6.8000000000000007e+00   2.4088771909744578e-11  -2.2066232334602505e-13
 -6.7500000000000000e+00   2.3787541361314648e-11  -2.3596979038256321e-13
 -6.6999999999999993e+00   2.3488797862489077e-11  -2.5157685046607470e-13
 -6.6499999999999986e+00   2.3192588666419897e-11  -2.6747911702965343e-13
 -6.6000000000000014e+00   2.2898960982988508e-11  -2.8367155707307544e-13
 -6.5500000000000007e+00   2.2607961958362587e-11  -3.0014845434974273e-13
 -6.5000000000000000e+00   2.2319638652479726e-11  -3.1690337070089272e-13
 -6.4499999999999993e+00   2.2034038014265465e-11  -3.3392910543626987e-13
 -6.3999999999999986e+00   2.1751206854379255e-11  -3.5121765265428566e-13
 -6.3500000000000014e+00   2.1471191815266740e-11  -3.6876015638809643e-13
 -6.3000000000000007e+00   2.1194039338280793e-11  -3.8654686345701415e-13
 -6.2500000000000000e+00   2.0919795627616703e-11  -4.0456707389516654e-13
 -6.1999999999999993e+00   2.0648506610788918e-11  -4.2280908882134461e-13
 -6.1499999999999986e+00   2.0380217895357696e-11  -4.4126015560544502e-13
 -6.1000000000000014e+00   2.0114974721594013e-11  -4.5990641017784124e-13
 -6.0500000000000007e+00   1.9852821910749647e-11  -4.7873281631832208e-13
 -6.0000000000000000e+00   1.9593803808577306e-11  -4.9772310175091497e-13
 -5.9499999999999993e+00   1.9337964223721959e-11  -5.1685969085989345e-13
 -5.8999999999999986e+00   1.9085346360579985e-11  -5.3612363383053978e-13
 -5.8500000000000014e+00   1.8835992746196903e-11  -5.5549453200572550e-13
 -5.8000000000000007e+00   1.8589945150747541e-11  -5.7495045923605259e-13
 -5.7500000000000000e+00   1.8347244501114379e-11  -5.9446787898711938e-13
 -5.6999999999999993e+00   1.8107930787050640e-11  -6.1402155695237866e-13
 -5.6499999999999986e+00   1.7872042959384426e-11  -6.3358446890400682e-13
 -5.6000000000000014e+00   1.7639618819689144e-11  -6.5312770349713470e-13
 -5.5500000000000007e+00   1.7410694900813314e-11  -6.7262035972467578e-13
 -5.5000000000000000e+00   1.7185306337630245e-11  -6.9202943870075687e-13
 -5.4499999999999993e+00   1.6963486727334721e-11  -7.1131972943038540e-13
 -5.3999999999999986e+00   1.6745267978580302e-11  -7.3045368820141441e-13
 -5.3500000000000014e+00   1.6530680148717208e-11  -7.4939131121207691e-13
 -5.3000000000000007e+00   1.6319751268357505e-11  -7.6809000002332152e-13
 -5.2500000000000000e+00   1.6112507152461590e-11  -7.8650441939985635e-13
 -5.1999999999999993e+00   1.5908971197108594e-11  -8.0458634707723548e-13
 -5.1499999999999986e+00   1.5709164161083626e-11  -8.2228451496448042e-13
 -5.1000000000000014e+00   1.5513103931387444e-11  -8.3954444126267185e-13
 -5.0500000000000007e+00   1.5320805271750284e-11  -8.5630825294975597e-13
 -5.0000000000000000e+00   1.5132279553211609e-11  -8.7251449805056699e-13
 -4.9499999999999993e+00   1.4947534465813303e-11  -8.8809794707894601e-13
 -4.8999999999999986e+00   1.4766573710445909e-11  -9.0298938300602691e-13
 -4.8500000000000014e+00   1.4589396669888040e-11  -9.1711537907556229e-13
 -4.8000000000000007e+00   1.4415998058089622e-11  -9.3039806375392972e-13
 -4.7500000000000000e+00   1.4246367546772303e-11  -9.4275487206966743e-13
 -4.6999999999999993e+00   1.4080489368457658e-11  -9.5409828256564042e-13
 -4.6499999999999986e+00   1.3918341895088739e-11  -9.6433553905700954e-13
 -4.6000000000000014e+00   1.3759897191486185e-11  -9.7336835636100879e-13
 -4.5500000000000007e+00   1.3605120542980543e-11  -9.8109260914132633e-13
 -4.5000000000000000e+00   1.3453969956692195e-11  -9.8739800299211894e-13
 -4.4499999999999993e+00   1.3306395636094330e-11  -9.9216772687620305e-13
 -4.3999999999999986e+00   1.3162339428699066e-11  -9.9527808603096811e-13
 -4.3500000000000014e+00   1.3021734246958680e-11  -9.9659811446684035e-13
 -4.3000000000000007e+00   1.2884503462781366e-11  -9.9598916621004722e-13
 -4.2500000000000000e+00   1.2750560276433065e-11  -9.9330448448806917e-13
 -4.1999999999999993e+00   1.2619807061044196e-11  -9.8838874812755236e-13
 -4.1499999999999986e+00   1.2492134684475101e-11  -9.8107759453661778e-13
 -4.1000000000000014e+00   1.2367421810930700e-11  -9.7119711878379919e-13
 -4.0500000000000007e+00   1.2245534185469015e-11  -9.5856334847317123e-13
 -4.0000000000000000e+00   1.2126323905438787e-11  -9.4298169436027497e-13
 -3.9499999999999993e+00   1.2009628683929150e-11  -9.2424637696921366e-13
 -3.8999999999999986e+00   1.1895271111543231e-11  -9.0213982987327281e-13
 -3.8500000000000014e+00   1.1783057924244772e-11  -8.7643208080835908e-13
 -3.8000000000000007e+00   1.1672779286703626e-11  -8.4688011242287014e-13
 -3.7500000000000000e+00   1.1564208102516231e-11  -8.1322720525612327e-13
 -3.6999999999999993e+00   1.1457099364940573e-11  -7.7520226651227587e-13
 -3.6500000000000021e+00   1.1351189564404528e-11  -7.3251914939593167e-13
 -3.6000000000000014e+00   1.1246196172069936e-11  -6.8487596924475417e-13
 -3.5500000000000007e+00   1.1141817222214897e-11  -6.3195442448717476e-13
 -3.5000000000000000e+00   1.1037731020190199e-11  -5.7341913263318209e-13
 -3.4499999999999993e+00   1.0933596007273203e-11  -5.0891699414789074e-13
 -3.4000000000000021e+00   1.0829050818947042e-11  -4.3807660024847124e-13
 -3.3500000000000014e+00   1.0723714579039006e-11  -3.6050770450680161e-13
 -3.3000000000000007e+00   1.0617187478821523e-11  -2.7580078275039430e-13
 -3.2500000000000000e+00   1.0509051697669139e-11  -1.8352671126751404e-13
 -3.1999999999999993e+00   1.0398872730220833e-11  -8.3236599891852863e-14
 -3.1500000000000021e+00   1.0286201194244889e-11   2.5538175661092138e-14
 -3.1000000000000014e+00   1.0170575203540153e-11   1.4328568862088170e-13
 -3.0500000000000007e+00   1.0051523401185042e-11   2.7051285873469052e-13
 -3.0000000000000000e+00   9.9285687601533488e-12   4.0774445550311547e-13
 -2.9499999999999993e+00   9.8012332705543127e-12   5.5552161528654183e-13
 -2.9000000000000021e+00   9.6690436452041727e-12   7.1439976353539782e-13
 -2.8500000000000014e+00   9.5315381874164028e-12   8.8494581403812184e-13
 -2.8000000000000007e+00   9.3882749761146497e-12   1.0677344952227463e-12
 -2.7500000000000000e+00   9.2388415326573623e-12   1.2633436292131158e-12
 -2.6999999999999993e+00   9.0828661397980094e-12   1.4723481627276488e-12
 -2.6500000000000021e+00   8.9200309842338342e-12   1.6953127204780850e-12
 -2.6000000000000014e+00   8.7500872879297118e-12   1.9327824223124126e-12
 -2.5500000000000007e+00   8.5728725769155652e-12   2.1852716763021364e-12
 -2.5000000000000000e+00   8.3883302058848636e-12   2.4532506333478419e-12
 -2.4499999999999993e+00   8.1965312081940422e-12   2.7371289676304459e-12
 -2.4000000000000021e+00   7.9976984684582648e-12   3.0372366354936893e-12
 -2.3500000000000014e+00   7.7922331127413873e-12   3.3538012686664110e-12
 -2.3000000000000007e+00   7.5807428726204174e-12   3.6869218833830216e-12
 -2.2500000000000000e+00   7.3640719972166415e-12   4.0365386441181466e-12
 -2.1999999999999993e+00   7.1433320551373886e-12   4.4023985205091539e-12
 -2.1500000000000021e+00   6.9199326812158886e-12   4.7840168316562132e-12
 -2.1000000000000014e+00   6.6956109791363511e-12   5.1806348977547845e-12
 -2.0500000000000007e+00   6.4724578939279750e-12   5.5911743295307974e-12
 -2.0000000000000000e+00   6.2529394293862462e-12   6.0141888940784483e-12
 -1.9499999999999993e+00   6.0399101275206551e-12   6.4478154095758863e-12
 -1.9000000000000021e+00   5.8366157877069674e-12   6.8897257401487853e-12
 -1.8500000000000014e+00   5.6466820377735430e-12   7.3370826706338055e-12
 -1.8000000000000007e+00   5.4740851527814814e-12   7.7865032031720331e-12
 -1.7500000000000000e+00   5.3231015432923483e-12   8.2340335702575084e-12
 -1.6999999999999993e+00   5.1982327099637803e-12   8.6751409067226542e-12
 -1.6500000000000021e+00   5.1041032930901652e-12   9.1047269373726158e-12
 -1.6000000000000014e+00   5.0453312238841376e-12   9.5171690607666755e-12
 -1.5500000000000007e+00   5.0263709538876672e-12   9.9063936732659882e-12
 -1.5000000000000000e+00   5.0513332688020095e-12   1.0265985325334251e-11
 -1.4499999999999993e+00   5.1237881454400643e-12   1.0589333231516278e-11
 -1.4000000000000021e+00   5.2465602204328842e-12   1.0869813763133451e-11
 -1.3500000000000014e+00   5.4215293154508378e-12   1.1101003979049039e-11
 -1.3000000000000007e+00   5.6494506213229090e-12   1.1276917308067523e-11
 -1.2500000000000000e+00   5.9298100746557881e-12   1.1392248669064963e-11
 -1.1999999999999993e+00   6.2607297366955543e-12   1.1442613204658551e-11
 -1.1500000000000021e+00   6.6389353719829194e-12   1.1424761037170617e-11
 -1.1000000000000014e+00   7.0597939855734394e-12   1.1336750548191927e-11
 -1.0500000000000007e+00   7.5174232171323507e-12   1.1178064903149357e-11
 -1.0000000000000000e+00   8.0048679258530571e-12   1.0949660805665746e-11
 -9.4999999999999929e-01   8.5143329476555733e-12   1.0653944306421289e-11
 -9.0000000000000213e-01   9.0374558005494500e-12   1.0294675122458912e-11
 -8.5000000000000142e-01   9.5655998143011226e-12   9.8768073915350919e-12
 -8.0000000000000071e-01   1.0090147187959839e-11   9.4062801673276351e-12
 -7.5000000000000000e-01   1.0602772846472183e-11   8.8897745494786373e-12
 -6.9999999999999929e-01   1.1095683289596760e-11   8.3344557810947035e-12
 -6.5000000000000213e-01   1.1561809264076259e-11   7.7477179668427722e-12
 -6.0000000000000142e-01   1.1994946231408088e-11   7.1369466317514569e-12
 -5.5000000000000071e-01   1.2389841602791579e-11   6.5093107349905451e-12
 -5.0000000000000000e-01   1.2742231824775848e-11   5.8715916228235030e-12
 -4.4999999999999929e-01   1.3048835660005377e-11   5.2300523494537616e-12
 -4.0000000000000213e-01   1.3307311548182776e-11   4.5903472530054636e-12
 -3.5000000000000142e-01   1.3516188355154373e-11   3.9574689375483439e-12
 -3.0000000000000071e-01   1.3674777342695169e-11   3.3357279329831245e-12
 -2.5000000000000000e-01   1.3783074844822456e-11   2.7287593277147177e-12
 -1.9999999999999929e-01   1.3841659217139734e-11   2.1395502968843211e-12
 -1.5000000000000213e-01   1.3851592938963344e-11   1.5704828160952428e-12
 -1.0000000000000142e-01   1.3814323425080181e-11   1.0233860893531121e-12
 -5.0000000000000711e-02   1.3731604248344658e-11   4.9959383661625656e-13
  0.0000000000000000e+00   1.3605407311263484e-11   0.0000000000000000e+00
