# Columns: x, u, lamda
# time_step 2000
# time   2.0000000000000000e+01
 -2.5149999999999999e+01   9.9726977013380377e-11   2.9558047423305286e-15
 -2.5099999999999998e+01   9.9726977013380377e-11   2.9558047423305286e-15
 -2.5049999999999997e+01   9.9726977013380377e-11   2.9558047423305286e-15
 -2.5000000000000000e+01   9.9726977013380377e-11   2.9558047423305286e-15
 -2.4949999999999999e+01   9.9727285356332506e-11   3.0694125790381197e-15
 -2.4899999999999999e+01   9.9728678768949592e-11   3.1304836274022606e-15
 -2.4849999999999998e+01   9.9731584111001975e-11   3.2251833573565794e-15
 -2.4799999999999997e+01   9.9736273877509793e-11   3.3029447297921978e-15
 -2.4750000000000000e+01   9.9742571238727401e-11   3.3928200280358190e-15
 -2.4699999999999999e+01   9.9750009881333959e-11   3.4780606040528958e-15
 -2.4649999999999999e+01   9.9757843863121018e-11   3.5683128871896642e-15
 -2.4599999999999998e+01   9.9765180032742269e-11   3.6580155674278041e-15
 -2.4549999999999997e+01   9.9771068689372650e-11   3.7503657693808280e-15
 -2.4500000000000000e+01   9.9774728251768689e-11   3.8435044391669229e-15
 -2.4449999999999999e+01   9.9775855576121120e-11   3.9384378984903401e-15
 -2.4399999999999999e+01   9.9774812732451353e-11   4.0344530123418292e-15
 -2.4349999999999998e+01   9.9772282634983330e-11   4.1319270847320979e-15
 -2.4299999999999997e+01   9.9768939203157016e-11   4.2306168425047910e-15
 -2.4250000000000000e+01   9.9765284421730578e-11   4.3306347114897479e-15
 -2.4199999999999999e+01   9.9761620918301696e-11   4.4318858135261462e-15
 -2.4149999999999999e+01   9.9758082497106149e-11   4.5343919494743650e-15
 -2.4099999999999998e+01   9.9754681068951267e-11   4.6381050208478188e-15
 -2.4049999999999997e+01   9.9751357263603455e-11   4.7430143610716121e-15
 -2.4000000000000000e+01   9.9748030026142363e-11   4.8490848872812368e-15
 -2.3949999999999999e+01   9.9744634953227024e-11   4.9562926223572373e-15
 -2.3899999999999999e+01   9.9741142156170080e-11   5.0646041752335536e-15
 -2.3849999999999998e+01   9.9737553152773576e-11   5.1739884703176102e-15
 -2.3799999999999997e+01   9.9733885817486639e-11   5.2844099194542505e-15
 -2.3750000000000000e+01   9.9730158922580724e-11   5.3958322725288549e-15
 -2.3699999999999999e+01   9.9726383484017963e-11   5.5082163251933704e-15
 -2.3649999999999999e+01   9.9722561655859182e-11   5.6215211613462997e-15
 -2.3599999999999998e+01   9.9718689941184666e-11   5.7357033624670401e-15
 -2.3549999999999997e+01   9.9714763083939704e-11   5.8507173864474132e-15
 -2.3500000000000000e+01   9.9710776650056873e-11   5.9665152737408516e-15
 -2.3449999999999999e+01   9.9706727988728962e-11   6.0830467405344271e-15
 -2.3399999999999999e+01   9.9702616080173550e-11   6.2002590497126705e-15
 -2.3349999999999998e+01   9.9698440865269985e-11   6.3180970101377024e-15
 -2.3299999999999997e+01   9.9694202492300913e-11   6.4365029028582819e-15
 -2.3250000000000000e+01   9.9689900762606293e-11   6.5554164501520784e-15
 -2.3199999999999999e+01   9.9685534918579160e-11   6.6747747608690393e-15
 -2.3149999999999999e+01   9.9681103756791209e-11   6.7945122903929849e-15
 -2.3099999999999998e+01   9.9676605909689743e-11   6.9145607932981540e-15
 -2.3049999999999997e+01   9.9672040098425373e-11   7.0348492813865047e-15
 -2.3000000000000000e+01   9.9667405233753226e-11   7.1553039799533099e-15
 -2.2949999999999999e+01   9.9662700365830555e-11   7.2758482865267097e-15
 -2.2899999999999999e+01   9.9657924569046144e-11   7.3964027298011372e-15
 -2.2849999999999998e+01   9.9653076853534217e-11   7.5168849302032814e-15
 -2.2799999999999997e+01   9.9648156143561817e-11   7.6372095614299967e-15
 -2.2750000000000000e+01   9.9643161306900487e-11   7.7572883134604620e-15
 -2.2699999999999999e+01   9.9638091195337959e-11   7.8770298569020771e-15
 -2.2649999999999999e+01   9.9632944666934831e-11   7.9963398089159270e-15
 -2.2599999999999998e+01   9.9627720584784974e-11   8.1151207007405691e-15
 -2.2549999999999997e+01   9.9622417803843890e-11   8.2332719469675692e-15
 -2.2500000000000000e+01   9.9617035159409958e-11   8.3506898166648941e-15
 -2.2449999999999999e+01   9.9611571463430705e-11   8.4672674064591068e-15
 -2.2399999999999999e+01   9.9606025506964281e-11   8.5828946157053001e-15
 -2.2349999999999998e+01   9.9600396064077798e-11   8.6974581238497503e-15
 -2.2299999999999997e+01   9.9594681893880589e-11   8.8108413701202642e-15
 -2.2250000000000000e+01   9.9588881740210735e-11   8.9229245356705123e-15
 -2.2199999999999999e+01   9.9582994330231131e-11   9.0335845282974318e-15
 -2.2149999999999999e+01   9.9577018373237261e-11   9.1426949698831225e-15
 -2.2099999999999998e+01   9.9570952560161662e-11   9.2501261866880505e-15
 -2.2049999999999997e+01   9.9564795563552722e-11   9.3557452026414770e-15
 -2.2000000000000000e+01   9.9558546037613729e-11   9.4594157357710328e-15
 -2.1949999999999999e+01   9.9552202618071680e-11   9.5609981979172266e-15
 -2.1899999999999999e+01   9.9545763921878638e-11   9.6603496978838492e-15
 -2.1849999999999998e+01   9.9539228546836702e-11   9.7573240482030173e-15
 -2.1799999999999997e+01   9.9532595071245528e-11   9.8517717756279436e-15
 -2.1750000000000000e+01   9.9525862053594719e-11   9.9435401355631779e-15
 -2.1699999999999999e+01   9.9519028032274704e-11   1.0032473130568574e-14
 -2.1649999999999999e+01   9.9512091525277214e-11   1.0118411533122898e-14
 -2.1599999999999998e+01   9.9505051029876982e-11   1.0201192912808739e-14
 -2.1549999999999997e+01   9.9497905022295430e-11   1.0280651668107707e-14
 -2.1500000000000000e+01   9.9490651957351445e-11   1.0356619062978120e-14
 -2.1449999999999999e+01   9.9483290268102214e-11   1.0428923268406904e-14
 -2.1399999999999999e+01   9.9475818365477596e-11   1.0497389409116054e-14
 -2.1349999999999998e+01   9.9468234637907105e-11   1.0561839615625301e-14
 -2.1299999999999997e+01   9.9460537450938304e-11   1.0622093081857076e-14
 -2.1250000000000000e+01   9.9452725146842620e-11   1.0677966128495907e-14
 -2.1199999999999999e+01   9.9444796044211522e-11   1.0729272272287371e-14
 -2.1149999999999999e+01   9.9436748437540989e-11   1.0775822301502566e-14
 -2.1099999999999998e+01   9.9428580596801125e-11   1.0817424357765961e-14
 -2.1049999999999997e+01   9.9420290766993688e-11   1.0853884024462304e-14
 -2.1000000000000000e+01   9.9411877167698707e-11   1.0885004421942207e-14
 -2.0949999999999999e+01   9.9403337992606791e-11   1.0910586309749618e-14
 -2.0899999999999999e+01   9.9394671409040380e-11   1.0930428196085006e-14
 -2.0849999999999998e+01   9.9385875557460857e-11   1.0944326454747061e-14
 -2.0799999999999997e+01   9.9376948550959860e-11   1.0952075449770256e-14
 -2.0750000000000000e+01   9.9367888474736296e-11   1.0953467667999516e-14
 -2.0699999999999999e+01   9.9358693385559180e-11   1.0948293859836874e-14
 -2.0649999999999999e+01   9.9349361311215097e-11   1.0936343188400999e-14
 -2.0599999999999998e+01   9.9339890249937770e-11   1.0917403387344762e-14
 -2.0549999999999997e+01   9.9330278169818461e-11   1.0891260927575182e-14
 -2.0500000000000000e+01   9.9320523008199115e-11   1.0857701193123004e-14
 -2.0449999999999999e+01   9.9310622671048037e-11   1.0816508666418987e-14
 -2.0399999999999999e+01   9.9300575032317699e-11   1.0767467123230503e-14
 -2.0349999999999998e+01   9.9290377933289589e-11   1.0710359837505160e-14
 -2.0299999999999997e+01   9.9280029181899682e-11   1.0644969796403644e-14
 -2.0250000000000000e+01   9.9269526552040638e-11   1.0571079925760351e-14
 -2.0199999999999999e+01   9.9258867782840708e-11   1.0488473326252734e-14
 -2.0149999999999999e+01   9.9248050577922962e-11   1.0396933520531686e-14
 -2.0099999999999998e+01   9.9237072604645415e-11   1.0296244711591246e-14
 -2.0049999999999997e+01   9.9225931493315343e-11   1.0186192052650618e-14
 -2.0000000000000000e+01   9.9214624836381478e-11   1.0066561928801640e-14
 -1.9949999999999999e+01   9.9203150187602895e-11   9.9371422507161689e-15
 -1.9899999999999999e+01   9.9191505061191453e-11   9.7977227606765615e-15
 -1.9849999999999998e+01   9.9179686930929805e-11   9.6480953512042632e-15
 -1.9799999999999997e+01   9.9167693229268627e-11   9.4880543965613041e-15
 -1.9750000000000000e+01   9.9155521346398958e-11   9.3173970974098683e-15
 -1.9699999999999999e+01   9.9143168629294155e-11   9.1359238388996018e-15
 -1.9649999999999999e+01   9.9130632380720437e-11   8.9434385624649603e-15
 -1.9599999999999998e+01   9.9117909858221151e-11   8.7397491515979800e-15
 -1.9549999999999997e+01   9.9104998273073441e-11   8.5246678318920767e-15
 -1.9500000000000000e+01   9.9091894789213809e-11   8.2980115856198213e-15
 -1.9449999999999999e+01   9.9078596522133850e-11   8.0596025811220834e-15
 -1.9399999999999999e+01   9.9065100537743048e-11   7.8092686172938689e-15
 -1.9349999999999998e+01   9.9051403851201174e-11   7.5468435834209540e-15
 -1.9299999999999997e+01   9.9037503425716710e-11   7.2721679346622953e-15
 -1.9250000000000000e+01   9.9023396171311658e-11   6.9850891834266605e-15
 -1.9199999999999999e+01   9.9009078943552297e-11   6.6854624069250611e-15
 -1.9149999999999999e+01   9.8994548542244383e-11   6.3731507711586770e-15
 -1.9099999999999998e+01   9.8979801710090610e-11   6.0480260716082457e-15
 -1.9049999999999997e+01   9.8964835131310818e-11   5.7099692908764648e-15
 -1.9000000000000000e+01   9.8949645430225723e-11   5.3588711735450053e-15
 -1.8949999999999999e+01   9.8934229169802052e-11   4.9946328184957361e-15
 -1.8899999999999999e+01   9.8918582850157998e-11   4.6171662889434122e-15
 -1.8849999999999998e+01   9.8902702907028097e-11   4.2263952404202675e-15
 -1.8799999999999997e+01   9.8886585710185266e-11   3.8222555669540967e-15
 -1.8750000000000000e+01   9.8870227561821833e-11   3.4046960656569971e-15
 -1.8699999999999999e+01   9.8853624694885402e-11   2.9736791199762024e-15
 -1.8649999999999999e+01   9.8836773271371395e-11   2.5291814017913023e-15
 -1.8599999999999998e+01   9.8819669380570300e-11   2.0711945926044456e-15
 -1.8549999999999997e+01   9.8802309037267982e-11   1.5997261240022846e-15
 -1.8500000000000000e+01   9.8784688179902308e-11   1.1147999375902720e-15
 -1.8449999999999999e+01   9.8766802668672813e-11   6.1645726459760842e-16
 -1.8399999999999999e+01   9.8748648283596976e-11   1.0475742532701639e-16
 -1.8349999999999998e+01   9.8730220722514415e-11  -4.2022135138918307e-16
 -1.8299999999999997e+01   9.8711515599042096e-11  -9.5838108856393355e-16
 -1.8250000000000000e+01   9.8692528440479837e-11  -1.5096032011100398e-15
 -1.8199999999999999e+01   9.8673254685663618e-11  -2.0737476154385489e-15
 -1.8149999999999999e+01   9.8653689682765922e-11  -2.6506518684801082e-15
 -1.8099999999999998e+01   9.8633828687039698e-11  -3.2401301860055326e-15
 -1.8049999999999997e+01   9.8613666858504384e-11  -3.8419725401600977e-15
 -1.8000000000000000e+01   9.8593199259577106e-11  -4.4559436861244791e-15
 -1.7949999999999999e+01   9.8572420852647671e-11  -5.0817821778215085e-15
 -1.7899999999999999e+01   9.8551326497594557e-11  -5.7191993626185769e-15
 -1.7849999999999998e+01   9.8529910949240464e-11  -6.3678783549851347e-15
 -1.7799999999999997e+01   9.8508168854744914e-11  -7.0274729890791832e-15
 -1.7750000000000000e+01   9.8486094750936410e-11  -7.6976067502699417e-15
 -1.7699999999999999e+01   9.8463683061583366e-11  -8.3778716855862391e-15
 -1.7649999999999999e+01   9.8440928094603410e-11  -9.0678272931413524e-15
 -1.7600000000000001e+01   9.8417824039208069e-11  -9.7669993905659269e-15
 -1.7549999999999997e+01   9.8394364962978693e-11  -1.0474878962530237e-14
 -1.7500000000000000e+01   9.8370544808877040e-11  -1.1190920987458968e-14
 -1.7449999999999999e+01   9.8346357392190316e-11  -1.1914543243531105e-14
 -1.7399999999999999e+01   9.8321796397407273e-11  -1.2645125094104333e-14
 -1.7350000000000001e+01   9.8296855375026112e-11  -1.3382006252741194e-14
 -1.7299999999999997e+01   9.8271527738291522e-11  -1.4124485527997367e-14
 -1.7250000000000000e+01   9.8245806759861416e-11  -1.4871819548213485e-14
 -1.7199999999999999e+01   9.8219685568402990e-11  -1.5623221466522250e-14
 -1.7149999999999999e+01   9.8193157145114549e-11  -1.6377859646336546e-14
 -1.7100000000000001e+01   9.8166214320174028e-11  -1.7134856327624027e-14
 -1.7049999999999997e+01   9.8138849769114677e-11  -1.7893286274284152e-14
 -1.7000000000000000e+01   9.8111056009127524e-11  -1.8652175402987392e-14
 -1.6949999999999999e+01   9.8082825395287805e-11  -1.9410499393846094e-14
 -1.6899999999999999e+01   9.8054150116703092e-11  -2.0167182283337440e-14
 -1.6850000000000001e+01   9.8025022192585475e-11  -2.0921095039939636e-14
 -1.6799999999999997e+01   9.7995433468245236e-11  -2.1671054122947734e-14
 -1.6750000000000000e+01   9.7965375611006741e-11  -2.2415820025015630e-14
 -1.6699999999999999e+01   9.7934840106046733e-11  -2.3154095798958557e-14
 -1.6649999999999999e+01   9.7903818252153291e-11  -2.3884525569406669e-14
 -1.6600000000000001e+01   9.7872301157404636e-11  -2.4605693029956770e-14
 -1.6549999999999997e+01   9.7840279734767033e-11  -2.5316119926492929e-14
 -1.6500000000000000e+01   9.7807744697611351e-11  -2.6014264527396761e-14
 -1.6449999999999999e+01   9.7774686555150034e-11  -2.6698520081402516e-14
 -1.6399999999999999e+01   9.7741095607792186e-11  -2.7367213263875261e-14
 -1.6350000000000001e+01   9.7706961942415765e-11  -2.8018602612381294e-14
 -1.6299999999999997e+01   9.7672275427558219e-11  -2.8650876952448256e-14
 -1.6250000000000000e+01   9.7637025708524572e-11  -2.9262153814446590e-14
 -1.6199999999999999e+01   9.7601202202413371e-11  -2.9850477842583932e-14
 -1.6149999999999999e+01   9.7564794093060984e-11  -3.0413819197035549e-14
 -1.6100000000000001e+01   9.7527790325903244e-11  -3.0950071950311844e-14
 -1.6049999999999997e+01   9.7490179602752383e-11  -3.1457052479007569e-14
 -1.6000000000000000e+01   9.7451950376493387e-11  -3.1932497852162412e-14
 -1.5949999999999999e+01   9.7413090845698966e-11  -3.2374064217428953e-14
 -1.5899999999999999e+01   9.7373588949161098e-11  -3.2779325186377636e-14
 -1.5850000000000000e+01   9.7333432360341322e-11  -3.3145770220314999e-14
 -1.5799999999999999e+01   9.7292608481738667e-11  -3.3470803018036657e-14
 -1.5750000000000000e+01   9.7251104439178316e-11  -3.3751739907043853e-14
 -1.5699999999999999e+01   9.7208907076019748e-11  -3.3985808239713517e-14
 -1.5649999999999999e+01   9.7166002947284696e-11  -3.4170144796060296e-14
 -1.5600000000000000e+01   9.7122378313706889e-11  -3.4301794194768522e-14
 -1.5549999999999999e+01   9.7078019135703816e-11  -3.4377707314266039e-14
 -1.5500000000000000e+01   9.7032911067272060e-11  -3.4394739725664833e-14
 -1.5449999999999999e+01   9.6987039449805381e-11  -3.4349650139421945e-14
 -1.5399999999999999e+01   9.6940389305836747e-11  -3.4239098867676080e-14
 -1.5350000000000000e+01   9.6892945332708484e-11  -3.4059646304313024e-14
 -1.5299999999999999e+01   9.6844691896170486e-11  -3.3807751424875092e-14
 -1.5250000000000000e+01   9.6795613023907289e-11  -3.3479770308523724e-14
 -1.5199999999999999e+01   9.6745692398994766e-11  -3.3071954684274673e-14
 -1.5149999999999999e+01   9.6694913353290433e-11  -3.2580450503844816e-14
 -1.5100000000000000e+01   9.6643258860757743e-11  -3.2001296543534721e-14
 -1.5049999999999999e+01   9.6590711530725908e-11  -3.1330423037709846e-14
 -1.5000000000000000e+01   9.6537253601088442e-11  -3.0563650346471638e-14
 -1.4949999999999999e+01   9.6482866931443096e-11  -2.9696687660159055e-14
 -1.4899999999999999e+01   9.6427532996174226e-11  -2.8725131743420138e-14
 -1.4850000000000000e+01   9.6371232877480664e-11  -2.7644465721750432e-14
 -1.4799999999999999e+01   9.6313947258351911e-11  -2.6450057913482027e-14
 -1.4750000000000000e+01   9.6255656415495263e-11  -2.5137160710287624e-14
 -1.4699999999999999e+01   9.6196340212217369e-11  -2.3700909509282479e-14
 -1.4649999999999999e+01   9.6135978091262199e-11  -2.2136321699927712e-14
 -1.4600000000000000e+01   9.6074549067610079e-11  -2.0438295709116758e-14
 -1.4549999999999999e+01   9.6012031721240673e-11  -1.8601610107930622e-14
 -1.4500000000000000e+01   9.5948404189864613e-11  -1.6620922783629076e-14
 -1.4449999999999999e+01   9.5883644161625721e-11  -1.4490770180440304e-14
 -1.4400000000000000e+01   9.5817728867779095e-11  -1.2205566612876845e-14
 -1.4350000000000000e+01   9.5750635075350483e-11  -9.7596036554843042e-15
 -1.4299999999999999e+01   9.5682339079779269e-11  -7.1470496130501111e-15
 -1.4250000000000000e+01   9.5612816697549640e-11  -4.3619490754088847e-15
 -1.4199999999999999e+01   9.5542043258817082e-11  -1.3982225609407052e-15
 -1.4150000000000000e+01   9.5469993600034345e-11   1.7503337469784550e-15
 -1.4100000000000000e+01   9.5396642056580875e-11   5.0900481660779566e-15
 -1.4049999999999999e+01   9.5321962455402937e-11   8.6273735791717447e-15
 -1.4000000000000000e+01   9.5245928107669547e-11   1.2368887391335273e-14
 -1.3949999999999999e+01   9.5168511801450610e-11   1.6321291375567909e-14
 -1.3900000000000000e+01   9.5089685794422694e-11   2.0491411402094859e-14
 -1.3850000000000000e+01   9.5009421806609521e-11   2.4886197046160832e-14
 -1.3799999999999999e+01   9.4927691013164341e-11   2.9512721068992085e-14
 -1.3750000000000000e+01   9.4844464037200520e-11   3.4378178766574235e-14
 -1.3699999999999999e+01   9.4759710942678231e-11   3.9489887180913175e-14
 -1.3650000000000000e+01   9.4673401227354197e-11   4.4855284168292337e-14
 -1.3600000000000000e+01   9.4585503815803081e-11   5.0481927318665888e-14
 -1.3549999999999999e+01   9.4495987052518266e-11   5.6377492720148122e-14
 -1.3500000000000000e+01   9.4404818695101034e-11   6.2549773562503724e-14
 -1.3449999999999999e+01   9.4311965907546119e-11   6.9006678573671293e-14
 -1.3400000000000000e+01   9.4217395253632369e-11   7.5756230283095630e-14
 -1.3350000000000000e+01   9.4121072690428276e-11   8.2806563105282799e-14
 -1.3299999999999999e+01   9.4022963561923526e-11   9.0165921236677461e-14
 -1.3250000000000000e+01   9.3923032592795512e-11   9.7842656359057454e-14
 -1.3199999999999999e+01   9.3821243882320426e-11   1.0584522514269598e-13
 -1.3150000000000000e+01   9.3717560898440103e-11   1.1418218654234250e-13
 -1.3100000000000000e+01   9.3611946471995461e-11   1.2286219887860234e-13
 -1.3049999999999999e+01   9.3504362791138581e-11   1.3189401669691238e-13
 -1.3000000000000000e+01   9.3394771395935617e-11   1.4128648739646117e-13
 -1.2949999999999999e+01   9.3283133173171533e-11   1.5104854762153027e-13
 -1.2900000000000000e+01   9.3169408351369090e-11   1.6118921940751200e-13
 -1.2850000000000000e+01   9.3053556496035659e-11   1.7171760607323400e-13
 -1.2799999999999999e+01   9.2935536505150850e-11   1.8264288785084395e-13
 -1.2750000000000000e+01   9.2815306604909324e-11   1.9397431724463198e-13
 -1.2699999999999999e+01   9.2692824345732060e-11   2.0572121411046913e-13
 -1.2650000000000000e+01   9.2568046598560370e-11   2.1789296044722743e-13
 -1.2600000000000000e+01   9.2440929551448143e-11   2.3049899489081611e-13
 -1.2549999999999999e+01   9.2311428706468271e-11   2.4354880690096698e-13
 -1.2500000000000000e+01   9.2179498876948625e-11   2.5705193063115496e-13
 -1.2449999999999999e+01   9.2045094185052807e-11   2.7101793847241100e-13
 -1.2400000000000000e+01   9.1908168059722568e-11   2.8545643426148131e-13
 -1.2350000000000000e+01   9.1768673235000732e-11   3.0037704614281504e-13
 -1.2299999999999999e+01   9.1626561748751660e-11   3.1578941907332203e-13
 -1.2250000000000000e+01   9.1481784941797084e-11   3.3170320695911449e-13
 -1.2199999999999999e+01   9.1334293457485808e-11   3.4812806441405797e-13
 -1.2150000000000000e+01   9.1184037241715991e-11   3.6507363812955433e-13
 -1.2100000000000000e+01   9.1030965543430420e-11   3.8254955784381287e-13
 -1.2049999999999999e+01   9.0875026915605404e-11   4.0056542689811052e-13
 -1.2000000000000000e+01   9.0716169216753726e-11   4.1913081236803507e-13
 -1.1949999999999999e+01   9.0554339612963495e-11   4.3825523475846609e-13
 -1.1900000000000000e+01   9.0389484580493094e-11   4.5794815725064431e-13
 -1.1850000000000000e+01   9.0221549908945279e-11   4.7821897448815066e-13
 -1.1799999999999999e+01   9.0050480705044482e-11   4.9907700088769345e-13
 -1.1750000000000000e+01   8.9876221397041537e-11   5.2053145846128828e-13
 -1.1699999999999999e+01   8.9698715739769205e-11   5.4259146413743891e-13
 -1.1650000000000000e+01   8.9517906820371958e-11   5.6526601656847935e-13
 -1.1600000000000000e+01   8.9333737064736753e-11   5.8856398240926893e-13
 -1.1549999999999999e+01   8.9146148244652066e-11   6.1249408205129465e-13
 -1.1500000000000000e+01   8.8955081485722607e-11   6.3706487479711952e-13
 -1.1449999999999999e+01   8.8760477276066369e-11   6.6228474346156125e-13
 -1.1400000000000000e+01   8.8562275475820348e-11   6.8816187838542188e-13
 -1.1350000000000000e+01   8.8360415327485282e-11   7.1470426084509353e-13
 -1.1299999999999999e+01   8.8154835467141288e-11   7.4191964583991062e-13
 -1.1250000000000000e+01   8.7945473936565640e-11   7.6981554424029303e-13
 -1.1199999999999999e+01   8.7732268196282057e-11   7.9839920428170026e-13
 -1.1150000000000000e+01   8.7515155139572472e-11   8.2767759238870496e-13
 -1.1100000000000000e+01   8.7294071107484993e-11   8.5765737331037081e-13
 -1.1049999999999999e+01   8.7068951904875243e-11   8.8834488954613588e-13
 -1.1000000000000000e+01   8.6839732817515984e-11   9.1974614004308418e-13
 -1.0949999999999999e+01   8.6606348630309905e-11   9.5186675814801762e-13
 -1.0900000000000000e+01   8.6368733646639209e-11   9.8471198879701687e-13
 -1.0850000000000000e+01   8.6126821708892077e-11   1.0182866649210306e-12
 -1.0799999999999999e+01   8.5880546220207961e-11   1.0525951830435709e-12
 -1.0750000000000000e+01   8.5629840167482403e-11   1.0876414780487164e-12
 -1.0699999999999999e+01   8.5374636145670201e-11   1.1234289971010949e-12
 -1.0650000000000000e+01   8.5114866383426656e-11   1.1599606726985816e-12
 -1.0600000000000000e+01   8.4850462770132361e-11   1.1972388948331644e-12
 -1.0549999999999999e+01   8.4581356884350633e-11   1.2352654822321318e-12
 -1.0500000000000000e+01   8.4307480023765103e-11   1.2740416526546205e-12
 -1.0449999999999999e+01   8.4028763236641558e-11   1.3135679922231099e-12
 -1.0400000000000000e+01   8.3745137354859642e-11   1.3538444237683741e-12
 -1.0350000000000000e+01   8.3456533028567597e-11   1.3948701741595328e-12
 -1.0299999999999999e+01   8.3162880762518026e-11   1.4366437405865549e-12
 -1.0250000000000000e+01   8.2864110954141055e-11   1.4791628557662774e-12
 -1.0199999999999999e+01   8.2560153933405132e-11   1.5224244520491391e-12
 -1.0150000000000000e+01   8.2250940004517944e-11   1.5664246244024785e-12
 -1.0100000000000000e+01   8.1936399489530345e-11   1.6111585922373439e-12
 -1.0050000000000001e+01   8.1616462773913397e-11   1.6566206600401123e-12
 -1.0000000000000000e+01   8.1291060354174571e-11   1.7028041767751065e-12
 -9.9499999999999993e+00   8.0960122887572840e-11   1.7497014940324603e-12
 -9.9000000000000004e+00   8.0623581243994584e-11   1.7973039228939336e-12
 -9.8499999999999996e+00   8.0281366560065077e-11   1.8456016894777718e-12
 -9.8000000000000007e+00   7.9933410295579337e-11   1.8945838891162354e-12
 -9.7500000000000000e+00   7.9579644292332607e-11   1.9442384391257998e-12
 -9.6999999999999993e+00   7.9220000835421166e-11   1.9945520301407423e-12
 -9.6500000000000004e+00   7.8854412717087893e-11   2.0455100759789532e-12
 -9.5999999999999996e+00   7.8482813303203479e-11   2.0970966619936800e-12
 -9.5500000000000007e+00   7.8105136602486937e-11   2.1492944918550471e-12
 -9.5000000000000000e+00   7.7721317338562009e-11   2.2020848327134865e-12
 -9.4499999999999993e+00   7.7331291024935820e-11   2.2554474587113631e-12
 -9.4000000000000004e+00   7.6934994042989468e-11   2.3093605928069146e-12
 -9.3499999999999996e+00   7.6532363723093071e-11   2.3638008468548143e-12
 -9.3000000000000007e+00   7.6123338428973054e-11   2.4187431598745995e-12
 -9.2500000000000000e+00   7.5707857645453116e-11   2.4741607344489625e-12
 -9.1999999999999993e+00   7.5285862069673780e-11   2.5300249712126758e-12
 -9.1500000000000004e+00   7.4857293705902747e-11   2.5863054013903196e-12
 -9.1000000000000014e+00   7.4422095964075851e-11   2.6429696173151033e-12
 -9.0500000000000007e+00   7.3980213762229563e-11   2.6999832008436978e-12
 -9.0000000000000000e+00   7.3531593632977603e-11   2.7573096495959230e-12
 -8.9499999999999993e+00   7.3076183834163472e-11   2.8149103009730289e-12
 -8.8999999999999986e+00   7.2613934463828970e-11   2.8727442539052273e-12
 -8.8500000000000014e+00   7.2144797579675720e-11   2.9307682882452662e-12
 -8.8000000000000007e+00   7.1668727323225056e-11   2.9889367817016587e-12
 -8.7500000000000000e+00   7.1185680048869756e-11   3.0472016242232563e-12
 -8.6999999999999993e+00   7.0695614457985904e-11   3.1055121297797951e-12
 -8.6499999999999986e+00   7.0198491738282002e-11   3.1638149454795097e-12
 -8.6000000000000014e+00   6.9694275708611600e-11   3.2220539579204360e-12
 -8.5500000000000007e+00   6.9182932969513555e-11   3.2801701966411284e-12
 -8.5000000000000000e+00   6.8664433059729140e-11   3.3381017345598926e-12
 -8.4499999999999993e+00   6.8138748618911447e-11   3.3957835853352828e-12
 -8.3999999999999986e+00   6.7605855556754220e-11   3.4531475975765736e-12
 -8.3500000000000014e+00   6.7065733228831173e-11   3.5101223457745031e-12
 -8.3000000000000007e+00   6.6518364619487496e-11   3.5666330177812746e-12
 -8.2500000000000000e+00   6.5963736532107047e-11   3.6226012986990075e-12
 -8.1999999999999993e+00   6.5401839787032920e-11   3.6779452510936824e-12
 -8.1499999999999986e+00   6.4832669427434098e-11   3.7325791914471283e-12
 -8.1000000000000014e+00   6.4256224933495162e-11   3.7864135626827821e-12
 -8.0500000000000007e+00   6.3672510445372976e-11   3.8393548025455180e-12
 -8.0000000000000000e+00   6.3081534995340431e-11   3.8913052076549527e-12
 -7.9499999999999993e+00   6.2483312749477656e-11   3.9421627931282676e-12
 -7.8999999999999986e+00   6.1877863259288240e-11   3.9918211476638078e-12
 -7.8500000000000014e+00   6.1265211723729521e-11   4.0401692838754231e-12
 -7.8000000000000007e+00   6.0645389262233418e-11   4.0870914835932096e-12
 -7.7500000000000000e+00   6.0018433199264653e-11   4.1324671378966380e-12
 -7.6999999999999993e+00   5.9384387360883067e-11   4.1761705817478057e-12
 -7.6499999999999986e+00   5.8743302383796736e-11   4.2180709230876785e-12
 -7.6000000000000014e+00   5.8095236037538407e-11   4.2580318661245334e-12
 -7.5500000000000007e+00   5.7440253560513307e-11   4.2959115284437525e-12
 -7.5000000000000000e+00   5.6778428010627507e-11   4.3315622516330143e-12
 -7.4499999999999993e+00   5.6109840631097751e-11   4.3648304052520483e-12
 -7.3999999999999986e+00   5.5434581232066843e-11   4.3955561839715558e-12
 -7.3500000000000014e+00   5.4752748588837755e-11   4.4235733975292647e-12
 -7.3000000000000007e+00   5.4064450857692703e-11   4.4487092530161520e-12
 -7.2500000000000000e+00   5.3369806010210049e-11   4.4707841290893067e-12
 -7.1999999999999993e+00   5.2668942286845758e-11   4.4896113418875302e-12
 -7.1499999999999986e+00   5.1961998670570511e-11   4.5049969024222188e-12
 -7.1000000000000014e+00   5.1249125381598059e-11   4.5167392649823363e-12
 -7.0500000000000007e+00   5.0530484394440707e-11   4.5246290659097562e-12
 -7.0000000000000000e+00   4.9806249978455319e-11   4.5284488522084073e-12
 -6.9499999999999993e+00   4.9076609262842728e-11   4.5279727996897004e-12
 -6.8999999999999986e+00   4.8341762827085377e-11   4.5229664203554027e-12
 -6.8500000000000014e+00   4.7601925318122285e-11   4.5131862584091100e-12
 -6.8000000000000007e+00   4.6857326095821237e-11   4.4983795740401383e-12
 -6.7500000000000000e+00   4.6108209908206769e-11   4.4782840142609824e-12
 -6.6999999999999993e+00   4.5354837597624406e-11   4.4526272703978904e-12
 -6.6499999999999986e+00   4.4597486839033642e-11   4.4211267218370539e-12
 -6.6000000000000014e+00   4.3836452912024193e-11   4.3834890652170680e-12
 -6.5500000000000007e+00   4.3072049508485397e-11   4.3394099279222473e-12
 -6.5000000000000000e+00   4.2304609577712766e-11   4.2885734649070784e-12
 -6.4499999999999993e+00   4.1534486210347328e-11   4.2306519383068919e-12
 -6.3999999999999986e+00   4.0762053562531167e-11   4.1653052793001972e-12
 -6.3500000000000014e+00   3.9987707822170467e-11   4.0921806311400518e-12
 -6.3000000000000007e+00   3.9211868219623676e-11   4.0109118718143108e-12
 -6.2500000000000000e+00   3.8434978084918066e-11   3.9211191150188866e-12
 -6.1999999999999993e+00   3.7657505953048127e-11   3.8224081886960141e-12
 -6.1499999999999986e+00   3.6879946718847256e-11   3.7143700904126101e-12
 -6.1000000000000014e+00   3.6102822843556550e-11   3.5965804181233918e-12
 -6.0500000000000007e+00   3.5326685615746839e-11   3.4685987742394233e-12
 -6.0000000000000000e+00   3.4552116468928295e-11   3.3299681412086998e-12
 -5.9499999999999993e+00   3.3779728357391840e-11   3.1802142275767935e-12
 -5.8999999999999986e+00   3.3010167191671238e-11   3.0188447835401495e-12
 -5.8500000000000014e+00   3.2244113335784256e-11   2.8453488840305654e-12
 -5.8000000000000007e+00   3.1482283169059849e-11   2.6591961765172520e-12
 -5.7500000000000000e+00   3.0725430714862286e-11   2.4598360910780868e-12
 -5.6999999999999993e+00   2.9974349337374470e-11   2.2466970113167880e-12
 -5.6499999999999986e+00   2.9229873507274543e-11   2.0191854047842961e-12
 -5.6000000000000014e+00   2.8492880638045431e-11   1.7766849102642880e-12
 -5.5500000000000007e+00   2.7764292995415784e-11   1.5185553781195258e-12
 -5.5000000000000000e+00   2.7045079681649931e-11   1.2441318603653509e-12
 -5.4499999999999993e+00   2.6336258694710253e-11   9.5272354852558533e-13
 -5.3999999999999986e+00   2.5638899061675691e-11   6.4361265747351962e-13
 -5.3500000000000014e+00   2.4954123046807783e-11   3.1605325173466591e-13
 -5.3000000000000007e+00   2.4283108435480675e-11  -3.0729990854729353e-14
 -5.2500000000000000e+00   2.3627090893939407e-11  -3.9754308262542284e-13
 -5.1999999999999993e+00   2.2987366402309228e-11  -7.8522409927967008e-13
 -5.1499999999999986e+00   2.2365293757086219e-11  -1.1946446251436601e-12
 -5.1000000000000014e+00   2.1762297140341649e-11  -1.6267112750668421e-12
 -5.0500000000000007e+00   2.1179868753642918e-11  -2.0823672997027697e-12
 -5.0000000000000000e+00   2.0619571512644419e-11  -2.5625942800742849e-12
 -4.9499999999999993e+00   2.0083041794419877e-11  -3.0684139146792187e-12
 -4.8999999999999986e+00   1.9571992227433354e-11  -3.6008899018857702e-12
 -4.8500000000000014e+00   1.9088214514787025e-11  -4.1611299233251616e-12
 -4.8000000000000007e+00   1.8633582281816345e-11  -4.7502877368191995e-12
 -4.7500000000000000e+00   1.8210053935680477e-11  -5.3695653861789068e-12
 -4.6999999999999993e+00   1.7819675518542597e-11  -6.0202155314278257e-12
 -4.6499999999999986e+00   1.7464583532008797e-11  -6.7035439020086100e-12
 -4.6000000000000014e+00   1.7147007710419133e-11  -7.4209118792465199e-12
 -4.5500000000000007e+00   1.6869273720067896e-11  -8.1737392179527946e-12
 -4.5000000000000000e+00   1.6633805755592565e-11  -8.9635069151376741e-12
 -4.4499999999999993e+00   1.6443128995111579e-11  -9.7917602281718338e-12
 -4.3999999999999986e+00   1.6299871868613483e-11  -1.0660111842690174e-11
 -4.3500000000000014e+00   1.6206768092059835e-11  -1.1570245194860775e-11
 -4.3000000000000007e+00   1.6166658416933997e-11  -1.2523917956869488e-11
 -4.2500000000000000e+00   1.6182492034805259e-11  -1.3522965691037532e-11
 -4.1999999999999993e+00   1.6257327560684318e-11  -1.4569305669101335e-11
 -4.1499999999999986e+00   1.6394333506147925e-11  -1.5664940848793785e-11
 -4.1000000000000014e+00   1.6596788146907855e-11  -1.6811964004010563e-11
 -4.0500000000000007e+00   1.6868078682026559e-11  -1.8012562008776651e-11
 -4.0000000000000000e+00   1.7211699563984766e-11  -1.9269020268327085e-11
 -3.9499999999999993e+00   1.7631249852394954e-11  -2.0583727275495858e-11
 -3.8999999999999986e+00   1.8130429420967816e-11  -2.1959179260840568e-11
 -3.8500000000000014e+00   1.8713033832370456e-11  -2.3397984906342237e-11
 -3.8000000000000007e+00   1.9382947678587865e-11  -2.4902870093214067e-11
 -3.7500000000000000e+00   2.0144136152302175e-11  -2.6476682639286907e-11
 -3.6999999999999993e+00   2.1000634570042358e-11  -2.8122396953546590e-11
 -3.6500000000000021e+00   2.1956535526194488e-11  -2.9843118513172901e-11
 -3.6000000000000014e+00   2.3015973325587327e-11  -3.1642088060228950e-11
 -3.5500000000000007e+00   2.4183105307550059e-11  -3.3522685404655861e-11
 -3.5000000000000000e+00   2.5462089618031787e-11  -3.5488432685933265e-11
 -3.4499999999999993e+00   2.6857058911350282e-11  -3.7542996890648008e-11
 -3.4000000000000021e+00   2.8372089391015893e-11  -3.9690191372438447e-11
 -3.3500000000000014e+00   3.0011164540522575e-11  -4.1933976086291034e-11
 -3.3000000000000007e+00   3.1778132832060280e-11  -4.4278456208401391e-11
 -3.2500000000000000e+00   3.3676658609256181e-11  -4.6727878734828120e-11
 -3.1999999999999993e+00   3.5710165223135366e-11  -4.9286626539507076e-11
 -3.1500000000000021e+00   3.7881769389237136e-11  -5.1959209259278810e-11
 -3.1000000000000014e+00   4.0194205645365890e-11  -5.4750250277744968e-11
 -3.0500000000000007e+00   4.2649739702104823e-11  -5.7664468970100800e-11
 -3.0000000000000000e+00   4.5250069360869627e-11  -6.0706657203557108e-11
 -2.9499999999999993e+00   4.7996211535215815e-11  -6.3881648864900977e-11
 -2.9000000000000021e+00   5.0888373797840538e-11  -6.7194280957021090e-11
 -2.8500000000000014e+00   5.3925808819982111e-11  -7.0649344597495077e-11
 -2.8000000000000007e+00   5.7106650051857415e-11  -7.4251524025579891e-11
 -2.7500000000000000e+00   6.0427726980428045e-11  -7.8005321421163304e-11
 -2.6999999999999993e+00   6.3884358318531381e-11  -8.1914964968758133e-11
 -2.6500000000000021e+00   6.7470121610229620e-11  -8.5984297240265416e-11
 -2.6000000000000014e+00   7.1176598047806484e-11  -9.0216640677805389e-11
 -2.5500000000000007e+00   7.4993091785435856e-11  -9.4614636699499622e-11
 -2.5000000000000000e+00   7.8906323687545771e-11  -9.9180054670871658e-11
 -2.4499999999999993e+00   8.2900100330410729e-11  -1.0391356672713018e-10
 -2.4000000000000021e+00   8.6954960331252556e-11  -1.0881448435346689e-10
 -2.3500000000000014e+00   9.1047801835603149e-11  -1.1388045287016321e-10
 -2.3000000000000007e+00   9.5151497276293441e-11  -1.1910710055119604e-10
 -2.2500000000000000e+00   9.9234504314393830e-11  -1.2448764002818544e-10
 -2.1999999999999993e+00   1.0326048525481118e-10  -1.3001242104232962e-10
 -2.1500000000000021e+00   1.0718795134287220e-10  -1.3566843581264577e-10
 -2.1000000000000014e+00   1.1096995324755034e-10  -1.4143878156161086e-10
 -2.0500000000000007e+00   1.1455384455085187e-10  -1.4730208915565932e-10
 -2.0000000000000000e+00   1.1788115085155754e-10  -1.5323193235079437e-10
 -1.9499999999999993e+00   1.2088758278448170e-10  -1.5919623885710526e-10
 -1.9000000000000021e+00   1.2350323641999058e-10  -1.6515673249600332e-10
 -1.8500000000000014e+00   1.2565302841287080e-10  -1.7106844500065930e-10
 -1.8000000000000007e+00   1.2725741473364923e-10  -1.7687934583015832e-10
 -1.7500000000000000e+00   1.2823343936666839e-10  -1.8253014759398641e-10
 -1.6999999999999993e+00   1.2849615157183394e-10  -1.8795435200540282e-10
 -1.6500000000000021e+00   1.2796041598962620e-10  -1.9307860524685164e-10
 -1.6000000000000014e+00   1.2654311807169075e-10  -1.9782343035237465e-10
 -1.5500000000000007e+00   1.2416573752207224e-10  -2.0210439530866163e-10
 -1.5000000000000000e+00   1.2075722516186430e-10  -2.0583375679162950e-10
 -1.4499999999999993e+00   1.1625707617253011e-10  -2.0892258966293837e-10
 -1.4000000000000021e+00   1.1061844931238120e-10  -2.1128337218539785e-10
 -1.3500000000000014e+00   1.0381114326685258e-10  -2.1283294880647390e-10
 -1.3000000000000007e+00   9.5824214422800821e-11  -2.1349574050094855e-10
 -1.2500000000000000e+00   8.6668011734866563e-11  -2.1320702328305120e-10
 -1.1999999999999993e+00   7.6375419663168569e-11  -2.1191605676002009e-10
 -1.1500000000000021e+00   6.5002142435838212e-11  -2.0958882521473408e-10
 -1.1000000000000014e+00   5.2625930716780047e-11  -2.0621016041383543e-10
 -1.0500000000000007e+00   3.9344738524638061e-11  -2.0178505069791886e-10
 -1.0000000000000000e+00   2.5273893077671250e-11  -1.9633900257052957e-10
 -9.4999999999999929e-01   1.0542450149548034e-11  -1.8991740218558323e-10
 -9.0000000000000213e-01  -4.7110201756314336e-12  -1.8258391445715310e-10
 -8.5000000000000142e-01  -2.0342928014196508e-11  -1.7441804420211966e-10
 -8.0000000000000071e-01  -3.6209138284387134e-11  -1.6551205395905527e-10
 -7.5000000000000000e-01  -5.2169147952088340e-11  -1.5596747733925049e-10
 -6.9999999999999929e-01  -6.8089738613635729e-11  -1.4589148105080987e-10
 -6.5000000000000213e-01  -8.3847945115439074e-11  -1.3539331486874437e-10
 -6.0000000000000142e-01  -9.9333254866385444e-11  -1.2458105239188218e-10
 -5.5000000000000071e-01  -1.1444902429560161e-10  -1.1355877402065852e-10
 -5.0000000000000000e-01  -1.2911315724972680e-10  -1.0242428563377338e-10
 -4.4999999999999929e-01  -1.4325813758744662e-10  -9.1267410393843828e-11
 -4.0000000000000213e-01  -1.5683052847544836e-10  -8.0168843331879871e-11
 -3.5000000000000142e-01  -1.6979007352762480e-10  -6.9199522686595102e-11
 -3.0000000000000071e-01  -1.8210850923412956e-10  -5.8420447950828666e-11
 -2.5000000000000000e-01  -1.9376822955885542e-10  -4.7882862641708067e-11
 -1.9999999999999929e-01  -2.0476084742639096e-10  -3.7628715406378537e-11
 -1.5000000000000213e-01  -2.1508582140032713e-10  -2.7691319816988586e-11
 -1.0000000000000142e-01  -2.2474903983748847e-10  -1.8096136981188931e-11
 -5.0000000000000711e-02  -2.3376169846393315e-10  -8.8616155272805081e-12
  0.0000000000000000e+00  -2.4213902006646834e-10   0.0000000000000000e+00
