# Columns: x, u, lamda
# time_step 200
# time   2.0000000000000000e+00
 -2.5149999999999999e+01   1.0028618104511877e-10   1.6337853024806833e-11
 -2.5099999999999998e+01   1.0028618104511877e-10   1.6337853024806833e-11
 -2.5049999999999997e+01   1.0028618104511877e-10   1.6337853024806833e-11
 -2.5000000000000000e+01   1.0028618104511877e-10   1.6337853024806833e-11
 -2.4949999999999999e+01   1.0028945319333619e-10   1.6335499717974081e-11
 -2.4899999999999999e+01   1.0029255388729150e-10   1.6334228666832224e-11
 -2.4849999999999998e+01   1.0029683967614756e-10   1.6332259340168978e-11
 -2.4799999999999997e+01   1.0030086638498950e-10   1.6330635170543712e-11
 -2.4750000000000000e+01   1.0030514464305758e-10   1.6328756608068187e-11
 -2.4699999999999999e+01   1.0030940819405845e-10   1.6326968358732549e-11
 -2.4649999999999999e+01   1.0031393195833153e-10   1.6325071365974515e-11
 -2.4599999999999998e+01   1.0031854559089715e-10   1.6323179549774768e-11
 -2.4549999999999997e+01   1.0032314908149894e-10   1.6321226756317547e-11
 -2.4500000000000000e+01   1.0032753183961326e-10   1.6319251609032001e-11
 -2.4449999999999999e+01   1.0033163745493966e-10   1.6317237961830413e-11
 -2.4399999999999999e+01   1.0033548914356402e-10   1.6315209254497921e-11
 -2.4349999999999998e+01   1.0033924192673674e-10   1.6313152914129166e-11
 -2.4299999999999997e+01   1.0034302708890313e-10   1.6311075933006762e-11
 -2.4250000000000000e+01   1.0034690879668465e-10   1.6308973865470666e-11
 -2.4199999999999999e+01   1.0035087120087410e-10   1.6306848863503777e-11
 -2.4149999999999999e+01   1.0035488154635127e-10   1.6304699258259119e-11
 -2.4099999999999998e+01   1.0035892323134217e-10   1.6302525585281848e-11
 -2.4049999999999997e+01   1.0036300197262683e-10   1.6300327100598646e-11
 -2.4000000000000000e+01   1.0036712757466832e-10   1.6298103795152249e-11
 -2.3949999999999999e+01   1.0037130414844180e-10   1.6295855229957644e-11
 -2.3899999999999999e+01   1.0037553016286151e-10   1.6293581209578847e-11
 -2.3849999999999998e+01   1.0037980389683972e-10   1.6291281392658684e-11
 -2.3799999999999997e+01   1.0038412553574733e-10   1.6288955517056494e-11
 -2.3750000000000000e+01   1.0038849639723627e-10   1.6286603269613788e-11
 -2.3699999999999999e+01   1.0039291749502395e-10   1.6284224361396547e-11
 -2.3649999999999999e+01   1.0039738932645623e-10   1.6281818484130369e-11
 -2.3599999999999998e+01   1.0040191226672234e-10   1.6279385335329121e-11
 -2.3549999999999997e+01   1.0040648685844056e-10   1.6276924603704680e-11
 -2.3500000000000000e+01   1.0041111375378920e-10   1.6274435977540939e-11
 -2.3449999999999999e+01   1.0041579359659393e-10   1.6271919139789683e-11
 -2.3399999999999999e+01   1.0042052699168354e-10   1.6269373770842154e-11
 -2.3349999999999998e+01   1.0042531454179453e-10   1.6266799546863236e-11
 -2.3299999999999997e+01   1.0043015686927734e-10   1.6264196140689679e-11
 -2.3250000000000000e+01   1.0043505461180990e-10   1.6261563221245547e-11
 -2.3199999999999999e+01   1.0044000841251993e-10   1.6258900453813685e-11
 -2.3149999999999999e+01   1.0044501891888342e-10   1.6256207499812374e-11
 -2.3099999999999998e+01   1.0045008678561970e-10   1.6253484016856342e-11
 -2.3049999999999997e+01   1.0045521267619240e-10   1.6250729658653390e-11
 -2.3000000000000000e+01   1.0046039726228483e-10   1.6247944074994816e-11
 -2.2949999999999999e+01   1.0046564122330281e-10   1.6245126911691193e-11
 -2.2899999999999999e+01   1.0047094524648449e-10   1.6242277810538384e-11
 -2.2849999999999998e+01   1.0047631002720725e-10   1.6239396409266333e-11
 -2.2799999999999997e+01   1.0048173626912947e-10   1.6236482341495831e-11
 -2.2750000000000000e+01   1.0048722468424072e-10   1.6233535236690375e-11
 -2.2699999999999999e+01   1.0049277599293569e-10   1.6230554720110394e-11
 -2.2649999999999999e+01   1.0049839092412876e-10   1.6227540412764858e-11
 -2.2599999999999998e+01   1.0050407021536931e-10   1.6224491931363437e-11
 -2.2549999999999997e+01   1.0050981461294669e-10   1.6221408888267941e-11
 -2.2500000000000000e+01   1.0051562487199467e-10   1.6218290891442874e-11
 -2.2449999999999999e+01   1.0052150175659969e-10   1.6215137544406113e-11
 -2.2399999999999999e+01   1.0052744603991327e-10   1.6211948446178251e-11
 -2.2349999999999998e+01   1.0053345850426358e-10   1.6208723191232016e-11
 -2.2299999999999997e+01   1.0053953994126687e-10   1.6205461369440829e-11
 -2.2250000000000000e+01   1.0054569115194189e-10   1.6202162566026536e-11
 -2.2199999999999999e+01   1.0055191294682674e-10   1.6198826361507342e-11
 -2.2149999999999999e+01   1.0055820614609880e-10   1.6195452331644439e-11
 -2.2099999999999998e+01   1.0056457157969566e-10   1.6192040047388372e-11
 -2.2049999999999997e+01   1.0057101008743637e-10   1.6188589074824584e-11
 -2.2000000000000000e+01   1.0057752251914263e-10   1.6185098975118423e-11
 -2.1949999999999999e+01   1.0058410973476139e-10   1.6181569304459767e-11
 -2.1899999999999999e+01   1.0059077260448885e-10   1.6177999614007300e-11
 -2.1849999999999998e+01   1.0059751200890052e-10   1.6174389449830790e-11
 -2.1799999999999997e+01   1.0060432883908057e-10   1.6170738352854703e-11
 -2.1750000000000000e+01   1.0061122399675325e-10   1.6167045858799670e-11
 -2.1699999999999999e+01   1.0061819839441548e-10   1.6163311498124059e-11
 -2.1649999999999999e+01   1.0062525295547214e-10   1.6159534795964495e-11
 -2.1599999999999998e+01   1.0063238861437254e-10   1.6155715272076131e-11
 -2.1549999999999997e+01   1.0063960631674857e-10   1.6151852440771927e-11
 -2.1500000000000000e+01   1.0064690701955428e-10   1.6147945810861480e-11
 -2.1449999999999999e+01   1.0065429169120760e-10   1.6143994885588964e-11
 -2.1399999999999999e+01   1.0066176131173367e-10   1.6139999162570706e-11
 -2.1349999999999998e+01   1.0066931687291068e-10   1.6135958133731777e-11
 -2.1299999999999997e+01   1.0067695937841753e-10   1.6131871285242236e-11
 -2.1250000000000000e+01   1.0068468984398486e-10   1.6127738097452167e-11
 -2.1199999999999999e+01   1.0069250929754661e-10   1.6123558044826647e-11
 -2.1149999999999999e+01   1.0070041877939379e-10   1.6119330595879480e-11
 -2.1099999999999998e+01   1.0070841934233023e-10   1.6115055213106438e-11
 -2.1049999999999997e+01   1.0071651205183010e-10   1.6110731352917819e-11
 -2.1000000000000000e+01   1.0072469798619769e-10   1.6106358465570243e-11
 -2.0949999999999999e+01   1.0073297823673071e-10   1.6101935995097557e-11
 -2.0899999999999999e+01   1.0074135390788475e-10   1.6097463379241393e-11
 -2.0849999999999998e+01   1.0074982611744054e-10   1.6092940049380502e-11
 -2.0799999999999997e+01   1.0075839599667269e-10   1.6088365430459688e-11
 -2.0750000000000000e+01   1.0076706469052092e-10   1.6083738940917789e-11
 -2.0699999999999999e+01   1.0077583335776403e-10   1.6079059992614981e-11
 -2.0649999999999999e+01   1.0078470317119658e-10   1.6074327990759323e-11
 -2.0599999999999998e+01   1.0079367531780778e-10   1.6069542333832427e-11
 -2.0549999999999997e+01   1.0080275099896240e-10   1.6064702413514410e-11
 -2.0500000000000000e+01   1.0081193143058293e-10   1.6059807614608103e-11
 -2.0449999999999999e+01   1.0082121784333482e-10   1.6054857314962419e-11
 -2.0399999999999999e+01   1.0083061148281584e-10   1.6049850885394763e-11
 -2.0349999999999998e+01   1.0084011360974781e-10   1.6044787689613153e-11
 -2.0299999999999997e+01   1.0084972550017179e-10   1.6039667084136807e-11
 -2.0250000000000000e+01   1.0085944844564474e-10   1.6034488418216370e-11
 -2.0199999999999999e+01   1.0086928375343838e-10   1.6029251033753094e-11
 -2.0149999999999999e+01   1.0087923274674021e-10   1.6023954265217415e-11
 -2.0099999999999998e+01   1.0088929676485805e-10   1.6018597439566622e-11
 -2.0049999999999997e+01   1.0089947716342911e-10   1.6013179876161338e-11
 -2.0000000000000000e+01   1.0090977531463068e-10   1.6007700886681738e-11
 -1.9949999999999999e+01   1.0092019260739316e-10   1.6002159775042454e-11
 -1.9899999999999999e+01   1.0093073044761596e-10   1.5996555837306739e-11
 -1.9849999999999998e+01   1.0094139025838711e-10   1.5990888361599785e-11
 -1.9799999999999997e+01   1.0095217348020631e-10   1.5985156628021312e-11
 -1.9750000000000000e+01   1.0096308157121163e-10   1.5979359908557059e-11
 -1.9699999999999999e+01   1.0097411600740875e-10   1.5973497466989416e-11
 -1.9649999999999999e+01   1.0098527828290310e-10   1.5967568558807122e-11
 -1.9599999999999998e+01   1.0099656991013424e-10   1.5961572431114398e-11
 -1.9549999999999997e+01   1.0100799242011434e-10   1.5955508322538776e-11
 -1.9500000000000000e+01   1.0101954736267088e-10   1.5949375463138226e-11
 -1.9449999999999999e+01   1.0103123630669246e-10   1.5943173074307432e-11
 -1.9399999999999999e+01   1.0104306084037831e-10   1.5936900368682861e-11
 -1.9349999999999998e+01   1.0105502257149017e-10   1.5930556550047372e-11
 -1.9299999999999997e+01   1.0106712312760860e-10   1.5924140813233417e-11
 -1.9250000000000000e+01   1.0107936415639275e-10   1.5917652344025687e-11
 -1.9199999999999999e+01   1.0109174732584408e-10   1.5911090319062677e-11
 -1.9149999999999999e+01   1.0110427432457351e-10   1.5904453905737370e-11
 -1.9099999999999998e+01   1.0111694686207243e-10   1.5897742262096846e-11
 -1.9049999999999997e+01   1.0112976666898737e-10   1.5890954536741177e-11
 -1.9000000000000000e+01   1.0114273549739881e-10   1.5884089868721260e-11
 -1.8949999999999999e+01   1.0115585512110415e-10   1.5877147387435697e-11
 -1.8899999999999999e+01   1.0116912733590460e-10   1.5870126212526802e-11
 -1.8849999999999998e+01   1.0118255395989643e-10   1.5863025453775625e-11
 -1.8799999999999997e+01   1.0119613683376629e-10   1.5855844210995941e-11
 -1.8750000000000000e+01   1.0120987782109022e-10   1.5848581573927614e-11
 -1.8699999999999999e+01   1.0122377880863748e-10   1.5841236622128497e-11
 -1.8649999999999999e+01   1.0123784170667784e-10   1.5833808424866018e-11
 -1.8599999999999998e+01   1.0125206844929395e-10   1.5826296041007262e-11
 -1.8549999999999997e+01   1.0126646099469875e-10   1.5818698518908378e-11
 -1.8500000000000000e+01   1.0128102132555747e-10   1.5811014896303171e-11
 -1.8449999999999999e+01   1.0129575144931406e-10   1.5803244200190528e-11
 -1.8399999999999999e+01   1.0131065339852214e-10   1.5795385446720891e-11
 -1.8349999999999998e+01   1.0132572923117967e-10   1.5787437641081972e-11
 -1.8299999999999997e+01   1.0134098103106850e-10   1.5779399777383559e-11
 -1.8250000000000000e+01   1.0135641090809982e-10   1.5771270838541260e-11
 -1.8199999999999999e+01   1.0137202099866561e-10   1.5763049796159425e-11
 -1.8149999999999999e+01   1.0138781346599462e-10   1.5754735610413158e-11
 -1.8099999999999998e+01   1.0140379050051307e-10   1.5746327229929346e-11
 -1.8049999999999997e+01   1.0141995432020984e-10   1.5737823591666840e-11
 -1.8000000000000000e+01   1.0143630717100696e-10   1.5729223620795861e-11
 -1.7949999999999999e+01   1.0145285132713623e-10   1.5720526230576445e-11
 -1.7899999999999999e+01   1.0146958909152185e-10   1.5711730322236005e-11
 -1.7849999999999998e+01   1.0148652279616784e-10   1.5702834784846106e-11
 -1.7799999999999997e+01   1.0150365480255103e-10   1.5693838495198270e-11
 -1.7750000000000000e+01   1.0152098750201910e-10   1.5684740317679225e-11
 -1.7699999999999999e+01   1.0153852331619551e-10   1.5675539104145029e-11
 -1.7649999999999999e+01   1.0155626469739016e-10   1.5666233693794759e-11
 -1.7600000000000001e+01   1.0157421412901616e-10   1.5656822913043102e-11
 -1.7549999999999997e+01   1.0159237412601269e-10   1.5647305575392237e-11
 -1.7500000000000000e+01   1.0161074723527295e-10   1.5637680481303249e-11
 -1.7449999999999999e+01   1.0162933603607856e-10   1.5627946418066619e-11
 -1.7399999999999999e+01   1.0164814314054093e-10   1.5618102159671943e-11
 -1.7350000000000001e+01   1.0166717119404878e-10   1.5608146466677314e-11
 -1.7299999999999997e+01   1.0168642287572280e-10   1.5598078086077644e-11
 -1.7250000000000000e+01   1.0170590089887633e-10   1.5587895751172755e-11
 -1.7199999999999999e+01   1.0172560801148220e-10   1.5577598181434722e-11
 -1.7149999999999999e+01   1.0174554699664687e-10   1.5567184082374607e-11
 -1.7100000000000001e+01   1.0176572067309116e-10   1.5556652145408815e-11
 -1.7049999999999997e+01   1.0178613189563825e-10   1.5546001047724883e-11
 -1.7000000000000000e+01   1.0180678355570874e-10   1.5535229452146998e-11
 -1.6949999999999999e+01   1.0182767858182326e-10   1.5524336007000882e-11
 -1.6899999999999999e+01   1.0184881994011222e-10   1.5513319345978392e-11
 -1.6850000000000001e+01   1.0187021063483184e-10   1.5502178088002015e-11
 -1.6799999999999997e+01   1.0189185370888797e-10   1.5490910837088800e-11
 -1.6750000000000000e+01   1.0191375224436769e-10   1.5479516182214324e-11
 -1.6699999999999999e+01   1.0193590936307906e-10   1.5467992697176436e-11
 -1.6649999999999999e+01   1.0195832822709867e-10   1.5456338940458797e-11
 -1.6600000000000001e+01   1.0198101203932655e-10   1.5444553455094567e-11
 -1.6549999999999997e+01   1.0200396404404917e-10   1.5432634768529963e-11
 -1.6500000000000000e+01   1.0202718752751021e-10   1.5420581392487969e-11
 -1.6449999999999999e+01   1.0205068581848937e-10   1.5408391822832302e-11
 -1.6399999999999999e+01   1.0207446228888984e-10   1.5396064539431460e-11
 -1.6350000000000001e+01   1.0209852035433414e-10   1.5383598006023215e-11
 -1.6299999999999997e+01   1.0212286347476804e-10   1.5370990670079453e-11
 -1.6250000000000000e+01   1.0214749515507332e-10   1.5358240962671502e-11
 -1.6199999999999999e+01   1.0217241894568927e-10   1.5345347298336065e-11
 -1.6149999999999999e+01   1.0219763844324270e-10   1.5332308074941851e-11
 -1.6100000000000001e+01   1.0222315729118660e-10   1.5319121673556983e-11
 -1.6049999999999997e+01   1.0224897918044837e-10   1.5305786458317110e-11
 -1.6000000000000000e+01   1.0227510785008617e-10   1.5292300776294884e-11
 -1.5949999999999999e+01   1.0230154708795482e-10   1.5278662957370266e-11
 -1.5899999999999999e+01   1.0232830073138113e-10   1.5264871314102126e-11
 -1.5850000000000000e+01   1.0235537266784828e-10   1.5250924141601368e-11
 -1.5799999999999999e+01   1.0238276683568972e-10   1.5236819717405289e-11
 -1.5750000000000000e+01   1.0241048722479211e-10   1.5222556301353974e-11
 -1.5699999999999999e+01   1.0243853787730803e-10   1.5208132135468137e-11
 -1.5649999999999999e+01   1.0246692288837854e-10   1.5193545443829127e-11
 -1.5600000000000000e+01   1.0249564640686550e-10   1.5178794432461044e-11
 -1.5549999999999999e+01   1.0252471263609348e-10   1.5163877289215133e-11
 -1.5500000000000000e+01   1.0255412583460128e-10   1.5148792183656764e-11
 -1.5449999999999999e+01   1.0258389031690347e-10   1.5133537266954952e-11
 -1.5399999999999999e+01   1.0261401045426214e-10   1.5118110671774853e-11
 -1.5350000000000000e+01   1.0264449067546801e-10   1.5102510512173485e-11
 -1.5299999999999999e+01   1.0267533546763225e-10   1.5086734883498611e-11
 -1.5250000000000000e+01   1.0270654937698842e-10   1.5070781862291277e-11
 -1.5199999999999999e+01   1.0273813700970476e-10   1.5054649506192114e-11
 -1.5149999999999999e+01   1.0277010303270616e-10   1.5038335853851852e-11
 -1.5100000000000000e+01   1.0280245217450623e-10   1.5021838924846013e-11
 -1.5049999999999999e+01   1.0283518922604978e-10   1.5005156719594362e-11
 -1.5000000000000000e+01   1.0286831904156561e-10   1.4988287219285265e-11
 -1.4949999999999999e+01   1.0290184653942943e-10   1.4971228385805318e-11
 -1.4899999999999999e+01   1.0293577670303741e-10   1.4953978161674518e-11
 -1.4850000000000000e+01   1.0297011458168973e-10   1.4936534469987430e-11
 -1.4799999999999999e+01   1.0300486529148422e-10   1.4918895214360586e-11
 -1.4750000000000000e+01   1.0304003401622005e-10   1.4901058278886633e-11
 -1.4699999999999999e+01   1.0307562600831138e-10   1.4883021528095513e-11
 -1.4649999999999999e+01   1.0311164658971139e-10   1.4864782806923158e-11
 -1.4600000000000000e+01   1.0314810115284589e-10   1.4846339940688190e-11
 -1.4549999999999999e+01   1.0318499516155707e-10   1.4827690735076914e-11
 -1.4500000000000000e+01   1.0322233415205672e-10   1.4808832976137365e-11
 -1.4449999999999999e+01   1.0326012373388944e-10   1.4789764430282618e-11
 -1.4400000000000000e+01   1.0329836959090508e-10   1.4770482844304083e-11
 -1.4350000000000000e+01   1.0333707748224013e-10   1.4750985945395453e-11
 -1.4299999999999999e+01   1.0337625324330853e-10   1.4731271441187463e-11
 -1.4250000000000000e+01   1.0341590278680115e-10   1.4711337019794619e-11
 -1.4199999999999999e+01   1.0345603210369373e-10   1.4691180349874231e-11
 -1.4150000000000000e+01   1.0349664726426333e-10   1.4670799080698486e-11
 -1.4100000000000000e+01   1.0353775441911305e-10   1.4650190842240233e-11
 -1.4049999999999999e+01   1.0357935980020434e-10   1.4629353245273382e-11
 -1.4000000000000000e+01   1.0362146972189669e-10   1.4608283881488606e-11
 -1.3949999999999999e+01   1.0366409058199407e-10   1.4586980323625147e-11
 -1.3900000000000000e+01   1.0370722886279839e-10   1.4565440125619647e-11
 -1.3850000000000000e+01   1.0375089113216850e-10   1.4543660822772934e-11
 -1.3799999999999999e+01   1.0379508404458505e-10   1.4521639931935715e-11
 -1.3750000000000000e+01   1.0383981434222014e-10   1.4499374951714136e-11
 -1.3699999999999999e+01   1.0388508885601167e-10   1.4476863362696368e-11
 -1.3650000000000000e+01   1.0393091450674140e-10   1.4454102627701152e-11
 -1.3600000000000000e+01   1.0397729830611623e-10   1.4431090192049770e-11
 -1.3549999999999999e+01   1.0402424735785194e-10   1.4407823483862300e-11
 -1.3500000000000000e+01   1.0407176885875833e-10   1.4384299914379854e-11
 -1.3449999999999999e+01   1.0411987009982491e-10   1.4360516878313768e-11
 -1.3400000000000000e+01   1.0416855846730621e-10   1.4336471754223451e-11
 -1.3350000000000000e+01   1.0421784144380608e-10   1.4312161904924262e-11
 -1.3299999999999999e+01   1.0426772660935932e-10   1.4287584677927092e-11
 -1.3250000000000000e+01   1.0431822164250993e-10   1.4262737405911149e-11
 -1.3199999999999999e+01   1.0436933432138492e-10   1.4237617407231821e-11
 -1.3150000000000000e+01   1.0442107252476178e-10   1.4212221986465477e-11
 -1.3100000000000000e+01   1.0447344423312827e-10   1.4186548434992990e-11
 -1.3049999999999999e+01   1.0452645752973292e-10   1.4160594031624204e-11
 -1.3000000000000000e+01   1.0458012060162500e-10   1.4134356043265286e-11
 -1.2949999999999999e+01   1.0463444174068203e-10   1.4107831725631375e-11
 -1.2900000000000000e+01   1.0468942934462290e-10   1.4081018324006766e-11
 -1.2850000000000000e+01   1.0474509191800447e-10   1.4053913074055237e-11
 -1.2799999999999999e+01   1.0480143807319940e-10   1.4026513202683032e-11
 -1.2750000000000000e+01   1.0485847653135319e-10   1.3998815928957390e-11
 -1.2699999999999999e+01   1.0491621612331775e-10   1.3970818465083367e-11
 -1.2650000000000000e+01   1.0497466579055908e-10   1.3942518017442181e-11
 -1.2600000000000000e+01   1.0503383458603623e-10   1.3913911787694183e-11
 -1.2549999999999999e+01   1.0509373167504825e-10   1.3884996973949931e-11
 -1.2500000000000000e+01   1.0515436633604616e-10   1.3855770772012873e-11
 -1.2449999999999999e+01   1.0521574796140643e-10   1.3826230376697510e-11
 -1.2400000000000000e+01   1.0527788605816225e-10   1.3796372983226962e-11
 -1.2350000000000000e+01   1.0534079024868868e-10   1.3766195788714218e-11
 -1.2299999999999999e+01   1.0540447027133774e-10   1.3735695993731326e-11
 -1.2250000000000000e+01   1.0546893598101917e-10   1.3704870803971390e-11
 -1.2199999999999999e+01   1.0553419734972164e-10   1.3673717432008187e-11
 -1.2150000000000000e+01   1.0560026446696952e-10   1.3642233099158692e-11
 -1.2100000000000000e+01   1.0566714754020964e-10   1.3610415037453925e-11
 -1.2049999999999999e+01   1.0573485689512285e-10   1.3578260491723936e-11
 -1.2000000000000000e+01   1.0580340297585414e-10   1.3545766721803116e-11
 -1.1949999999999999e+01   1.0587279634515436e-10   1.3512931004862270e-11
 -1.1900000000000000e+01   1.0594304768442708e-10   1.3479750637874241e-11
 -1.1850000000000000e+01   1.0601416779367295e-10   1.3446222940220334e-11
 -1.1799999999999999e+01   1.0608616759132378e-10   1.3412345256445264e-11
 -1.1750000000000000e+01   1.0615905811395775e-10   1.3378114959168555e-11
 -1.1699999999999999e+01   1.0623285051588685e-10   1.3343529452161088e-11
 -1.1650000000000000e+01   1.0630755606860710e-10   1.3308586173595663e-11
 -1.1600000000000000e+01   1.0638318616010147e-10   1.3273282599481269e-11
 -1.1549999999999999e+01   1.0645975229398441e-10   1.3237616247291100e-11
 -1.1500000000000000e+01   1.0653726608847643e-10   1.3201584679795083e-11
 -1.1449999999999999e+01   1.0661573927519640e-10   1.3165185509108229e-11
 -1.1400000000000000e+01   1.0669518369775870e-10   1.3128416400966725e-11
 -1.1350000000000000e+01   1.0677561131016049e-10   1.3091275079244762e-11
 -1.1299999999999999e+01   1.0685703417494491e-10   1.3053759330725276e-11
 -1.1250000000000000e+01   1.0693946446112364e-10   1.3015867010139114e-11
 -1.1199999999999999e+01   1.0702291444184204e-10   1.2977596045487680e-11
 -1.1150000000000000e+01   1.0710739649176866e-10   1.2938944443665245e-11
 -1.1100000000000000e+01   1.0719292308418995e-10   1.2899910296397863e-11
 -1.1049999999999999e+01   1.0727950678778883e-10   1.2860491786517206e-11
 -1.1000000000000000e+01   1.0736716026308548e-10   1.2820687194588342e-11
 -1.0949999999999999e+01   1.0745589625851673e-10   1.2780494905912099e-11
 -1.0900000000000000e+01   1.0754572760612871e-10   1.2739913417923514e-11
 -1.0850000000000000e+01   1.0763666721685599e-10   1.2698941348009689e-11
 -1.0799999999999999e+01   1.0772872807535831e-10   1.2657577441771421e-11
 -1.0750000000000000e+01   1.0782192323438433e-10   1.2615820581754748e-11
 -1.0699999999999999e+01   1.0791626580862934e-10   1.2573669796680231e-11
 -1.0650000000000000e+01   1.0801176896805192e-10   1.2531124271199489e-11
 -1.0600000000000000e+01   1.0810844593061248e-10   1.2488183356210469e-11
 -1.0549999999999999e+01   1.0820630995439288e-10   1.2444846579764977e-11
 -1.0500000000000000e+01   1.0830537432905493e-10   1.2401113658604199e-11
 -1.0449999999999999e+01   1.0840565236659131e-10   1.2356984510360310e-11
 -1.0400000000000000e+01   1.0850715739131983e-10   1.2312459266464751e-11
 -1.0350000000000000e+01   1.0860990272906881e-10   1.2267538285806522e-11
 -1.0299999999999999e+01   1.0871390169549731e-10   1.2222222169186694e-11
 -1.0250000000000000e+01   1.0881916758348966e-10   1.2176511774618565e-11
 -1.0199999999999999e+01   1.0892571364956009e-10   1.2130408233526146e-11
 -1.0150000000000000e+01   1.0903355309919784e-10   1.2083912967897373e-11
 -1.0100000000000000e+01   1.0914269907107890e-10   1.2037027708452228e-11
 -1.0050000000000001e+01   1.0925316462006458e-10   1.1989754513890307e-11
 -1.0000000000000000e+01   1.0936496269890188e-10   1.1942095791286718e-11
 -9.9499999999999993e+00   1.0947810613853400e-10   1.1894054317710092e-11
 -9.9000000000000004e+00   1.0959260762692314e-10   1.1845633263141862e-11
 -9.8499999999999996e+00   1.0970847968627988e-10   1.1796836214781451e-11
 -9.8000000000000007e+00   1.0982573464858572e-10   1.1747667202828243e-11
 -9.7500000000000000e+00   1.0994438462928733e-10   1.1698130727837753e-11
 -9.6999999999999993e+00   1.1006444149903124e-10   1.1648231789756454e-11
 -9.6500000000000004e+00   1.1018591685329900e-10   1.1597975918747619e-11
 -9.5999999999999996e+00   1.1030882197979124e-10   1.1547369207928663e-11
 -9.5500000000000007e+00   1.1043316782339753e-10   1.1496418348149671e-11
 -9.5000000000000000e+00   1.1055896494857717e-10   1.1445130664952354e-11
 -9.4499999999999993e+00   1.1068622349896184e-10   1.1393514157859495e-11
 -9.4000000000000004e+00   1.1081495315397694e-10   1.1341577542156212e-11
 -9.3499999999999996e+00   1.1094516308226222e-10   1.1289330293336970e-11
 -9.3000000000000007e+00   1.1107686189165507e-10   1.1236782694405731e-11
 -9.2500000000000000e+00   1.1121005757548147e-10   1.1183945886231291e-11
 -9.1999999999999993e+00   1.1134475745487930e-10   1.1130831921175877e-11
 -9.1500000000000004e+00   1.1148096811685648e-10   1.1077453820232362e-11
 -9.1000000000000014e+00   1.1161869534776267e-10   1.1023825633924486e-11
 -9.0500000000000007e+00   1.1175794406182670e-10   1.0969962507244914e-11
 -9.0000000000000000e+00   1.1189871822438456e-10   1.0915880748928462e-11
 -8.9499999999999993e+00   1.1204102076939090e-10   1.0861597905382300e-11
 -8.8999999999999986e+00   1.1218485351077388e-10   1.0807132839621654e-11
 -8.8500000000000014e+00   1.1233021704715680e-10   1.0752505815588570e-11
 -8.8000000000000007e+00   1.1247711065942905e-10   1.0697738588263332e-11
 -8.7500000000000000e+00   1.1262553220060651e-10   1.0642854500012842e-11
 -8.6999999999999993e+00   1.1277547797737250e-10   1.0587878583658456e-11
 -8.6499999999999986e+00   1.1292694262263937e-10   1.0532837672787447e-11
 -8.6000000000000014e+00   1.1307991895841322e-10   1.0477760519878081e-11
 -8.5500000000000007e+00   1.1323439784818209e-10   1.0422677922858383e-11
 -8.5000000000000000e+00   1.1339036803797984e-10   1.0367622860773688e-11
 -8.4499999999999993e+00   1.1354781598520287e-10   1.0312630639298509e-11
 -8.3999999999999986e+00   1.1370672567417476e-10   1.0257739046894559e-11
 -8.3500000000000014e+00   1.1386707841736452e-10   1.0202988522489759e-11
 -8.3000000000000007e+00   1.1402885264106495e-10   1.0148422335633253e-11
 -8.2500000000000000e+00   1.1419202365422903e-10   1.0094086780169810e-11
 -8.1999999999999993e+00   1.1435656339904403e-10   1.0040031382574182e-11
 -8.1499999999999986e+00   1.1452244018169137e-10   9.9863091261932003e-12
 -8.1000000000000014e+00   1.1468961838159640e-10   9.9329766927615937e-12
 -8.0500000000000007e+00   1.1485805813731394e-10   9.8800947226877600e-12
 -8.0000000000000000e+00   1.1502771500702096e-10   9.8277280957495941e-12
 -7.9499999999999993e+00   1.1519853960139522e-10   9.7759462339993091e-12
 -7.8999999999999986e+00   1.1537047718644785e-10   9.7248234288516418e-12
 -7.8500000000000014e+00   1.1554346725364350e-10   9.6744391945235579e-12
 -7.8000000000000007e+00   1.1571744305438459e-10   9.6248786502078567e-12
 -7.7500000000000000e+00   1.1589233109565308e-10   9.5762329335998543e-12
 -7.6999999999999993e+00   1.1606805059328881e-10   9.5285996486580863e-12
 -7.6499999999999986e+00   1.1624451287903974e-10   9.4820833507693537e-12
 -7.6000000000000014e+00   1.1642162075713757e-10   9.4367960728084606e-12
 -7.5500000000000007e+00   1.1659926780573279e-10   9.3928578959364522e-12
 -7.5000000000000000e+00   1.1677733761805931e-10   9.3503975693718563e-12
 -7.4499999999999993e+00   1.1695570297768984e-10   9.3095531838006907e-12
 -7.3999999999999986e+00   1.1713422496167997e-10   9.2704729035668858e-12
 -7.3500000000000014e+00   1.1731275196478169e-10   9.2333157633092388e-12
 -7.3000000000000007e+00   1.1749111863722643e-10   9.1982525352884447e-12
 -7.2500000000000000e+00   1.1766914472783182e-10   9.1654666742822902e-12
 -7.1999999999999993e+00   1.1784663382336966e-10   9.1351553476232259e-12
 -7.1499999999999986e+00   1.1802337197423679e-10   9.1075305587141466e-12
 -7.1000000000000014e+00   1.1819912619549686e-10   9.0828203731892900e-12
 -7.0500000000000007e+00   1.1837364283130049e-10   9.0612702577905344e-12
 -7.0000000000000000e+00   1.1854664576954245e-10   9.0431445430069807e-12
 -6.9499999999999993e+00   1.1871783449237650e-10   9.0287280215782253e-12
 -6.8999999999999986e+00   1.1888688194688282e-10   9.0183276960870018e-12
 -6.8500000000000014e+00   1.1905343221876945e-10   9.0122746900603516e-12
 -6.8000000000000007e+00   1.1921709799050047e-10   9.0109263382511335e-12
 -6.7500000000000000e+00   1.1937745776368773e-10   9.0146684730692061e-12
 -6.6999999999999993e+00   1.1953405282398510e-10   9.0239179254530710e-12
 -6.6499999999999986e+00   1.1968638392510793e-10   9.0391252597877577e-12
 -6.6000000000000014e+00   1.1983390766700763e-10   9.0607777637424770e-12
 -6.5500000000000007e+00   1.1997603254171890e-10   9.0894027150669030e-12
 -6.5000000000000000e+00   1.2011211461902752e-10   9.1255709483764165e-12
 -6.4499999999999993e+00   1.2024145284297976e-10   9.1699007456829250e-12
 -6.3999999999999986e+00   1.2036328390947529e-10   9.2230620747743793e-12
 -6.3500000000000014e+00   1.2047677669490051e-10   9.2857811993724497e-12
 -6.3000000000000007e+00   1.2058102620613532e-10   9.3588456841343024e-12
 -6.2500000000000000e+00   1.2067504702350176e-10   9.4431098158123026e-12
 -6.1999999999999993e+00   1.2075776621055194e-10   9.5395004590195170e-12
 -6.1499999999999986e+00   1.2082801566825622e-10   9.6490233608242871e-12
 -6.1000000000000014e+00   1.2088452391642459e-10   9.7727699125556728e-12
 -6.0500000000000007e+00   1.2092590729234616e-10   9.9119243694779019e-12
 -6.0000000000000000e+00   1.2095066056592208e-10   1.0067771519146506e-11
 -5.9499999999999993e+00   1.2095714698215379e-10   1.0241704777162149e-11
 -5.8999999999999986e+00   1.2094358775569205e-10   1.0435234674771625e-11
 -5.8500000000000014e+00   1.2090805105805096e-10   1.0649997686590571e-11
 -5.8000000000000007e+00   1.2084844055587021e-10   1.0887765328857604e-11
 -5.7500000000000000e+00   1.2076248357812488e-10   1.1150453439271316e-11
 -5.6999999999999993e+00   1.2064771901033030e-10   1.1440131529826118e-11
 -5.6499999999999986e+00   1.2050148503104080e-10   1.1759032087994217e-11
 -5.6000000000000014e+00   1.2032090681533282e-10   1.2109559694420791e-11
 -5.5500000000000007e+00   1.2010288433151250e-10   1.2494299826870246e-11
 -5.5000000000000000e+00   1.1984408036156788e-10   1.2916027218876488e-11
 -5.4499999999999993e+00   1.1954090889116015e-10   1.3377713628516730e-11
 -5.3999999999999986e+00   1.1918952401106074e-10   1.3882534881041385e-11
 -5.3500000000000014e+00   1.1878580937113011e-10   1.4433877163328789e-11
 -5.3000000000000007e+00   1.1832536800769752e-10   1.5035342791288509e-11
 -5.2500000000000000e+00   1.1780351223756928e-10   1.5690755809500075e-11
 -5.1999999999999993e+00   1.1721525366577904e-10   1.6404167391054544e-11
 -5.1499999999999986e+00   1.1655529412174715e-10   1.7179860167260275e-11
 -5.1000000000000014e+00   1.1581801823634542e-10   1.8022350749080839e-11
 -5.0500000000000007e+00   1.1499748566756281e-10   1.8936392699055812e-11
 -5.0000000000000000e+00   1.1408741686288280e-10   1.9926986723772859e-11
 -4.9499999999999993e+00   1.1308116764444157e-10   2.0999403203902166e-11
 -4.8999999999999986e+00   1.1197170213533837e-10   2.2159206347780006e-11
 -4.8500000000000014e+00   1.1075159229989911e-10   2.3412248645262020e-11
 -4.8000000000000007e+00   1.0941306217424148e-10   2.4764616141725148e-11
 -4.7500000000000000e+00   1.0794802587757727e-10   2.6222582139169990e-11
 -4.6999999999999993e+00   1.0634798381716305e-10   2.7792720446790184e-11
 -4.6499999999999986e+00   1.0460368851274043e-10   2.9482274494673631e-11
 -4.6000000000000014e+00   1.0270479358400423e-10   3.1299539094663399e-11
 -4.5500000000000007e+00   1.0064008075584478e-10   3.3253587635547633e-11
 -4.5000000000000000e+00   9.8398732659009038e-11   3.5352829820076680e-11
 -4.4499999999999993e+00   9.5971963858274042e-11   3.7603193003211819e-11
 -4.3999999999999986e+00   9.3352682773852786e-11   4.0008559517750532e-11
 -4.3500000000000014e+00   9.0530794654816622e-11   4.2576128512347126e-11
 -4.3000000000000007e+00   8.7485384654606953e-11   4.5325225026161729e-11
 -4.2500000000000000e+00   8.4181342949348196e-11   4.8290916726004204e-11
 -4.1999999999999993e+00   8.0581135109219762e-11   5.1510325016497819e-11
 -4.1499999999999986e+00   7.6675184099750123e-11   5.4987908470435589e-11
 -4.1000000000000014e+00   7.2516673716195112e-11   5.8656221434101365e-11
 -4.0500000000000007e+00   6.8231276584670418e-11   6.2366014855880548e-11
 -4.0000000000000000e+00   6.3978105098508584e-11   6.5932545616561805e-11
 -3.9499999999999993e+00   5.9871014755336965e-11   6.9226899470142412e-11
 -3.8999999999999986e+00   5.5908265052601531e-11   7.2256373713172995e-11
 -3.8500000000000014e+00   5.1966345840339375e-11   7.5169453666884408e-11
 -3.8000000000000007e+00   4.7872057693318469e-11   7.8169887011098844e-11
 -3.7500000000000000e+00   4.3503241041650323e-11   8.1398578025069484e-11
 -3.6999999999999993e+00   3.8840681663725585e-11   8.4874038671692854e-11
 -3.6500000000000021e+00   3.3934675869758478e-11   8.8533502061855153e-11
 -3.6000000000000014e+00   2.8826367952050078e-11   9.2326585122264551e-11
 -3.5500000000000007e+00   2.3501634550870169e-11   9.6269427676696484e-11
 -3.5000000000000000e+00   1.7914413097652504e-11   1.0041613810119652e-10
 -3.4499999999999993e+00   1.2040355151761944e-11   1.0479468843788748e-10
 -3.4000000000000021e+00   5.8942387511917098e-12   1.0938671752215773e-10
 -3.3500000000000014e+00  -5.0493136169742693e-13   1.1417001760048134e-10
 -3.3000000000000007e+00  -7.1710870613617363e-12   1.1916323967715618e-10
 -3.2500000000000000e+00  -1.4140329670022560e-11   1.2441246449726101e-10
 -3.1999999999999993e+00  -2.1427363705985651e-11   1.2993832861582698e-10
 -3.1500000000000021e+00  -2.9009704250119971e-11   1.3571737128335024e-10
 -3.1000000000000014e+00  -3.6863717533317717e-11   1.4172668344304348e-10
 -3.0500000000000007e+00  -4.5004207442970306e-11   1.4799253002796315e-10
 -3.0000000000000000e+00  -5.3470022900483378e-11   1.5457231420177796e-10
 -2.9499999999999993e+00  -6.2270561228858208e-11   1.6148843715021861e-10
 -2.9000000000000021e+00  -7.1366450792687686e-11   1.6870494720061127e-10
 -2.8500000000000014e+00  -8.0716431109850356e-11   1.7618678645773699e-10
 -2.8000000000000007e+00  -9.0329700540338514e-11   1.8396566184029311e-10
 -2.7500000000000000e+00  -1.0024725874214697e-10   1.9211640164925415e-10
 -2.6999999999999993e+00  -1.1046968198775259e-10   2.0066563336367768e-10
 -2.6500000000000021e+00  -1.2092943663360383e-10   2.0955719577218702e-10
 -2.6000000000000014e+00  -1.3155357040485358e-10   2.1873312062976692e-10
 -2.5500000000000007e+00  -1.4233619137218371e-10   2.2822734133458753e-10
 -2.5000000000000000e+00  -1.5331484577942888e-10   2.3813535784476393e-10
 -2.4499999999999993e+00  -1.6447154775191650e-10   2.4848569535946642e-10
 -2.4000000000000021e+00  -1.7569255911967799e-10   2.5918754966760895e-10
 -2.3500000000000014e+00  -1.8685278338688025e-10   2.7014229138000038e-10
 -2.3000000000000007e+00  -1.9791640536345806e-10   2.8137747396445842e-10
 -2.2500000000000000e+00  -2.0890696686665496e-10   2.9300770493219323e-10
 -2.1999999999999993e+00  -2.1977235552223841e-10   3.0505345522574315e-10
 -2.1500000000000021e+00  -2.3032807455280161e-10   3.1736321963727624e-10
 -2.1000000000000014e+00  -2.4037129351671441e-10   3.2976751159669295e-10
 -2.0500000000000007e+00  -2.4981927553747777e-10   3.4226902163653194e-10
 -2.0000000000000000e+00  -2.5867128870891309e-10   3.5499135155304447e-10
 -1.9499999999999993e+00  -2.6682749620652472e-10   3.6792592455212940e-10
 -1.9000000000000021e+00  -2.7401338605532928e-10   3.8082094218675776e-10
 -1.8500000000000014e+00  -2.7993436118621745e-10   3.9339456105587772e-10
 -1.8000000000000007e+00  -2.8446236368234772e-10   4.0560011785867439e-10
 -1.7500000000000000e+00  -2.8758665119812687e-10   4.1755734860415002e-10
 -1.6999999999999993e+00  -2.8917780647498036e-10   4.2920674843768522e-10
 -1.6500000000000021e+00  -2.8889547963300254e-10   4.4016244020087628e-10
 -1.6000000000000014e+00  -2.8639627172289132e-10   4.5000712864339310e-10
 -1.5500000000000007e+00  -2.8157450676157278e-10   4.5864989464420962e-10
 -1.5000000000000000e+00  -2.7449432476968902e-10   4.6622987739321809e-10
 -1.4499999999999993e+00  -2.6509290073691071e-10   4.7266175239264043e-10
 -1.4000000000000021e+00  -2.5307850500086211e-10   4.7746102784028918e-10
 -1.3500000000000014e+00  -2.3819790638563758e-10   4.8014352176097832e-10
 -1.3000000000000007e+00  -2.2051978321703665e-10   4.8067636253722894e-10
 -1.2500000000000000e+00  -2.0032982030368648e-10   4.7933214991869776e-10
 -1.1999999999999993e+00  -1.7777150000113201e-10   4.7611942230255216e-10
 -1.1500000000000021e+00  -1.5274362722975654e-10   4.7060022133299014e-10
 -1.1000000000000014e+00  -1.2521653297004879e-10   4.6239758257601977e-10
 -1.0500000000000007e+00  -9.5524634775372219e-11   4.5170289599957412e-10
 -1.0000000000000000e+00  -6.4206379465189795e-11   4.3904789956796838e-10
 -9.4999999999999929e-01  -3.1600499786889947e-11   4.2463682946709141e-10
 -9.0000000000000213e-01   2.2379346564614343e-12   4.0818581730716212e-10
 -8.5000000000000142e-01   3.7189641793146152e-11   3.8951465747041485e-10
 -8.0000000000000071e-01   7.2798270220903875e-11   3.6905207596178743e-10
 -7.5000000000000000e-01   1.0847433176797508e-10   3.4751750122672445e-10
 -6.9999999999999929e-01   1.4389663486076071e-10   3.2521254840057080e-10
 -6.5000000000000213e-01   1.7905219878378657e-10   3.0191970651729746e-10
 -6.0000000000000142e-01   2.1387310909316151e-10   2.7754349674644469e-10
 -5.5000000000000071e-01   2.4799604216299677e-10   2.5257233876003788e-10
 -5.0000000000000000e-01   2.8098271113759500e-10   2.2770033302260688e-10
 -4.4999999999999929e-01   3.1268175489088527e-10   2.0314597913193216e-10
 -4.0000000000000213e-01   3.4322311545733296e-10   1.7862662128346548e-10
 -3.5000000000000142e-01   3.7266264122158261e-10   1.5400835097308070e-10
 -3.0000000000000071e-01   4.0078441635330011e-10   1.2970357145222918e-10
 -2.5000000000000000e-01   4.2732479180384606e-10   1.0626570635665877e-10
 -1.9999999999999929e-01   4.5227323184537165e-10   8.3769134509426149e-11
 -1.5000000000000213e-01   4.7586533593865936e-10   6.1846660040772504e-11
 -1.0000000000000142e-01   4.9823359385918593e-10   4.0316010821323637e-11
 -5.0000000000000711e-02   5.1919539600127978e-10   1.9522770627681810e-11
  0.0000000000000000e+00   5.3869639510983426e-10   0.0000000000000000e+00
